# Time-averaged data for fix myat1
# TimeStep v_kinetic_energy v_potential_energy
390 0.208725 -0.947088
400 1.02651 -0.908315
410 1.25976 -0.795122
420 1.36513 -0.762899
430 1.42172 -0.732686
440 1.46693 -0.704702
450 1.44526 -0.669476
460 1.49813 -0.629408
470 1.45737 -0.595928
480 1.47983 -0.57829
490 1.42776 -0.56695
500 1.45661 -0.568034
510 1.47978 -0.545715
520 1.49974 -0.530923
530 1.46907 -0.516014
540 1.51537 -0.510861
550 1.49925 -0.487901
560 1.52117 -0.481806
570 1.5194 -0.478495
580 1.55312 -0.470344
590 1.53075 -0.4583
600 1.55365 -0.442956
610 1.51811 -0.461594
620 1.51224 -0.44802
630 1.53594 -0.439976
640 1.46166 -0.431674
650 1.49035 -0.423179
660 1.45995 -0.421012
670 1.46057 -0.423393
680 1.47897 -0.414225
690 1.48426 -0.408716
700 1.51545 -0.396018
710 1.53538 -0.39804
720 1.52207 -0.391715
730 1.53511 -0.390069
740 1.53185 -0.394536
750 1.49322 -0.392524
760 1.47464 -0.389847
770 1.43328 -0.380364
780 1.4786 -0.380553
790 1.49766 -0.377504
800 1.4787 -0.378661
810 1.49192 -0.36868
820 1.53394 -0.379203
830 1.50047 -0.367318
840 1.50947 -0.363058
850 1.55687 -0.37078
860 1.47988 -0.36321
870 1.47992 -0.360397
880 1.47212 -0.355105
890 1.51708 -0.348052
900 1.51024 -0.349513
910 1.55163 -0.349309
920 1.52284 -0.341399
930 1.50576 -0.349189
940 1.44186 -0.33796
950 1.48168 -0.337929
960 1.53014 -0.327487
970 1.52394 -0.336699
980 1.47081 -0.324721
990 1.50332 -0.314101
1000 1.48111 -0.317731
1010 1.46538 -0.316603
1020 1.47905 -0.302366
1030 1.52665 -0.30004
1040 1.45079 -0.306207
1050 1.48867 -0.311994
1060 1.51245 -0.306478
1070 1.55084 -0.299613
1080 1.53485 -0.286799
1090 1.54346 -0.301449
1100 1.49916 -0.293737
1110 1.51185 -0.300302
1120 1.51514 -0.308121
1130 1.44337 -0.30865
1140 1.47618 -0.305908
1150 1.47763 -0.309924
1160 1.46105 -0.304426
1170 1.45614 -0.305459
1180 1.48445 -0.294379
1190 1.52589 -0.300406
1200 1.55 -0.299665
1210 1.53223 -0.300721
1220 1.54391 -0.289409
1230 1.52247 -0.290572
1240 1.54184 -0.301967
1250 1.48373 -0.294223
1260 1.46076 -0.287078
1270 1.49849 -0.295718
1280 1.54766 -0.301099
1290 1.46803 -0.290646
1300 1.49797 -0.297461
1310 1.48973 -0.29571
1320 1.49576 -0.286862
1330 1.51608 -0.283746
1340 1.48563 -0.289506
1350 1.46703 -0.282172
1360 1.42546 -0.290991
1370 1.46728 -0.293852
1380 1.47072 -0.294163
1390 1.53563 -0.291485
1400 1.48226 -0.278565
1410 1.50288 -0.286629
1420 1.49022 -0.284617
1430 1.46278 -0.285517
1440 1.46446 -0.28602
1450 1.45014 -0.284296
1460 1.49813 -0.28534
1470 1.49751 -0.288065
1480 1.49686 -0.284484
1490 1.51632 -0.280965
1500 1.54911 -0.284634
1510 1.50114 -0.289697
1520 1.49715 -0.289219
1530 1.52017 -0.283123
1540 1.48641 -0.280717
1550 1.47615 -0.288868
1560 1.44395 -0.278573
1570 1.49406 -0.28502
1580 1.51752 -0.287753
1590 1.51937 -0.285922
1600 1.48838 -0.278752
1610 1.44159 -0.272277
1620 1.52606 -0.27888
1630 1.48215 -0.278726
1640 1.51562 -0.282219
1650 1.48506 -0.278224
1660 1.5003 -0.27836
1670 1.48718 -0.273827
1680 1.4795 -0.268832
1690 1.47432 -0.266563
1700 1.47461 -0.268372
1710 1.43385 -0.275423
1720 1.51859 -0.26152
1730 1.49977 -0.267344
1740 1.49974 -0.270646
1750 1.46871 -0.276074
1760 1.47233 -0.272255
1770 1.53732 -0.26266
1780 1.53346 -0.275277
1790 1.54513 -0.265199
1800 1.54099 -0.272183
1810 1.519 -0.267005
1820 1.47065 -0.270533
1830 1.49957 -0.25703
1840 1.49973 -0.274155
1850 1.50977 -0.258722
1860 1.49763 -0.26405
1870 1.45302 -0.263337
1880 1.40719 -0.266005
1890 1.47824 -0.268348
1900 1.49089 -0.266246
1910 1.50128 -0.267168
1920 1.49554 -0.267944
1930 1.51748 -0.264084
1940 1.52654 -0.268038
1950 1.49612 -0.271761
1960 1.41864 -0.270152
1970 1.48823 -0.271222
1980 1.46277 -0.274164
1990 1.50919 -0.276192
2000 1.55915 -0.272613
2010 1.53514 -0.261285
2020 1.49916 -0.268046
2030 1.50907 -0.261162
2040 1.5122 -0.266027
2050 1.54979 -0.260304
2060 1.47909 -0.249963
2070 1.49782 -0.262447
2080 1.493 -0.265173
2090 1.50157 -0.2568
2100 1.48463 -0.25719
2110 1.50381 -0.258905
2120 1.49592 -0.252697
2130 1.51134 -0.261335
2140 1.47651 -0.25464
2150 1.47321 -0.263151
2160 1.45813 -0.259148
2170 1.45458 -0.257421
2180 1.44472 -0.256683
2190 1.46742 -0.255287
2200 1.48463 -0.243382
2210 1.47335 -0.251182
2220 1.4444 -0.257028
2230 1.45523 -0.26175
2240 1.49408 -0.261709
2250 1.48896 -0.265478
2260 1.48821 -0.264722
2270 1.51574 -0.258521
2280 1.4956 -0.252779
2290 1.54099 -0.254572
2300 1.54112 -0.258564
2310 1.51973 -0.260592
2320 1.5014 -0.262212
2330 1.50688 -0.240155
2340 1.47132 -0.237543
2350 1.47778 -0.250112
2360 1.47499 -0.255482
2370 1.45417 -0.257362
2380 1.4666 -0.258836
2390 1.47804 -0.259312
2400 1.52196 -0.261706
2410 1.52464 -0.263816
2420 1.53434 -0.27232
2430 1.54041 -0.26552
2440 1.51231 -0.260025
2450 1.51838 -0.271042
2460 1.51798 -0.26992
2470 1.48677 -0.279916
2480 1.49802 -0.279369
2490 1.49861 -0.281823
2500 1.53078 -0.279959
2510 1.4835 -0.273243
2520 1.53203 -0.270782
2530 1.46591 -0.272292
2540 1.47507 -0.269355
2550 1.52756 -0.276614
2560 1.52145 -0.275674
2570 1.52975 -0.271404
2580 1.51871 -0.275607
2590 1.49357 -0.271906
2600 1.49069 -0.268221
2610 1.49201 -0.265979
2620 1.46813 -0.268009
2630 1.45872 -0.258801
2640 1.50743 -0.269082
2650 1.50082 -0.263897
2660 1.49798 -0.26505
2670 1.47661 -0.262828
2680 1.52186 -0.265903
2690 1.53156 -0.266051
2700 1.54416 -0.269022
2710 1.54759 -0.264483
2720 1.50678 -0.265351
2730 1.55557 -0.267552
2740 1.50532 -0.264782
2750 1.50225 -0.266832
2760 1.50417 -0.258798
2770 1.53127 -0.268473
2780 1.53483 -0.268727
2790 1.47255 -0.261085
2800 1.50801 -0.260611
2810 1.54013 -0.264183
2820 1.57601 -0.26359
2830 1.53421 -0.259787
2840 1.52694 -0.263518
2850 1.46749 -0.255934
2860 1.49988 -0.266327
2870 1.46639 -0.269936
2880 1.44743 -0.267092
2890 1.46355 -0.270243
2900 1.46857 -0.270769
2910 1.55054 -0.26647
2920 1.53247 -0.263569
2930 1.53866 -0.267074
2940 1.48353 -0.272025
2950 1.47699 -0.266646
2960 1.50419 -0.264807
2970 1.53642 -0.264692
2980 1.50888 -0.266799
2990 1.53298 -0.266167
3000 1.46913 -0.257554
3010 1.52154 -0.268348
3020 1.52084 -0.267458
3030 1.54108 -0.260334
3040 1.55275 -0.258633
3050 1.51743 -0.261596
3060 1.50172 -0.246521
3070 1.5424 -0.246213
3080 1.51866 -0.249923
3090 1.54935 -0.25269
3100 1.5516 -0.247123
3110 1.4983 -0.249066
3120 1.47511 -0.251143
3130 1.47532 -0.256689
3140 1.5607 -0.255171
3150 1.51866 -0.246744
3160 1.52691 -0.252601
3170 1.53651 -0.250957
3180 1.52478 -0.253472
3190 1.5106 -0.251178
3200 1.52271 -0.257978
3210 1.52296 -0.25622
3220 1.50227 -0.260284
3230 1.51663 -0.252298
3240 1.51594 -0.255932
3250 1.51725 -0.261233
3260 1.47186 -0.255344
3270 1.51836 -0.25903
3280 1.49438 -0.257608
3290 1.47397 -0.256667
3300 1.49535 -0.254261
3310 1.54551 -0.259881
3320 1.48978 -0.255758
3330 1.44702 -0.261763
3340 1.50383 -0.267213
3350 1.4893 -0.251999
3360 1.50547 -0.265259
3370 1.51167 -0.265632
3380 1.50922 -0.262439
3390 1.47659 -0.261295
3400 1.49448 -0.256766
3410 1.48746 -0.256464
3420 1.46668 -0.254023
3430 1.4804 -0.263975
3440 1.50433 -0.255987
3450 1.51789 -0.254703
3460 1.50951 -0.258427
3470 1.54593 -0.259257
3480 1.50853 -0.254009
3490 1.47588 -0.258401
3500 1.46125 -0.263626
3510 1.53295 -0.258537
3520 1.51294 -0.251569
3530 1.5703 -0.254885
3540 1.57354 -0.25434
3550 1.53274 -0.251152
3560 1.52646 -0.242466
3570 1.52155 -0.253634
3580 1.46539 -0.243652
3590 1.47715 -0.239643
3600 1.53559 -0.245016
3610 1.55522 -0.245251
3620 1.53558 -0.243237
3630 1.45522 -0.241189
3640 1.56073 -0.241229
3650 1.55102 -0.238349
3660 1.47803 -0.236204
3670 1.49202 -0.230343
3680 1.45666 -0.233132
3690 1.48844 -0.225087
3700 1.49071 -0.230598
3710 1.49835 -0.23458
3720 1.48978 -0.236046
3730 1.47136 -0.225262
3740 1.48276 -0.227556
3750 1.47403 -0.237065
3760 1.49639 -0.234956
3770 1.50231 -0.227467
3780 1.55392 -0.239182
3790 1.54189 -0.24091
3800 1.49622 -0.228073
3810 1.48951 -0.232343
3820 1.51984 -0.235536
3830 1.5029 -0.241702
3840 1.51861 -0.243461
3850 1.50329 -0.227395
3860 1.51095 -0.234913
3870 1.5627 -0.231148
3880 1.53155 -0.224755
3890 1.49968 -0.233515
3900 1.49038 -0.238864
3910 1.45312 -0.238974
3920 1.47931 -0.236766
3930 1.48909 -0.242466
3940 1.4654 -0.23794
3950 1.47306 -0.238494
3960 1.47625 -0.239666
3970 1.46903 -0.242348
3980 1.47378 -0.23837
3990 1.48403 -0.245515
4000 1.52854 -0.247693
4010 1.51786 -0.248725
4020 1.48565 -0.246256
4030 1.49721 -0.249759
4040 1.4306 -0.245025
4050 1.51198 -0.243398
4060 1.48229 -0.240107
4070 1.52923 -0.23822
4080 1.48785 -0.233115
4090 1.49994 -0.234364
4100 1.53307 -0.230899
4110 1.53012 -0.234728
4120 1.49066 -0.237128
4130 1.50887 -0.238826
4140 1.49999 -0.232881
4150 1.49255 -0.233655
4160 1.51823 -0.238198
4170 1.51611 -0.232031
4180 1.51769 -0.227668
4190 1.51052 -0.223733
4200 1.57307 -0.227734
4210 1.48222 -0.229147
4220 1.51942 -0.215837
4230 1.50822 -0.227831
4240 1.51621 -0.227827
4250 1.50815 -0.234741
4260 1.52363 -0.228823
4270 1.51021 -0.232856
4280 1.56317 -0.228338
4290 1.53858 -0.226525
4300 1.47582 -0.226298
4310 1.453 -0.227428
4320 1.47959 -0.22779
4330 1.46809 -0.229885
4340 1.45632 -0.21849
4350 1.51196 -0.232374
4360 1.52737 -0.236961
4370 1.54982 -0.237679
4380 1.53103 -0.235206
4390 1.51453 -0.229661
4400 1.55139 -0.236347
4410 1.51813 -0.232499
4420 1.5181 -0.216236
4430 1.52187 -0.225475
4440 1.51118 -0.222881
4450 1.51089 -0.223405
4460 1.49267 -0.226176
4470 1.49053 -0.21943
4480 1.47822 -0.222796
4490 1.45698 -0.227424
4500 1.4797 -0.232608
4510 1.49919 -0.229589
4520 1.45858 -0.233096
4530 1.43608 -0.226505
4540 1.48608 -0.23473
4550 1.54694 -0.235376
4560 1.50518 -0.231007
4570 1.5274 -0.232349
4580 1.56055 -0.231728
4590 1.52254 -0.237017
4600 1.55223 -0.235625
4610 1.52974 -0.241395
4620 1.55291 -0.243099
4630 1.54815 -0.233681
4640 1.53206 -0.243026
4650 1.49918 -0.233921
4660 1.48505 -0.234041
4670 1.48963 -0.231985
4680 1.50886 -0.227167
4690 1.4879 -0.236443
4700 1.49615 -0.233841
4710 1.54093 -0.235708
4720 1.48045 -0.223033
4730 1.46807 -0.225821
4740 1.51749 -0.235759
4750 1.50132 -0.2294
4760 1.49028 -0.232067
4770 1.51119 -0.219842
4780 1.53429 -0.229352
4790 1.54697 -0.22879
4800 1.49025 -0.226213
4810 1.52134 -0.22949
4820 1.52698 -0.234585
4830 1.49051 -0.226806
4840 1.43049 -0.23229
4850 1.49305 -0.228287
4860 1.48414 -0.236472
4870 1.49468 -0.224839
4880 1.52855 -0.23304
4890 1.53137 -0.232307
4900 1.55625 -0.234037
4910 1.51008 -0.235625
4920 1.47644 -0.229282
4930 1.48032 -0.239581
4940 1.48276 -0.242597
4950 1.45697 -0.237565
4960 1.47675 -0.232752
4970 1.47524 -0.229537
4980 1.55369 -0.242633
4990 1.54075 -0.239249
5000 1.55076 -0.243515
5010 1.56176 -0.252583
5020 1.474 -0.244754
5030 1.48034 -0.245058
5040 1.46726 -0.248644
5050 1.45918 -0.242851
5060 1.40693 -0.238098
5070 1.48332 -0.235395
5080 1.53142 -0.240004
5090 1.50398 -0.243401
5100 1.47414 -0.240338
5110 1.48643 -0.243488
5120 1.52382 -0.247993
5130 1.46032 -0.243178
5140 1.43573 -0.240087
5150 1.537 -0.243751
5160 1.55466 -0.246853
5170 1.51534 -0.234504
5180 1.49063 -0.240087
5190 1.51874 -0.231849
5200 1.55254 -0.23827
5210 1.52114 -0.240099
5220 1.50871 -0.228818
5230 1.48753 -0.235286
5240 1.57311 -0.232359
5250 1.52662 -0.228232
5260 1.47322 -0.231403
5270 1.52238 -0.2306
5280 1.47604 -0.234402
5290 1.45225 -0.236738
5300 1.52341 -0.238758
5310 1.49988 -0.237104
5320 1.47972 -0.238923
5330 1.54015 -0.24264
5340 1.50123 -0.2376
5350 1.50894 -0.236123
5360 1.4701 -0.236719
5370 1.55079 -0.234203
5380 1.53529 -0.2379
5390 1.50419 -0.227304
5400 1.52906 -0.234688
5410 1.5029 -0.230829
5420 1.50409 -0.22852
5430 1.46977 -0.22206
5440 1.47476 -0.232656
5450 1.46722 -0.2356
5460 1.51936 -0.231319
5470 1.4747 -0.233632
5480 1.46401 -0.234017
5490 1.52833 -0.239411
5500 1.48763 -0.23529
5510 1.50161 -0.229378
5520 1.53625 -0.238836
5530 1.50665 -0.23908
5540 1.51981 -0.232888
5550 1.49572 -0.23491
5560 1.4721 -0.236465
5570 1.53316 -0.240021
5580 1.48247 -0.245655
5590 1.4937 -0.244109
5600 1.48554 -0.234523
5610 1.48441 -0.244016
5620 1.49477 -0.245226
5630 1.48626 -0.235792
5640 1.53631 -0.240291
5650 1.43384 -0.242111
5660 1.51162 -0.243177
5670 1.51404 -0.236964
5680 1.56538 -0.234686
5690 1.51926 -0.238693
5700 1.51926 -0.240709
5710 1.51814 -0.233003
5720 1.51686 -0.233904
5730 1.51044 -0.236191
5740 1.52363 -0.237365
5750 1.52725 -0.230237
5760 1.47357 -0.217331
5770 1.45984 -0.234634
5780 1.51576 -0.23317
5790 1.49539 -0.223366
5800 1.48913 -0.237381
5810 1.45881 -0.237059
5820 1.49612 -0.239464
5830 1.48239 -0.239616
5840 1.49128 -0.221745
5850 1.51418 -0.243923
5860 1.51611 -0.231917
5870 1.52159 -0.240962
5880 1.51531 -0.236895
5890 1.48156 -0.240316
5900 1.48763 -0.237987
5910 1.49854 -0.235399
5920 1.53047 -0.229915
5930 1.52034 -0.231876
5940 1.53548 -0.236835
5950 1.4708 -0.239717
5960 1.46679 -0.238163
5970 1.48236 -0.235304
5980 1.55421 -0.239391
5990 1.46182 -0.228878
6000 1.45997 -0.2355
6010 1.46966 -0.241957
6020 1.55943 -0.236357
6030 1.49625 -0.229652
6040 1.50474 -0.230751
6050 1.5466 -0.241669
6060 1.46473 -0.238886
6070 1.51357 -0.238914
6080 1.4743 -0.238907
6090 1.45734 -0.238051
6100 1.4782 -0.239641
6110 1.4683 -0.234217
6120 1.52791 -0.247372
6130 1.48026 -0.241432
6140 1.47177 -0.238321
6150 1.47256 -0.235457
6160 1.5052 -0.230565
6170 1.47474 -0.234907
6180 1.49566 -0.238036
6190 1.51517 -0.238856
6200 1.50755 -0.242617
6210 1.55489 -0.245203
6220 1.53301 -0.24352
6230 1.50298 -0.243329
6240 1.52879 -0.241429
6250 1.51451 -0.252136
6260 1.51127 -0.248123
6270 1.56721 -0.249634
6280 1.55406 -0.247166
6290 1.54673 -0.243726
6300 1.52092 -0.247451
6310 1.52643 -0.238472
6320 1.5713 -0.23583
6330 1.5867 -0.246453
6340 1.53321 -0.252309
6350 1.54002 -0.250879
6360 1.52728 -0.252981
6370 1.51225 -0.245375
6380 1.53278 -0.24302
6390 1.51014 -0.247608
6400 1.51147 -0.245147
6410 1.5356 -0.241699
6420 1.51217 -0.23782
6430 1.47999 -0.241409
6440 1.49767 -0.243079
6450 1.51797 -0.242649
6460 1.49065 -0.24225
6470 1.49416 -0.241343
6480 1.47478 -0.245816
6490 1.47114 -0.249658
6500 1.46105 -0.240115
6510 1.48542 -0.251323
6520 1.46346 -0.251678
6530 1.51291 -0.255881
6540 1.45686 -0.255461
6550 1.46786 -0.248868
6560 1.52396 -0.247285
6570 1.51382 -0.246414
6580 1.46279 -0.24304
6590 1.47389 -0.244305
6600 1.46245 -0.239331
6610 1.52505 -0.22845
6620 1.46705 -0.251468
6630 1.47246 -0.243126
6640 1.50264 -0.250057
6650 1.52337 -0.24871
6660 1.5073 -0.250297
6670 1.55116 -0.243059
6680 1.49687 -0.248575
6690 1.48135 -0.252873
6700 1.52734 -0.25324
6710 1.45947 -0.25125
6720 1.4925 -0.250407
6730 1.48859 -0.239914
6740 1.48952 -0.245011
6750 1.49526 -0.24438
6760 1.48031 -0.240452
6770 1.43275 -0.240223
6780 1.5336 -0.241022
6790 1.53143 -0.228717
6800 1.47628 -0.239267
6810 1.50266 -0.239397
6820 1.51967 -0.241349
6830 1.56817 -0.240727
6840 1.54099 -0.243142
6850 1.53171 -0.24087
6860 1.51009 -0.232824
6870 1.49039 -0.239078
6880 1.50327 -0.234292
6890 1.52556 -0.24126
6900 1.49216 -0.242039
6910 1.52509 -0.24874
6920 1.53213 -0.246365
6930 1.50598 -0.248211
6940 1.50723 -0.246217
6950 1.5562 -0.245933
6960 1.55023 -0.24413
6970 1.47673 -0.24391
6980 1.47513 -0.241474
6990 1.4769 -0.242659
7000 1.51208 -0.248047
7010 1.46359 -0.246967
7020 1.4707 -0.248936
7030 1.49866 -0.244374
7040 1.56973 -0.2484
7050 1.54618 -0.252307
7060 1.56118 -0.250127
7070 1.49539 -0.243777
7080 1.48495 -0.243415
7090 1.50109 -0.239971
7100 1.46965 -0.245182
7110 1.46239 -0.245731
7120 1.4596 -0.238697
7130 1.47777 -0.239303
7140 1.52801 -0.240734
7150 1.51749 -0.238393
7160 1.50256 -0.240198
7170 1.55334 -0.244703
7180 1.51057 -0.244752
7190 1.51277 -0.250715
7200 1.54657 -0.246116
7210 1.51463 -0.248862
7220 1.51048 -0.247599
7230 1.48875 -0.238446
7240 1.52263 -0.235452
7250 1.4741 -0.237916
7260 1.47631 -0.226628
7270 1.52263 -0.243901
7280 1.53008 -0.238702
7290 1.54694 -0.242149
7300 1.52369 -0.24451
7310 1.50387 -0.230394
7320 1.52243 -0.223877
7330 1.53626 -0.243592
7340 1.52998 -0.240736
7350 1.53142 -0.244602
7360 1.53383 -0.252887
7370 1.50438 -0.25503
7380 1.50042 -0.247874
7390 1.50701 -0.243246
7400 1.53286 -0.248811
7410 1.45854 -0.249739
7420 1.45861 -0.253856
7430 1.46695 -0.250232
7440 1.52041 -0.253555
7450 1.50645 -0.253074
7460 1.50094 -0.251957
7470 1.52819 -0.24793
7480 1.50947 -0.252682
7490 1.50672 -0.255452
7500 1.51399 -0.255787
7510 1.52514 -0.254999
7520 1.53213 -0.255685
7530 1.50208 -0.261117
7540 1.51547 -0.259249
7550 1.50202 -0.260073
7560 1.44008 -0.262833
7570 1.48932 -0.254685
7580 1.4659 -0.263738
7590 1.50298 -0.259787
7600 1.49377 -0.254096
7610 1.50304 -0.25513
7620 1.50813 -0.256038
7630 1.47388 -0.253327
7640 1.53423 -0.249894
7650 1.53346 -0.252784
7660 1.54187 -0.258745
7670 1.50696 -0.2597
7680 1.44225 -0.254178
7690 1.50716 -0.257836
7700 1.45102 -0.255766
7710 1.477 -0.249934
7720 1.47516 -0.253502
7730 1.47989 -0.258953
7740 1.48869 -0.263199
7750 1.50501 -0.258689
7760 1.49245 -0.26086
7770 1.47865 -0.252743
7780 1.47148 -0.263267
7790 1.46677 -0.257059
7800 1.483 -0.269238
7810 1.52593 -0.266457
7820 1.55597 -0.257159
7830 1.51486 -0.261283
7840 1.50588 -0.258601
7850 1.48914 -0.260024
7860 1.49683 -0.267184
7870 1.48064 -0.264518
7880 1.49681 -0.269843
7890 1.49926 -0.257374
7900 1.53166 -0.245183
7910 1.49273 -0.254425
7920 1.52282 -0.260678
7930 1.50363 -0.260003
7940 1.5221 -0.258858
7950 1.45166 -0.253317
7960 1.48694 -0.256101
7970 1.49371 -0.24902
7980 1.4817 -0.254227
7990 1.50504 -0.255952
8000 1.50402 -0.255343
8010 1.48629 -0.263545
8020 1.50044 -0.264611
8030 1.45898 -0.25535
8040 1.50698 -0.254743
8050 1.46893 -0.255406
8060 1.5012 -0.264424
8070 1.54599 -0.261697
8080 1.48291 -0.25722
8090 1.52279 -0.257639
8100 1.47875 -0.261852
8110 1.51225 -0.260463
8120 1.53595 -0.262555
8130 1.53764 -0.260914
8140 1.55618 -0.259078
8150 1.51017 -0.262717
8160 1.49715 -0.260723
8170 1.50666 -0.259371
8180 1.51494 -0.251252
8190 1.46962 -0.253977
8200 1.53401 -0.254476
8210 1.54258 -0.25415
8220 1.53591 -0.24883
8230 1.52223 -0.253251
8240 1.50376 -0.245522
8250 1.52287 -0.249057
8260 1.53367 -0.246045
8270 1.55231 -0.247077
8280 1.48415 -0.250148
8290 1.48988 -0.256588
8300 1.52525 -0.25434
8310 1.47242 -0.253353
8320 1.43953 -0.245554
8330 1.45826 -0.251653
8340 1.49825 -0.255337
8350 1.47648 -0.250953
8360 1.49692 -0.251262
8370 1.51239 -0.250476
8380 1.50251 -0.248308
8390 1.49152 -0.250675
8400 1.48674 -0.243008
8410 1.47438 -0.241678
8420 1.52304 -0.241887
8430 1.49181 -0.232731
8440 1.53799 -0.242856
8450 1.50136 -0.249327
8460 1.50413 -0.244863
8470 1.47676 -0.246624
8480 1.51914 -0.256203
8490 1.5075 -0.252814
8500 1.53044 -0.246518
8510 1.55161 -0.241989
8520 1.49153 -0.240127
8530 1.45838 -0.242782
8540 1.4434 -0.235155
8550 1.47575 -0.240287
8560 1.48761 -0.248087
8570 1.48349 -0.246376
8580 1.46296 -0.236441
8590 1.51543 -0.247541
8600 1.48844 -0.251889
8610 1.4786 -0.250924
8620 1.54307 -0.252949
8630 1.50221 -0.246944
8640 1.53778 -0.248003
8650 1.53206 -0.248712
8660 1.50913 -0.243865
8670 1.50441 -0.246249
8680 1.47955 -0.245285
8690 1.52019 -0.245356
8700 1.50341 -0.242739
8710 1.47905 -0.244101
8720 1.51896 -0.240679
8730 1.53675 -0.227148
8740 1.51372 -0.237578
8750 1.4933 -0.243158
8760 1.46586 -0.236889
8770 1.48724 -0.239479
8780 1.47917 -0.232501
8790 1.48556 -0.236205
8800 1.54732 -0.232559
8810 1.5201 -0.225196
8820 1.47217 -0.225797
8830 1.51736 -0.231228
8840 1.48902 -0.229892
8850 1.50193 -0.228787
8860 1.47786 -0.233583
8870 1.5113 -0.233203
8880 1.49076 -0.237853
8890 1.48469 -0.238112
8900 1.46874 -0.231084
8910 1.45192 -0.237166
8920 1.50513 -0.235065
8930 1.46979 -0.230853
8940 1.5063 -0.235229
8950 1.51386 -0.236928
8960 1.53507 -0.235012
8970 1.48356 -0.23883
8980 1.53485 -0.238721
8990 1.56289 -0.228742
9000 1.55027 -0.230568
9010 1.51535 -0.23193
9020 1.54798 -0.230983
9030 1.51484 -0.236687
9040 1.51282 -0.23424
9050 1.48647 -0.235852
9060 1.50658 -0.234673
9070 1.52361 -0.229658
9080 1.5044 -0.236856
9090 1.48065 -0.240211
9100 1.42122 -0.238576
9110 1.42915 -0.236695
9120 1.47344 -0.238915
9130 1.4893 -0.239062
9140 1.52947 -0.241629
9150 1.6068 -0.240508
9160 1.53073 -0.245299
9170 1.48385 -0.241719
9180 1.44509 -0.242221
9190 1.44774 -0.241622
9200 1.53462 -0.241858
9210 1.51158 -0.245337
9220 1.5164 -0.250253
9230 1.55897 -0.242482
9240 1.53046 -0.240753
9250 1.4783 -0.248523
9260 1.47285 -0.255927
9270 1.44941 -0.253838
9280 1.50843 -0.2553
9290 1.50254 -0.258356
9300 1.4728 -0.259763
9310 1.50583 -0.260902
9320 1.55917 -0.262391
9330 1.53929 -0.258027
9340 1.50471 -0.254234
9350 1.53542 -0.256144
9360 1.5334 -0.253486
9370 1.51226 -0.261603
9380 1.47228 -0.26165
9390 1.54058 -0.254623
9400 1.49556 -0.259873
9410 1.49432 -0.26035
9420 1.50622 -0.260007
9430 1.47906 -0.265394
9440 1.50439 -0.267047
9450 1.48527 -0.259861
9460 1.51868 -0.258584
9470 1.53116 -0.258464
9480 1.52005 -0.254906
9490 1.47083 -0.2519
9500 1.4826 -0.254198
9510 1.5071 -0.253488
9520 1.48187 -0.254021
9530 1.50508 -0.249753
9540 1.47186 -0.246968
9550 1.40066 -0.247424
9560 1.49448 -0.255774
9570 1.48746 -0.258584
9580 1.49134 -0.256771
9590 1.46547 -0.255914
9600 1.48678 -0.253657
9610 1.53589 -0.251766
9620 1.47629 -0.253305
9630 1.4658 -0.254529
9640 1.47567 -0.256392
9650 1.48927 -0.254552
9660 1.51699 -0.256046
9670 1.48102 -0.258409
9680 1.43598 -0.256628
9690 1.483 -0.254772
9700 1.51344 -0.256711
9710 1.52273 -0.256816
9720 1.49957 -0.247439
9730 1.48648 -0.238733
9740 1.52227 -0.251894
9750 1.49879 -0.251456
9760 1.49097 -0.248672
9770 1.45771 -0.246975
9780 1.51216 -0.246887
9790 1.51223 -0.247587
9800 1.53041 -0.239698
9810 1.52294 -0.249894
9820 1.5053 -0.252045
9830 1.52397 -0.251675
9840 1.53314 -0.248811
9850 1.49906 -0.235601
9860 1.48384 -0.245086
9870 1.50282 -0.23989
9880 1.5349 -0.230283
9890 1.53954 -0.241831
9900 1.52385 -0.246203
9910 1.49627 -0.240259
9920 1.51354 -0.244084
9930 1.52362 -0.240008
9940 1.50282 -0.243291
9950 1.48654 -0.244411
9960 1.45877 -0.239443
9970 1.48836 -0.23649
9980 1.50142 -0.248434
9990 1.51124 -0.241593
10000 1.47859 -0.236791
10010 1.54549 -0.245915
10020 1.53385 -0.245491
10030 1.52202 -0.232307
10040 1.53088 -0.243258
10050 1.46646 -0.242036
10060 1.53339 -0.240275
10070 1.46756 -0.240596
10080 1.56341 -0.244675
10090 1.55923 -0.241063
10100 1.49894 -0.243202
10110 1.49924 -0.240617
10120 1.52051 -0.237181
10130 1.54804 -0.240053
10140 1.5169 -0.240183
10150 1.51119 -0.242035
10160 1.51341 -0.241531
10170 1.53251 -0.239491
10180 1.47556 -0.233337
10190 1.48864 -0.240742
10200 1.47158 -0.244775
10210 1.44811 -0.245509
10220 1.46726 -0.246399
10230 1.50599 -0.248144
10240 1.54561 -0.246962
10250 1.55216 -0.242574
10260 1.50674 -0.234367
10270 1.50332 -0.235097
10280 1.49581 -0.241333
10290 1.49542 -0.2461
10300 1.45304 -0.244826
10310 1.48715 -0.244694
10320 1.48021 -0.245194
10330 1.50542 -0.24458
10340 1.49594 -0.239493
10350 1.52122 -0.239905
10360 1.53787 -0.2445
10370 1.54968 -0.245705
10380 1.50373 -0.244115
