# Time-averaged data for fix myat1
# TimeStep v_xave v_xdes
13000100 8.22493 8
13000200 8.29614 8
13000300 8.19546 8
13000400 7.94772 8
13000500 7.80536 8
13000600 8.00422 8
13000700 8.15578 8
13000800 7.97836 8
13000900 7.85957 8
13001000 8.01595 8
13001100 8.15757 8
13001200 8.17707 8
13001300 8.00749 8
13001400 8.15337 8
13001500 8.08305 8
13001600 7.77595 8
13001700 7.82776 8
13001800 7.99602 8
13001900 7.92445 8
13002000 7.7914 8
13002100 7.66076 8
13002200 7.71365 8
13002300 7.77278 8
13002400 8.07868 8
13002500 8.09536 8
13002600 8.08554 8
13002700 8.10558 8
13002800 7.9857 8
13002900 7.98596 8
13003000 7.94041 8
13003100 8.23689 8
13003200 8.73745 8
13003300 9.08429 8
13003400 9.23723 8
13003500 9.16879 8
13003600 8.67186 8
13003700 8.39148 8
13003800 8.19217 8
13003900 8.28601 8
13004000 8.38183 8
13004100 8.38847 8
13004200 8.35758 8
13004300 8.54104 8
13004400 8.59936 8
13004500 8.30493 8
13004600 8.36869 8
13004700 8.42289 8
13004800 8.47011 8
13004900 8.44288 8
13005000 7.92746 8
13005100 7.7093 8
13005200 7.67934 8
13005300 7.49588 8
13005400 7.42232 8
13005500 7.61606 8
13005600 8.10853 8
13005700 8.46221 8
13005800 8.26392 8
13005900 8.35879 8
13006000 8.40466 8
13006100 8.44181 8
13006200 8.30411 8
13006300 8.2526 8
13006400 8.03752 8
13006500 7.76967 8
13006600 7.64944 8
13006700 7.68101 8
13006800 7.6094 8
13006900 7.65974 8
13007000 7.50256 8
13007100 7.32964 8
13007200 7.25159 8
13007300 7.53701 8
13007400 7.80923 8
13007500 8.01738 8
13007600 8.17613 8
13007700 8.25143 8
13007800 8.54904 8
13007900 8.68912 8
13008000 8.3708 8
13008100 7.98223 8
13008200 7.68452 8
13008300 7.56368 8
13008400 7.56004 8
13008500 7.83274 8
13008600 8.06662 8
13008700 8.09404 8
13008800 8.20745 8
13008900 8.03267 8
13009000 7.97997 8
13009100 7.70476 8
13009200 7.60592 8
13009300 7.97342 8
13009400 8.11356 8
13009500 7.89543 8
13009600 7.53844 8
13009700 7.53244 8
13009800 7.16937 8
13009900 7.36815 8
13010000 7.78807 8
13010100 8.13565 8
13010200 8.33052 8
13010300 8.34153 8
13010400 8.1212 8
13010500 8.25641 8
13010600 8.0891 8
13010700 8.07869 8
13010800 7.88953 8
13010900 7.60674 8
13011000 7.63453 8
13011100 7.71107 8
13011200 8.01758 8
13011300 8.37626 8
13011400 8.56748 8
13011500 8.63974 8
13011600 8.84584 8
13011700 8.74855 8
13011800 8.65199 8
13011900 8.29256 8
13012000 7.94683 8
13012100 8.06374 8
13012200 8.01847 8
13012300 7.94122 8
13012400 7.83851 8
13012500 7.89013 8
13012600 7.88039 8
13012700 7.75784 8
13012800 7.73526 8
13012900 7.7931 8
13013000 7.8562 8
13013100 8.0244 8
13013200 8.27671 8
13013300 8.29481 8
13013400 8.15388 8
13013500 7.88218 8
13013600 7.89801 8
13013700 8.25933 8
13013800 8.23568 8
13013900 8.0716 8
13014000 8.02314 8
13014100 8.19585 8
13014200 8.30795 8
13014300 8.39516 8
13014400 8.4217 8
13014500 8.3367 8
13014600 8.49899 8
13014700 8.61643 8
13014800 8.59949 8
13014900 8.72819 8
13015000 8.82976 8
13015100 8.89122 8
13015200 8.59624 8
13015300 8.09374 8
13015400 7.70138 8
13015500 7.73166 8
13015600 7.95558 8
13015700 8.18869 8
13015800 8.26865 8
13015900 8.16036 8
13016000 8.27668 8
13016100 8.51356 8
13016200 8.73167 8
13016300 8.70459 8
13016400 8.47312 8
13016500 8.25043 8
13016600 8.13495 8
13016700 8.19028 8
13016800 8.34108 8
13016900 8.37768 8
13017000 8.06342 8
13017100 7.95902 8
13017200 7.67646 8
13017300 7.49135 8
13017400 7.74718 8
13017500 7.73004 8
13017600 7.59752 8
13017700 7.6038 8
13017800 7.84049 8
13017900 7.9763 8
13018000 8.08657 8
13018100 8.19232 8
13018200 8.13362 8
13018300 8.17055 8
13018400 7.95676 8
13018500 7.77263 8
13018600 7.69271 8
13018700 7.52861 8
13018800 7.69243 8
13018900 7.7826 8
13019000 7.89491 8
13019100 8.01718 8
13019200 8.19625 8
13019300 8.45018 8
13019400 8.31477 8
13019500 8.38629 8
13019600 8.07477 8
13019700 7.89589 8
13019800 7.96473 8
13019900 8.08531 8
13020000 8.01574 8
13020100 7.78551 8
13020200 7.66295 8
13020300 7.97945 8
13020400 8.03844 8
13020500 8.22079 8
13020600 8.1697 8
13020700 8.00054 8
13020800 7.85251 8
13020900 7.67734 8
13021000 7.8067 8
13021100 7.89312 8
13021200 7.89285 8
13021300 8.26072 8
13021400 8.57872 8
13021500 8.64937 8
13021600 8.53459 8
13021700 7.98157 8
13021800 7.71204 8
13021900 7.93766 8
13022000 8.27423 8
13022100 8.65127 8
13022200 8.79952 8
13022300 8.79976 8
13022400 8.88486 8
13022500 8.67845 8
13022600 8.47273 8
13022700 8.37772 8
13022800 8.15317 8
13022900 8.11142 8
13023000 8.2126 8
13023100 8.18143 8
13023200 8.24635 8
13023300 8.4432 8
13023400 8.54614 8
13023500 8.28768 8
13023600 8.16446 8
13023700 8.13946 8
13023800 8.34696 8
13023900 8.38493 8
13024000 8.47705 8
13024100 8.40061 8
13024200 8.18575 8
13024300 8.02132 8
13024400 7.90373 8
13024500 7.59593 8
13024600 7.48741 8
13024700 7.42221 8
13024800 7.88943 8
13024900 8.15214 8
13025000 8.00425 8
13025100 7.83892 8
13025200 7.88962 8
13025300 7.82021 8
13025400 7.90884 8
13025500 8.06613 8
13025600 8.34019 8
13025700 8.59412 8
13025800 8.86322 8
13025900 8.76488 8
13026000 8.58208 8
13026100 8.86992 8
13026200 8.89432 8
13026300 8.44451 8
13026400 8.11139 8
13026500 7.79796 8
13026600 7.76917 8
13026700 8.24123 8
13026800 8.2072 8
13026900 8.03873 8
13027000 7.95819 8
13027100 8.00309 8
13027200 8.23526 8
13027300 8.30887 8
13027400 8.49193 8
13027500 8.54103 8
13027600 8.22584 8
13027700 8.33486 8
13027800 8.62522 8
13027900 8.49355 8
13028000 8.336 8
13028100 8.1363 8
13028200 7.86576 8
13028300 7.90859 8
13028400 7.9266 8
13028500 7.665 8
13028600 7.4164 8
13028700 7.54602 8
13028800 7.52482 8
13028900 7.91746 8
13029000 8.29984 8
13029100 8.30573 8
13029200 7.87688 8
13029300 7.53767 8
13029400 7.87669 8
13029500 8.03281 8
13029600 8.25983 8
13029700 8.19097 8
13029800 8.25643 8
13029900 8.37757 8
13030000 8.33821 8
13030100 8.32543 8
13030200 7.89846 8
13030300 7.84606 8
13030400 8.09064 8
13030500 8.12297 8
13030600 7.88698 8
13030700 7.69789 8
13030800 7.64363 8
13030900 8.00892 8
13031000 8.05252 8
13031100 8.25048 8
13031200 8.27401 8
13031300 8.46079 8
13031400 8.87535 8
13031500 8.7491 8
13031600 8.64987 8
13031700 8.53054 8
13031800 8.22802 8
13031900 8.05634 8
13032000 8.11827 8
13032100 8.18546 8
13032200 8.03505 8
13032300 7.70152 8
13032400 7.67529 8
13032500 7.68404 8
13032600 7.35181 8
13032700 7.43422 8
13032800 7.71138 8
13032900 7.58098 8
13033000 7.34054 8
13033100 7.23327 8
13033200 7.78971 8
13033300 8.22007 8
13033400 8.34823 8
13033500 8.29541 8
13033600 8.41457 8
13033700 8.65831 8
13033800 8.81743 8
13033900 8.28334 8
13034000 8.22515 8
13034100 8.22028 8
13034200 8.02088 8
13034300 7.67903 8
13034400 7.3825 8
13034500 7.70632 8
13034600 8.31927 8
13034700 8.51601 8
13034800 8.51249 8
13034900 8.50783 8
13035000 8.64106 8
13035100 8.63109 8
13035200 8.17841 8
13035300 7.96511 8
13035400 8.02163 8
13035500 8.0294 8
13035600 8.06184 8
13035700 7.96007 8
13035800 8.29931 8
13035900 8.49603 8
13036000 8.24872 8
13036100 8.00165 8
13036200 8.20697 8
13036300 8.11345 8
13036400 8.09892 8
13036500 8.12379 8
13036600 8.0683 8
13036700 8.1718 8
13036800 8.38607 8
13036900 8.4004 8
13037000 8.52286 8
13037100 8.1707 8
13037200 7.95677 8
13037300 7.82718 8
13037400 7.71846 8
13037500 7.61256 8
13037600 7.38492 8
13037700 7.43472 8
13037800 7.7125 8
13037900 7.71015 8
13038000 8.05342 8
13038100 8.24883 8
13038200 8.33311 8
13038300 8.63091 8
13038400 8.90329 8
13038500 8.6568 8
13038600 8.3655 8
13038700 8.33524 8
13038800 8.05698 8
13038900 8.00097 8
13039000 8.08381 8
13039100 8.2346 8
13039200 8.2924 8
13039300 8.15382 8
13039400 8.15086 8
13039500 8.29525 8
13039600 8.5478 8
13039700 8.33433 8
13039800 8.14614 8
13039900 8.07307 8
13040000 8.02901 8
13040100 7.86652 8
13040200 7.9933 8
13040300 8.1123 8
13040400 7.96637 8
13040500 8.16496 8
13040600 8.08977 8
13040700 7.94813 8
13040800 8.31783 8
13040900 8.60358 8
13041000 8.72744 8
13041100 8.85089 8
13041200 8.53495 8
13041300 8.17968 8
13041400 8.37596 8
13041500 8.41534 8
13041600 8.44515 8
13041700 8.19251 8
13041800 8.00597 8
13041900 8.22107 8
13042000 8.18302 8
13042100 7.83505 8
13042200 7.45528 8
13042300 7.69835 8
13042400 8.077 8
13042500 8.28418 8
13042600 8.25356 8
13042700 8.29163 8
13042800 8.15902 8
13042900 7.86766 8
13043000 7.87216 8
13043100 7.82211 8
13043200 7.93008 8
13043300 8.04061 8
13043400 7.77472 8
13043500 7.68261 8
13043600 7.7563 8
13043700 7.92879 8
13043800 7.89486 8
13043900 7.99299 8
13044000 8.06964 8
13044100 8.05692 8
13044200 7.53255 8
13044300 7.54509 8
13044400 7.84235 8
13044500 7.84375 8
13044600 7.52048 8
13044700 7.47105 8
13044800 7.86883 8
13044900 8.1759 8
13045000 8.4657 8
13045100 8.44477 8
13045200 8.44155 8
13045300 8.42236 8
13045400 8.48777 8
13045500 8.24374 8
13045600 8.16561 8
13045700 8.18075 8
13045800 8.08636 8
13045900 7.87265 8
13046000 7.66746 8
13046100 7.59558 8
13046200 7.75051 8
13046300 7.46454 8
13046400 7.14784 8
13046500 7.39853 8
13046600 7.97504 8
13046700 8.20456 8
13046800 8.19205 8
13046900 8.05358 8
13047000 8.20334 8
13047100 8.23794 8
13047200 8.55944 8
13047300 8.86911 8
13047400 8.53508 8
13047500 8.33435 8
13047600 8.20154 8
13047700 8.21492 8
13047800 8.19444 8
13047900 8.20447 8
13048000 8.07156 8
13048100 7.76663 8
13048200 7.42718 8
13048300 7.68478 8
13048400 7.92907 8
13048500 7.73663 8
13048600 7.8191 8
13048700 7.87006 8
13048800 7.86506 8
13048900 8.0634 8
13049000 8.26381 8
13049100 8.32727 8
13049200 8.77331 8
13049300 9.28029 8
13049400 9.15417 8
13049500 8.81707 8
13049600 8.67592 8
13049700 8.63001 8
13049800 8.52893 8
13049900 8.40045 8
13050000 8.52431 8
13050100 8.713 8
13050200 8.47925 8
13050300 8.16458 8
13050400 7.92832 8
13050500 7.98786 8
13050600 8.08798 8
13050700 8.18375 8
13050800 7.98347 8
13050900 8.07806 8
13051000 8.24818 8
13051100 8.1623 8
13051200 8.16406 8
13051300 8.00613 8
13051400 7.86697 8
13051500 8.1791 8
13051600 8.36961 8
13051700 8.32936 8
13051800 8.48693 8
13051900 8.34668 8
13052000 8.06912 8
13052100 7.86903 8
13052200 7.8597 8
13052300 8.03349 8
13052400 8.13497 8
13052500 8.67992 8
13052600 8.87802 8
13052700 8.32835 8
13052800 7.88957 8
13052900 7.80467 8
13053000 8.00828 8
13053100 7.88715 8
13053200 7.94629 8
13053300 8.07666 8
13053400 7.86521 8
13053500 7.57808 8
13053600 7.87473 8
13053700 8.02853 8
13053800 7.9515 8
13053900 7.74792 8
13054000 7.52411 8
13054100 7.26618 8
13054200 7.57895 8
13054300 7.8304 8
13054400 7.75829 8
13054500 7.6578 8
13054600 7.5282 8
13054700 7.87664 8
13054800 8.19077 8
13054900 8.23097 8
13055000 8.17286 8
13055100 8.31369 8
13055200 8.42667 8
13055300 8.46776 8
13055400 8.36897 8
13055500 8.34003 8
13055600 8.43615 8
13055700 7.99534 8
13055800 7.91948 8
13055900 7.98416 8
13056000 7.97325 8
13056100 7.90644 8
13056200 7.58321 8
13056300 7.48659 8
13056400 7.67877 8
13056500 7.82611 8
13056600 7.83843 8
13056700 7.70817 8
13056800 7.85182 8
13056900 7.98093 8
13057000 8.36932 8
13057100 8.56526 8
13057200 8.33118 8
13057300 8.22697 8
13057400 8.03116 8
13057500 7.96285 8
13057600 7.94052 8
13057700 7.74715 8
13057800 7.49257 8
13057900 7.45645 8
13058000 7.68679 8
13058100 7.46708 8
13058200 7.57352 8
13058300 7.91331 8
13058400 8.04963 8
13058500 8.22701 8
13058600 8.46821 8
13058700 8.57857 8
13058800 8.49735 8
13058900 8.5765 8
13059000 8.84006 8
13059100 8.85368 8
13059200 9.12166 8
13059300 9.32444 8
13059400 9.06307 8
13059500 8.87682 8
13059600 8.65893 8
13059700 8.42006 8
13059800 8.48333 8
13059900 7.92602 8
13060000 7.56716 8
13060100 7.63045 8
13060200 7.81277 8
13060300 7.67168 8
13060400 7.87735 8
13060500 7.91296 8
13060600 7.75507 8
13060700 7.72066 8
13060800 7.95512 8
13060900 8.07725 8
13061000 8.21266 8
13061100 8.14661 8
13061200 7.85148 8
13061300 7.68826 8
13061400 7.87313 8
13061500 8.39261 8
13061600 8.55746 8
13061700 8.40621 8
13061800 8.27883 8
13061900 8.32695 8
13062000 8.16845 8
13062100 7.97375 8
13062200 8.1424 8
13062300 8.12519 8
13062400 7.99228 8
13062500 8.17433 8
13062600 8.46031 8
13062700 8.35483 8
13062800 8.4816 8
13062900 8.58303 8
13063000 8.70143 8
13063100 8.60356 8
13063200 8.42787 8
13063300 8.58228 8
13063400 8.68013 8
13063500 8.85095 8
13063600 8.99885 8
13063700 8.75769 8
13063800 8.70426 8
13063900 8.72498 8
13064000 8.64656 8
13064100 8.34575 8
13064200 8.62617 8
13064300 8.79217 8
13064400 8.58317 8
13064500 8.26545 8
13064600 8.01216 8
13064700 8.03487 8
13064800 7.99083 8
13064900 7.99919 8
13065000 8.11753 8
13065100 8.29113 8
13065200 8.39528 8
13065300 8.39935 8
13065400 8.136 8
13065500 7.87087 8
13065600 7.59808 8
13065700 7.67787 8
13065800 7.9769 8
13065900 8.33036 8
13066000 8.39881 8
13066100 8.32842 8
13066200 8.43546 8
13066300 8.18538 8
13066400 8.03086 8
13066500 8.2085 8
13066600 8.15889 8
13066700 8.24779 8
13066800 8.29007 8
13066900 8.13006 8
13067000 8.29783 8
13067100 8.34158 8
13067200 8.55592 8
13067300 8.77639 8
13067400 8.70954 8
13067500 8.49439 8
13067600 8.00152 8
13067700 8.36527 8
13067800 8.39036 8
13067900 8.04927 8
13068000 8.14108 8
13068100 8.50428 8
13068200 8.52954 8
13068300 8.61678 8
13068400 8.40467 8
13068500 8.00743 8
13068600 7.84153 8
13068700 7.71403 8
13068800 7.95164 8
13068900 8.16151 8
13069000 8.54448 8
13069100 8.78535 8
13069200 8.86692 8
13069300 8.69052 8
13069400 8.43315 8
13069500 8.41865 8
13069600 8.73805 8
13069700 8.87149 8
13069800 8.7769 8
13069900 8.17122 8
13070000 7.66777 8
13070100 7.72525 8
13070200 8.02599 8
13070300 8.20114 8
13070400 8.15195 8
13070500 7.99468 8
13070600 7.93799 8
13070700 7.83466 8
13070800 7.87185 8
13070900 7.96654 8
13071000 8.00771 8
13071100 8.20313 8
13071200 8.40582 8
13071300 8.56746 8
13071400 8.52992 8
13071500 8.44349 8
13071600 8.35974 8
13071700 8.50018 8
13071800 8.41647 8
13071900 8.47001 8
13072000 8.45866 8
13072100 8.44255 8
13072200 8.46727 8
13072300 8.35693 8
13072400 8.18769 8
13072500 8.28418 8
13072600 8.3388 8
13072700 8.1963 8
13072800 8.33801 8
13072900 8.20586 8
13073000 8.10634 8
13073100 7.96199 8
13073200 7.93578 8
13073300 8.08792 8
13073400 8.40786 8
13073500 8.50902 8
13073600 8.2888 8
13073700 7.95694 8
13073800 7.75443 8
13073900 7.79447 8
13074000 7.94773 8
13074100 8.16608 8
13074200 8.44863 8
13074300 8.51582 8
13074400 8.2443 8
13074500 7.9241 8
13074600 7.82636 8
13074700 7.96729 8
13074800 8.08682 8
13074900 8.16106 8
13075000 8.0498 8
13075100 8.26167 8
13075200 8.49077 8
13075300 8.46804 8
13075400 8.21001 8
13075500 7.75575 8
13075600 7.34492 8
13075700 7.22927 8
13075800 7.35961 8
13075900 7.90057 8
13076000 8.18973 8
13076100 8.23026 8
13076200 8.20761 8
13076300 8.11081 8
13076400 7.84198 8
13076500 7.73946 8
13076600 7.77805 8
13076700 7.62441 8
13076800 7.79423 8
13076900 7.75096 8
13077000 7.79293 8
13077100 7.73852 8
13077200 7.53557 8
13077300 7.50311 8
13077400 7.62973 8
13077500 7.31952 8
13077600 7.09466 8
13077700 7.19 8
13077800 7.32455 8
13077900 7.51065 8
13078000 7.59646 8
13078100 7.69861 8
13078200 7.74832 8
13078300 8.02641 8
13078400 8.1864 8
13078500 8.01077 8
13078600 7.94986 8
13078700 8.14534 8
13078800 8.19709 8
13078900 8.13207 8
13079000 8.27538 8
13079100 8.20887 8
13079200 7.9922 8
13079300 8.27882 8
13079400 8.34244 8
13079500 7.97476 8
13079600 8.07331 8
13079700 8.24873 8
13079800 8.0896 8
13079900 7.98728 8
13080000 8.06581 8
13080100 8.02387 8
13080200 7.88139 8
13080300 7.92089 8
13080400 8.17693 8
13080500 8.49308 8
13080600 8.32606 8
13080700 8.42196 8
13080800 8.49161 8
13080900 8.59573 8
13081000 8.46748 8
13081100 8.51931 8
13081200 8.62486 8
13081300 8.58982 8
13081400 8.57809 8
13081500 8.38349 8
13081600 8.19107 8
13081700 8.10204 8
13081800 8.08482 8
13081900 8.25974 8
13082000 8.2914 8
13082100 8.36748 8
13082200 8.59627 8
13082300 8.75566 8
13082400 8.59631 8
13082500 8.41079 8
13082600 8.23215 8
13082700 8.10906 8
13082800 7.83414 8
13082900 7.81654 8
13083000 7.95038 8
13083100 7.83538 8
13083200 7.50781 8
13083300 7.28337 8
13083400 7.07999 8
13083500 7.18197 8
13083600 7.40488 8
13083700 7.66894 8
13083800 7.73357 8
13083900 7.60124 8
13084000 7.82286 8
13084100 7.72009 8
13084200 7.76988 8
13084300 8.25152 8
13084400 8.35612 8
13084500 8.3163 8
13084600 8.00185 8
13084700 7.65334 8
13084800 7.73207 8
13084900 7.86365 8
13085000 7.92843 8
13085100 8.14634 8
13085200 7.97449 8
13085300 7.89473 8
13085400 8.19667 8
13085500 8.38561 8
13085600 8.28028 8
13085700 8.52893 8
13085800 8.74659 8
13085900 8.90847 8
13086000 8.83031 8
13086100 9.01235 8
13086200 8.87685 8
13086300 8.92681 8
13086400 8.69426 8
13086500 8.44642 8
13086600 8.13355 8
13086700 8.04168 8
13086800 8.17103 8
13086900 8.41264 8
13087000 8.48313 8
13087100 8.22136 8
13087200 8.25056 8
13087300 8.15335 8
13087400 8.14567 8
13087500 8.50863 8
13087600 8.43115 8
13087700 8.00767 8
13087800 7.50792 8
13087900 7.53766 8
13088000 7.87498 8
13088100 8.07046 8
13088200 8.07896 8
13088300 8.19121 8
13088400 8.47587 8
13088500 8.40453 8
13088600 7.98988 8
13088700 7.81355 8
13088800 7.76662 8
13088900 7.9719 8
13089000 7.69394 8
13089100 7.42125 8
13089200 7.47213 8
13089300 7.80065 8
13089400 7.95329 8
13089500 7.80854 8
13089600 7.56662 8
13089700 7.48575 8
13089800 7.60324 8
13089900 7.61747 8
13090000 7.63223 8
13090100 7.95714 8
13090200 7.81512 8
13090300 7.65536 8
13090400 7.58865 8
13090500 7.39744 8
13090600 7.29654 8
13090700 7.31077 8
13090800 7.29118 8
13090900 7.44917 8
13091000 7.61025 8
13091100 7.80677 8
13091200 8.17659 8
13091300 8.44304 8
13091400 8.45573 8
13091500 8.51809 8
13091600 8.54297 8
13091700 8.45037 8
13091800 8.47236 8
13091900 8.59397 8
13092000 8.49201 8
13092100 8.20533 8
13092200 8.14021 8
13092300 8.29819 8
13092400 8.71888 8
13092500 8.86442 8
13092600 8.77196 8
13092700 8.67076 8
13092800 8.67958 8
13092900 8.64169 8
13093000 8.53332 8
13093100 8.62569 8
13093200 8.22729 8
13093300 7.88692 8
13093400 8.03845 8
13093500 8.16277 8
13093600 8.2462 8
13093700 8.41556 8
13093800 8.55778 8
13093900 8.72182 8
13094000 8.41715 8
13094100 8.14056 8
13094200 8.17903 8
13094300 8.20318 8
13094400 8.15149 8
13094500 8.25883 8
13094600 8.5571 8
13094700 8.58813 8
13094800 8.70473 8
13094900 8.65435 8
13095000 8.56337 8
13095100 8.42282 8
13095200 8.40801 8
13095300 8.46263 8
13095400 8.6766 8
13095500 8.7616 8
13095600 8.83359 8
13095700 8.88587 8
13095800 8.58987 8
13095900 8.54069 8
13096000 8.74324 8
13096100 8.67095 8
13096200 8.25334 8
13096300 8.16792 8
13096400 8.05267 8
13096500 8.01036 8
13096600 8.01172 8
13096700 7.84437 8
13096800 7.58439 8
13096900 7.49036 8
13097000 7.49813 8
13097100 7.37332 8
13097200 7.70743 8
13097300 7.82928 8
13097400 7.75951 8
13097500 7.56178 8
13097600 7.42604 8
13097700 7.56507 8
13097800 8.03202 8
13097900 7.929 8
13098000 8.04894 8
13098100 8.05369 8
13098200 8.48263 8
13098300 8.83717 8
13098400 8.86535 8
13098500 8.62341 8
13098600 8.10926 8
13098700 7.7268 8
13098800 7.51151 8
13098900 7.4511 8
13099000 7.77349 8
13099100 8.18198 8
13099200 8.63362 8
13099300 8.75431 8
13099400 8.52977 8
13099500 8.44389 8
13099600 8.3541 8
13099700 7.8863 8
13099800 7.88448 8
13099900 8.37526 8
13100000 8.64909 8
13100100 8.93666 8
13100200 8.6891 8
13100300 8.06 8
13100400 7.66645 8
13100500 7.75643 8
13100600 7.98716 8
13100700 7.88194 8
13100800 7.86988 8
13100900 8.13911 8
13101000 8.20009 8
13101100 8.46132 8
13101200 8.59736 8
13101300 8.19762 8
13101400 7.73197 8
13101500 7.84115 8
13101600 8.03299 8
13101700 8.13188 8
13101800 7.8857 8
13101900 7.65255 8
13102000 7.39385 8
13102100 7.34746 8
13102200 7.63862 8
13102300 8.14406 8
13102400 8.36634 8
13102500 8.27282 8
13102600 8.48361 8
13102700 8.57247 8
13102800 8.19297 8
13102900 8.1342 8
13103000 8.12273 8
13103100 7.93755 8
13103200 8.11421 8
13103300 7.88188 8
13103400 7.69474 8
13103500 7.67452 8
13103600 7.78699 8
13103700 8.07935 8
13103800 8.37288 8
13103900 8.34693 8
13104000 8.19245 8
13104100 8.35095 8
13104200 8.23687 8
13104300 8.22876 8
13104400 8.19555 8
13104500 7.97375 8
13104600 7.97195 8
13104700 8.27584 8
13104800 8.46545 8
13104900 8.4597 8
13105000 8.50479 8
13105100 8.56166 8
13105200 8.6204 8
13105300 8.60676 8
13105400 8.38408 8
13105500 8.30411 8
13105600 8.25613 8
13105700 8.34314 8
13105800 8.45802 8
13105900 8.28035 8
13106000 7.77442 8
13106100 8.01973 8
13106200 8.31933 8
13106300 8.54969 8
13106400 8.66121 8
13106500 8.93436 8
13106600 9.25608 8
13106700 9.08281 8
13106800 8.71037 8
13106900 8.4949 8
13107000 8.56601 8
13107100 8.86673 8
13107200 8.86866 8
13107300 8.82411 8
13107400 8.358 8
13107500 8.0874 8
13107600 8.11037 8
13107700 8.28342 8
13107800 8.40978 8
13107900 8.12178 8
13108000 7.80963 8
13108100 8.05465 8
13108200 8.36331 8
13108300 8.26461 8
13108400 8.11196 8
13108500 7.75063 8
13108600 7.91472 8
13108700 8.10548 8
13108800 7.96129 8
13108900 7.58544 8
13109000 7.32651 8
13109100 7.47409 8
13109200 7.74601 8
13109300 8.10446 8
13109400 7.95855 8
13109500 7.8058 8
13109600 7.83453 8
13109700 7.85086 8
13109800 7.78958 8
13109900 7.67215 8
13110000 7.78798 8
13110100 8.03731 8
13110200 8.23205 8
13110300 8.09665 8
13110400 8.02635 8
13110500 8.18553 8
13110600 8.35437 8
13110700 8.16738 8
13110800 8.07821 8
13110900 8.01683 8
13111000 7.97156 8
13111100 8.0053 8
13111200 8.02063 8
13111300 7.99659 8
13111400 8.21584 8
13111500 8.01772 8
13111600 7.9737 8
13111700 8.25566 8
13111800 8.58281 8
13111900 8.90932 8
13112000 8.71497 8
13112100 8.53387 8
13112200 8.50955 8
13112300 8.72215 8
13112400 8.56827 8
13112500 8.63632 8
13112600 8.95553 8
13112700 9.06182 8
13112800 9.05785 8
13112900 8.74787 8
13113000 8.64981 8
13113100 8.64398 8
13113200 8.41434 8
13113300 8.35008 8
13113400 8.31602 8
13113500 8.19568 8
13113600 8.25693 8
13113700 8.39465 8
13113800 8.45033 8
13113900 8.37677 8
13114000 7.91683 8
13114100 8.0448 8
13114200 8.3081 8
13114300 8.16745 8
13114400 8.13792 8
13114500 8.45604 8
13114600 8.1627 8
13114700 8.46321 8
13114800 8.87334 8
13114900 8.77105 8
13115000 8.53384 8
13115100 8.05275 8
13115200 7.90686 8
13115300 8.01702 8
13115400 8.07853 8
13115500 8.33072 8
13115600 8.24273 8
13115700 7.99878 8
13115800 8.26132 8
13115900 8.56371 8
13116000 8.59619 8
13116100 8.25938 8
13116200 7.79205 8
13116300 7.74946 8
13116400 8.2566 8
13116500 8.24596 8
13116600 8.18289 8
13116700 8.36442 8
13116800 8.10584 8
13116900 7.95917 8
13117000 7.94689 8
13117100 8.02021 8
13117200 7.85138 8
13117300 7.68665 8
13117400 7.31642 8
13117500 7.0497 8
13117600 7.2409 8
13117700 7.24602 8
13117800 7.4534 8
13117900 7.73661 8
13118000 7.54573 8
13118100 7.57636 8
13118200 8.03116 8
13118300 8.41214 8
13118400 8.22006 8
13118500 8.10715 8
13118600 8.35781 8
13118700 8.59369 8
13118800 8.54685 8
13118900 8.46345 8
13119000 8.25867 8
13119100 8.23866 8
13119200 8.46838 8
13119300 8.3787 8
13119400 8.16864 8
13119500 8.28106 8
13119600 8.08597 8
13119700 8.06245 8
13119800 7.92845 8
13119900 8.30521 8
13120000 8.78743 8
13120100 8.92808 8
13120200 8.70406 8
13120300 8.21565 8
13120400 8.12642 8
13120500 8.13251 8
13120600 8.03106 8
13120700 7.95385 8
13120800 7.82508 8
13120900 7.6892 8
13121000 7.81602 8
13121100 8.07238 8
13121200 7.9123 8
13121300 7.67657 8
13121400 7.61381 8
13121500 7.36713 8
13121600 7.37231 8
13121700 7.54228 8
13121800 7.52129 8
13121900 7.77634 8
13122000 8.19355 8
13122100 8.34996 8
13122200 8.21598 8
13122300 7.97352 8
13122400 8.04793 8
13122500 8.16853 8
13122600 8.44409 8
13122700 8.35374 8
13122800 8.35599 8
13122900 8.12916 8
13123000 8.20346 8
13123100 8.14008 8
13123200 8.08812 8
13123300 8.32131 8
13123400 8.69339 8
13123500 8.79244 8
13123600 8.63047 8
13123700 8.82939 8
13123800 8.52396 8
13123900 8.03318 8
13124000 8.27946 8
13124100 8.14369 8
13124200 8.2849 8
13124300 8.33594 8
13124400 8.62132 8
13124500 8.7206 8
13124600 8.50259 8
13124700 8.40163 8
13124800 8.73727 8
13124900 8.77944 8
13125000 8.80774 8
13125100 8.67907 8
13125200 8.84092 8
13125300 8.72961 8
13125400 8.3444 8
13125500 8.13895 8
13125600 7.93181 8
13125700 7.54414 8
13125800 7.49501 8
13125900 7.83248 8
13126000 7.89278 8
13126100 7.50794 8
13126200 7.46578 8
13126300 7.49978 8
13126400 7.79562 8
13126500 8.2475 8
13126600 8.51145 8
13126700 8.30252 8
13126800 8.11747 8
13126900 8.29759 8
13127000 8.58982 8
13127100 8.6742 8
13127200 8.66007 8
13127300 8.33792 8
13127400 7.81624 8
13127500 7.82411 8
13127600 7.69436 8
13127700 7.67273 8
13127800 8.01923 8
13127900 8.34972 8
13128000 8.38089 8
13128100 8.57719 8
13128200 8.84441 8
13128300 8.65279 8
13128400 8.41801 8
13128500 8.29506 8
13128600 8.13129 8
13128700 8.03694 8
13128800 7.99995 8
13128900 8.10575 8
13129000 7.98715 8
13129100 7.81697 8
13129200 7.56711 8
13129300 7.55464 8
13129400 7.4718 8
13129500 7.54348 8
13129600 7.76776 8
13129700 7.94119 8
13129800 8.20755 8
13129900 8.70445 8
13130000 9.01446 8
13130100 8.89374 8
13130200 8.41889 8
13130300 8.07901 8
13130400 7.79321 8
13130500 7.79862 8
13130600 7.88287 8
13130700 8.05983 8
13130800 8.32933 8
13130900 8.56443 8
13131000 8.67178 8
13131100 8.96754 8
13131200 8.62869 8
13131300 7.9356 8
13131400 7.68461 8
13131500 7.4272 8
13131600 7.34724 8
13131700 7.5028 8
13131800 7.35461 8
13131900 7.4788 8
13132000 7.81952 8
13132100 8.12294 8
13132200 8.34615 8
13132300 8.21092 8
13132400 7.84029 8
13132500 7.75403 8
13132600 7.83417 8
13132700 7.89722 8
13132800 7.87294 8
13132900 7.89791 8
13133000 8.03627 8
13133100 8.21717 8
13133200 8.25057 8
13133300 8.28377 8
13133400 7.97211 8
13133500 7.78518 8
13133600 7.76381 8
13133700 7.92369 8
13133800 7.95795 8
13133900 7.97132 8
13134000 8.1106 8
13134100 7.9304 8
13134200 8.19369 8
13134300 8.45516 8
13134400 8.33085 8
13134500 8.35701 8
13134600 8.45728 8
13134700 8.30587 8
13134800 8.0578 8
13134900 7.97262 8
13135000 8.03853 8
13135100 8.13561 8
13135200 7.9701 8
13135300 7.69586 8
13135400 7.90144 8
13135500 7.6225 8
13135600 7.54773 8
13135700 7.69279 8
13135800 7.74494 8
13135900 8.08642 8
13136000 8.28707 8
13136100 8.54312 8
13136200 8.90735 8
13136300 8.99064 8
13136400 8.61736 8
13136500 8.47236 8
13136600 8.70532 8
13136700 8.64187 8
13136800 8.34088 8
13136900 8.2717 8
13137000 8.17428 8
13137100 8.1838 8
13137200 8.26406 8
13137300 8.4271 8
13137400 8.55253 8
13137500 8.56397 8
13137600 8.3757 8
13137700 8.06768 8
13137800 8.14617 8
13137900 8.16294 8
13138000 8.20577 8
13138100 7.83661 8
13138200 7.65677 8
13138300 7.7465 8
13138400 8.14709 8
13138500 8.64938 8
13138600 8.70805 8
13138700 8.58761 8
13138800 9.04353 8
13138900 8.83902 8
13139000 8.27812 8
13139100 8.04597 8
13139200 7.74695 8
13139300 7.50649 8
13139400 7.53624 8
13139500 7.56306 8
13139600 7.69804 8
13139700 7.80726 8
13139800 7.78808 8
13139900 7.75667 8
13140000 7.64599 8
13140100 7.63458 8
13140200 7.94498 8
13140300 7.93192 8
13140400 7.72381 8
13140500 7.36392 8
13140600 7.5248 8
13140700 7.77256 8
13140800 7.90922 8
13140900 7.75012 8
13141000 7.47588 8
13141100 7.67983 8
13141200 8.03868 8
13141300 8.20493 8
13141400 8.45873 8
13141500 8.61462 8
13141600 8.32603 8
13141700 7.87791 8
13141800 7.8158 8
13141900 7.69384 8
13142000 7.57438 8
13142100 7.61865 8
13142200 7.9592 8
13142300 7.99451 8
13142400 8.24396 8
13142500 8.24253 8
13142600 8.25035 8
13142700 8.58565 8
13142800 8.69646 8
13142900 8.27336 8
13143000 8.23637 8
13143100 8.26235 8
13143200 8.08027 8
13143300 8.04109 8
13143400 8.44615 8
13143500 8.56557 8
13143600 8.04352 8
13143700 7.84597 8
13143800 7.64438 8
13143900 7.85105 8
13144000 7.95473 8
13144100 8.11247 8
13144200 8.1978 8
13144300 8.01171 8
13144400 8.29538 8
13144500 8.46805 8
13144600 8.57126 8
13144700 8.43559 8
13144800 8.31508 8
13144900 8.47257 8
13145000 8.62203 8
13145100 8.70516 8
13145200 8.4755 8
13145300 8.47174 8
13145400 8.30594 8
13145500 8.19869 8
13145600 8.23507 8
13145700 8.18266 8
13145800 8.15939 8
13145900 8.20469 8
13146000 8.31511 8
13146100 8.33177 8
13146200 7.9526 8
13146300 7.8247 8
13146400 7.70063 8
13146500 7.86584 8
13146600 7.8547 8
13146700 7.90853 8
13146800 8.21707 8
13146900 7.98406 8
13147000 8.00616 8
13147100 8.19773 8
13147200 7.91606 8
13147300 7.92641 8
13147400 7.77724 8
13147500 7.72985 8
13147600 7.72562 8
13147700 7.82479 8
13147800 7.90332 8
13147900 7.95704 8
13148000 8.05429 8
13148100 7.92292 8
13148200 7.82243 8
13148300 8.1193 8
13148400 8.28615 8
13148500 8.28089 8
13148600 8.25526 8
13148700 8.47149 8
13148800 8.55198 8
13148900 8.48474 8
13149000 8.22379 8
13149100 8.15273 8
13149200 8.27495 8
13149300 8.49547 8
13149400 8.59631 8
13149500 8.3531 8
13149600 7.98272 8
13149700 7.87462 8
13149800 7.60535 8
13149900 7.61753 8
13150000 8.02551 8
13150100 8.51454 8
13150200 8.31738 8
13150300 8.04877 8
13150400 7.85121 8
13150500 7.64835 8
13150600 7.53135 8
13150700 7.81039 8
13150800 8.0066 8
13150900 7.99585 8
13151000 8.10268 8
13151100 8.20717 8
13151200 8.2101 8
13151300 8.33758 8
13151400 8.37803 8
13151500 8.53068 8
13151600 8.58481 8
13151700 8.7512 8
13151800 8.81365 8
13151900 8.55914 8
13152000 8.24956 8
13152100 8.5932 8
13152200 8.53002 8
13152300 8.43441 8
13152400 8.52093 8
13152500 8.23254 8
13152600 8.08451 8
13152700 8.15519 8
13152800 8.46872 8
13152900 8.3228 8
13153000 7.92834 8
13153100 7.88875 8
13153200 8.1406 8
13153300 8.42731 8
13153400 8.2422 8
13153500 8.41801 8
13153600 8.64673 8
13153700 8.23519 8
13153800 7.86988 8
13153900 7.78815 8
13154000 7.74585 8
13154100 7.89916 8
13154200 8.24657 8
13154300 8.20866 8
13154400 8.2709 8
13154500 8.52191 8
13154600 8.39281 8
13154700 8.63528 8
13154800 8.69681 8
13154900 8.44962 8
13155000 8.08869 8
13155100 7.87148 8
13155200 7.61005 8
13155300 8.11407 8
13155400 8.47195 8
13155500 8.6357 8
13155600 8.50376 8
13155700 8.46764 8
13155800 8.26458 8
13155900 7.87611 8
13156000 8.15614 8
13156100 8.29684 8
13156200 8.8385 8
13156300 9.0946 8
13156400 8.82355 8
13156500 8.46537 8
13156600 8.13743 8
13156700 8.16807 8
13156800 8.34146 8
13156900 8.30883 8
13157000 8.24953 8
13157100 8.245 8
13157200 8.16507 8
13157300 8.11674 8
13157400 8.34409 8
13157500 8.32033 8
13157600 8.28598 8
13157700 8.58702 8
13157800 8.82077 8
13157900 8.71307 8
13158000 8.54093 8
13158100 8.18123 8
13158200 8.09088 8
13158300 7.88762 8
13158400 7.4909 8
13158500 7.35168 8
13158600 7.88872 8
13158700 8.35758 8
13158800 8.31381 8
13158900 8.21102 8
13159000 8.0903 8
13159100 7.78117 8
13159200 7.87007 8
13159300 7.90147 8
13159400 7.78881 8
13159500 7.78082 8
13159600 7.6855 8
13159700 7.90176 8
13159800 8.16365 8
13159900 8.36682 8
13160000 8.21773 8
13160100 8.50217 8
13160200 8.59305 8
13160300 8.48694 8
13160400 8.547 8
13160500 8.52876 8
13160600 8.35466 8
13160700 8.15512 8
13160800 7.7768 8
13160900 7.71542 8
13161000 7.96653 8
13161100 8.14131 8
13161200 8.23011 8
13161300 8.05586 8
13161400 8.04627 8
13161500 7.95261 8
13161600 7.59634 8
13161700 7.50018 8
13161800 7.6823 8
13161900 7.65814 8
13162000 7.58518 8
13162100 7.74308 8
13162200 7.95909 8
13162300 8.17517 8
13162400 8.24344 8
13162500 8.43616 8
13162600 8.77818 8
13162700 8.8403 8
13162800 8.70287 8
13162900 8.64815 8
13163000 8.62704 8
13163100 8.60299 8
13163200 8.42613 8
13163300 8.05228 8
13163400 7.85096 8
13163500 7.55307 8
13163600 7.52504 8
13163700 7.6321 8
13163800 7.91841 8
13163900 8.04396 8
13164000 8.21552 8
13164100 8.49185 8
13164200 8.81641 8
13164300 8.86078 8
13164400 8.61311 8
13164500 8.54089 8
13164600 8.43149 8
13164700 8.0162 8
13164800 8.24859 8
13164900 8.60317 8
13165000 8.46957 8
13165100 8.23746 8
13165200 8.02462 8
13165300 7.66557 8
13165400 7.80272 8
13165500 7.84408 8
13165600 8.0607 8
13165700 8.25058 8
13165800 8.17854 8
13165900 8.03349 8
13166000 8.07929 8
13166100 7.81062 8
13166200 8.03621 8
13166300 8.08179 8
13166400 7.91746 8
13166500 8.20721 8
13166600 8.24789 8
13166700 8.08164 8
13166800 7.69294 8
13166900 7.40575 8
13167000 7.11893 8
13167100 7.15553 8
13167200 7.6696 8
13167300 7.62537 8
13167400 7.19613 8
13167500 7.28633 8
13167600 7.58219 8
13167700 7.88853 8
13167800 7.75805 8
13167900 7.73778 8
13168000 7.8386 8
13168100 7.81745 8
13168200 7.92178 8
13168300 8.38927 8
13168400 8.30269 8
13168500 8.55478 8
13168600 8.44926 8
13168700 8.3795 8
13168800 8.48989 8
13168900 8.40772 8
13169000 8.52974 8
13169100 8.52401 8
13169200 8.47681 8
13169300 8.53943 8
13169400 8.33184 8
13169500 8.29092 8
13169600 8.35143 8
13169700 8.27099 8
13169800 8.28563 8
13169900 8.60786 8
13170000 8.80641 8
13170100 8.40344 8
13170200 8.19566 8
13170300 8.1417 8
13170400 7.91601 8
13170500 7.68191 8
13170600 7.73926 8
13170700 7.70415 8
13170800 7.73559 8
13170900 7.96988 8
13171000 8.24232 8
13171100 8.32769 8
13171200 8.16838 8
13171300 8.0244 8
13171400 8.18057 8
13171500 8.45874 8
13171600 8.54904 8
13171700 8.15105 8
13171800 7.9619 8
13171900 7.77557 8
13172000 7.6716 8
13172100 7.702 8
13172200 7.7703 8
13172300 7.77367 8
13172400 7.97845 8
13172500 8.01106 8
13172600 8.1979 8
13172700 7.95483 8
13172800 7.85087 8
13172900 7.93811 8
13173000 8.07458 8
13173100 7.897 8
13173200 7.6635 8
13173300 7.44918 8
13173400 7.59867 8
13173500 7.86083 8
13173600 7.92842 8
13173700 8.03445 8
13173800 7.9 8
13173900 7.67362 8
13174000 7.84589 8
13174100 8.07112 8
13174200 7.92181 8
13174300 7.80473 8
13174400 8.05221 8
13174500 8.08467 8
13174600 7.58482 8
13174700 7.56748 8
13174800 7.74712 8
13174900 7.55109 8
13175000 7.69926 8
13175100 8.04682 8
13175200 8.22087 8
13175300 7.99251 8
13175400 7.91151 8
13175500 7.88547 8
13175600 7.90489 8
13175700 7.95712 8
13175800 7.80417 8
13175900 7.79643 8
13176000 8.03573 8
13176100 8.26273 8
13176200 8.34116 8
13176300 8.31155 8
13176400 8.06569 8
13176500 7.80575 8
13176600 7.57991 8
13176700 7.64578 8
13176800 7.90496 8
13176900 8.15532 8
13177000 8.35076 8
13177100 8.66637 8
13177200 8.7436 8
13177300 8.99243 8
13177400 9.02006 8
13177500 8.84674 8
13177600 8.69205 8
13177700 8.52944 8
13177800 8.59713 8
13177900 8.34591 8
13178000 8.13441 8
13178100 8.059 8
13178200 7.66397 8
13178300 7.52514 8
13178400 7.63851 8
13178500 8.00159 8
13178600 8.33717 8
13178700 8.53183 8
13178800 8.53296 8
13178900 8.56755 8
13179000 8.63704 8
13179100 8.49941 8
13179200 8.07384 8
13179300 8.0193 8
13179400 8.54269 8
13179500 8.69252 8
13179600 8.72556 8
13179700 8.68999 8
13179800 8.61416 8
13179900 8.65456 8
13180000 8.99938 8
13180100 8.82134 8
13180200 8.31109 8
13180300 8.36656 8
13180400 8.19461 8
13180500 8.06166 8
13180600 8.12915 8
13180700 8.16925 8
13180800 7.96612 8
13180900 8.24484 8
13181000 8.29527 8
13181100 8.31536 8
13181200 8.24863 8
13181300 8.19788 8
13181400 7.94541 8
13181500 7.83 8
13181600 8.33444 8
13181700 8.64491 8
13181800 9.042 8
13181900 9.08653 8
13182000 9.05422 8
13182100 8.93464 8
13182200 8.71992 8
13182300 8.54498 8
13182400 8.50762 8
13182500 8.41749 8
13182600 8.25357 8
13182700 8.14869 8
13182800 7.62145 8
13182900 7.39893 8
13183000 7.67703 8
13183100 7.96365 8
13183200 7.93953 8
13183300 8.28005 8
13183400 8.61467 8
13183500 8.58036 8
13183600 8.45223 8
13183700 8.10418 8
13183800 8.04076 8
13183900 8.16937 8
13184000 8.08689 8
13184100 7.87647 8
13184200 7.97408 8
13184300 8.30419 8
13184400 8.32594 8
13184500 8.37383 8
13184600 8.44967 8
13184700 8.47328 8
13184800 8.301 8
13184900 8.32145 8
13185000 8.08298 8
13185100 8.06058 8
13185200 8.14742 8
13185300 8.00321 8
13185400 7.52011 8
13185500 7.3012 8
13185600 7.51536 8
13185700 7.9769 8
13185800 8.30218 8
13185900 8.31542 8
13186000 8.1751 8
13186100 8.03312 8
13186200 8.1641 8
13186300 8.18097 8
13186400 7.90727 8
13186500 7.5508 8
13186600 7.31437 8
13186700 7.38287 8
13186800 7.31426 8
13186900 7.44791 8
13187000 7.43922 8
13187100 7.25736 8
13187200 7.14081 8
13187300 7.46352 8
13187400 8.02625 8
13187500 8.0681 8
13187600 7.71549 8
13187700 7.8406 8
13187800 8.04811 8
13187900 8.54476 8
13188000 8.63429 8
13188100 8.44784 8
13188200 8.38365 8
13188300 8.23702 8
13188400 8.13021 8
13188500 8.21427 8
13188600 8.07553 8
13188700 7.93837 8
13188800 8.1537 8
13188900 8.12806 8
13189000 7.97664 8
13189100 8.02193 8
13189200 8.13896 8
13189300 8.20431 8
13189400 8.11376 8
13189500 7.95652 8
13189600 7.8198 8
13189700 7.68264 8
13189800 7.64435 8
13189900 7.80421 8
13190000 8.18154 8
13190100 8.3533 8
13190200 8.19073 8
13190300 7.97993 8
13190400 7.84686 8
13190500 7.84673 8
13190600 7.58021 8
13190700 7.43811 8
13190800 7.30694 8
13190900 7.40061 8
13191000 7.90665 8
13191100 8.00549 8
13191200 8.10669 8
13191300 8.22095 8
13191400 8.12585 8
13191500 8.18221 8
13191600 8.58355 8
13191700 8.63884 8
13191800 8.59439 8
13191900 8.64572 8
13192000 8.46989 8
13192100 8.50734 8
13192200 8.53056 8
13192300 8.25835 8
13192400 7.99044 8
13192500 7.93393 8
13192600 7.67033 8
13192700 7.73651 8
13192800 7.83204 8
13192900 7.77345 8
13193000 8.0042 8
13193100 8.35385 8
13193200 8.44756 8
13193300 8.29378 8
13193400 8.17105 8
13193500 8.36367 8
13193600 8.27105 8
13193700 8.48969 8
13193800 8.63496 8
13193900 8.54934 8
13194000 8.26996 8
13194100 8.10151 8
13194200 8.09268 8
13194300 7.93383 8
13194400 7.91632 8
13194500 7.88662 8
13194600 7.96281 8
13194700 7.92786 8
13194800 7.99889 8
13194900 8.02938 8
13195000 7.85119 8
13195100 7.82527 8
13195200 7.71288 8
13195300 7.73814 8
13195400 7.95928 8
13195500 7.96883 8
13195600 7.99338 8
13195700 8.18805 8
13195800 8.16106 8
13195900 8.15387 8
13196000 8.26004 8
13196100 8.23339 8
13196200 8.31627 8
13196300 8.60712 8
13196400 9.01979 8
13196500 8.82925 8
13196600 8.51688 8
13196700 8.31129 8
13196800 8.29581 8
13196900 8.32737 8
13197000 8.2175 8
13197100 8.0669 8
13197200 7.9408 8
13197300 7.99897 8
13197400 8.21526 8
13197500 8.07572 8
13197600 8.02047 8
13197700 8.15602 8
13197800 8.28286 8
13197900 8.16632 8
13198000 7.89461 8
13198100 7.69125 8
13198200 7.87596 8
13198300 7.9894 8
13198400 8.07127 8
13198500 7.73846 8
13198600 7.82729 8
13198700 7.85659 8
13198800 8.05795 8
13198900 8.30926 8
13199000 8.71352 8
13199100 8.81674 8
13199200 8.48778 8
13199300 8.23624 8
13199400 8.12425 8
13199500 7.86945 8
13199600 7.99752 8
13199700 8.04297 8
13199800 8.44713 8
13199900 8.79568 8
13200000 9.12969 8
