# Time-averaged data for fix myat1
# TimeStep v_xave v_xdes
6200100 -8.4535 -9
6200200 -8.45614 -9
6200300 -8.71906 -9
6200400 -8.86167 -9
6200500 -8.82014 -9
6200600 -8.83656 -9
6200700 -8.99132 -9
6200800 -9.28819 -9
6200900 -9.51928 -9
6201000 -9.77528 -9
6201100 -9.60237 -9
6201200 -9.49819 -9
6201300 -9.13954 -9
6201400 -8.97501 -9
6201500 -8.83472 -9
6201600 -8.86599 -9
6201700 -8.59882 -9
6201800 -8.62937 -9
6201900 -8.87599 -9
6202000 -9.29435 -9
6202100 -9.51679 -9
6202200 -9.88888 -9
6202300 -9.82182 -9
6202400 -9.76441 -9
6202500 -9.30574 -9
6202600 -9.11699 -9
6202700 -9.08969 -9
6202800 -9.43076 -9
6202900 -9.5079 -9
6203000 -9.19499 -9
6203100 -9.0194 -9
6203200 -8.88566 -9
6203300 -8.58874 -9
6203400 -8.38516 -9
6203500 -8.64451 -9
6203600 -9.08237 -9
6203700 -9.38648 -9
6203800 -9.54212 -9
6203900 -9.66189 -9
6204000 -9.23718 -9
6204100 -8.98268 -9
6204200 -8.56789 -9
6204300 -8.57375 -9
6204400 -8.6988 -9
6204500 -8.79726 -9
6204600 -8.88978 -9
6204700 -9.05085 -9
6204800 -9.19312 -9
6204900 -9.34768 -9
6205000 -9.65378 -9
6205100 -9.73336 -9
6205200 -9.88074 -9
6205300 -9.72637 -9
6205400 -9.34835 -9
6205500 -9.00014 -9
6205600 -8.8831 -9
6205700 -8.82514 -9
6205800 -8.72838 -9
6205900 -9.00989 -9
6206000 -9.17025 -9
6206100 -9.1166 -9
6206200 -9.00406 -9
6206300 -8.94131 -9
6206400 -8.95798 -9
6206500 -8.8735 -9
6206600 -9.13556 -9
6206700 -9.24967 -9
6206800 -9.17915 -9
6206900 -8.78023 -9
6207000 -8.35572 -9
6207100 -8.37405 -9
6207200 -8.13393 -9
6207300 -8.06093 -9
6207400 -8.36629 -9
6207500 -8.71109 -9
6207600 -8.90073 -9
6207700 -8.92047 -9
6207800 -8.81427 -9
6207900 -8.83249 -9
6208000 -8.47657 -9
6208100 -8.51015 -9
6208200 -8.68988 -9
6208300 -8.54491 -9
6208400 -9.01647 -9
6208500 -9.23315 -9
6208600 -9.16685 -9
6208700 -9.03382 -9
6208800 -9.01744 -9
6208900 -9.3876 -9
6209000 -9.66754 -9
6209100 -9.38803 -9
6209200 -9.05361 -9
6209300 -8.71502 -9
6209400 -8.48958 -9
6209500 -8.53561 -9
6209600 -8.5923 -9
6209700 -8.60921 -9
6209800 -8.80478 -9
6209900 -8.95619 -9
6210000 -9.52379 -9
6210100 -9.95313 -9
6210200 -10.2593 -9
6210300 -10.2485 -9
6210400 -9.99126 -9
6210500 -9.6598 -9
6210600 -9.56124 -9
6210700 -9.49822 -9
6210800 -9.4163 -9
6210900 -9.63432 -9
6211000 -9.93475 -9
6211100 -9.63217 -9
6211200 -9.62609 -9
6211300 -9.59077 -9
6211400 -9.36788 -9
6211500 -9.6327 -9
6211600 -9.62252 -9
6211700 -9.66808 -9
6211800 -9.41087 -9
6211900 -9.34952 -9
6212000 -9.45225 -9
6212100 -9.24048 -9
6212200 -8.81424 -9
6212300 -8.3833 -9
6212400 -8.35294 -9
6212500 -8.71487 -9
6212600 -9.115 -9
6212700 -8.97775 -9
6212800 -8.97462 -9
6212900 -8.95486 -9
6213000 -9.16128 -9
6213100 -9.43987 -9
6213200 -9.69442 -9
6213300 -9.80307 -9
6213400 -9.72976 -9
6213500 -9.62572 -9
6213600 -9.33157 -9
6213700 -9.10564 -9
6213800 -9.27831 -9
6213900 -9.37379 -9
6214000 -9.76487 -9
6214100 -9.6783 -9
6214200 -9.35498 -9
6214300 -8.98355 -9
6214400 -9.02578 -9
6214500 -9.22316 -9
6214600 -9.39956 -9
6214700 -9.12955 -9
6214800 -9.10274 -9
6214900 -9.30901 -9
6215000 -9.44708 -9
6215100 -9.49213 -9
6215200 -9.56395 -9
6215300 -9.31787 -9
6215400 -8.86626 -9
6215500 -8.94207 -9
6215600 -8.89051 -9
6215700 -9.02803 -9
6215800 -9.70464 -9
6215900 -9.49132 -9
6216000 -9.28592 -9
6216100 -9.34697 -9
6216200 -9.28849 -9
6216300 -9.38543 -9
6216400 -9.27625 -9
6216500 -9.23913 -9
6216600 -9.12576 -9
6216700 -8.99434 -9
6216800 -9.0255 -9
6216900 -8.77344 -9
6217000 -8.44377 -9
6217100 -8.27182 -9
6217200 -8.26919 -9
6217300 -8.31895 -9
6217400 -8.82031 -9
6217500 -9.31363 -9
6217600 -9.58138 -9
6217700 -9.57247 -9
6217800 -9.31752 -9
6217900 -9.05209 -9
6218000 -9.32197 -9
6218100 -9.22372 -9
6218200 -9.10269 -9
6218300 -8.97593 -9
6218400 -8.78883 -9
6218500 -8.36491 -9
6218600 -8.15462 -9
6218700 -8.46378 -9
6218800 -8.5072 -9
6218900 -8.60132 -9
6219000 -8.42995 -9
6219100 -8.74868 -9
6219200 -9.30922 -9
6219300 -9.51066 -9
6219400 -9.48455 -9
6219500 -8.86151 -9
6219600 -8.57218 -9
6219700 -8.71522 -9
6219800 -8.9395 -9
6219900 -9.07245 -9
6220000 -9.00038 -9
6220100 -8.99841 -9
6220200 -9.13392 -9
6220300 -8.98472 -9
6220400 -8.9866 -9
6220500 -9.09818 -9
6220600 -8.75513 -9
6220700 -8.74703 -9
6220800 -8.64647 -9
6220900 -8.38504 -9
6221000 -8.34896 -9
6221100 -8.54479 -9
6221200 -8.75304 -9
6221300 -8.79248 -9
6221400 -8.91425 -9
6221500 -9.05772 -9
6221600 -9.00819 -9
6221700 -9.06197 -9
6221800 -9.37208 -9
6221900 -9.58476 -9
6222000 -9.47519 -9
6222100 -9.26257 -9
6222200 -9.00036 -9
6222300 -9.03745 -9
6222400 -9.01867 -9
6222500 -9.01242 -9
6222600 -8.98416 -9
6222700 -9.12628 -9
6222800 -9.27987 -9
6222900 -9.62937 -9
6223000 -9.58648 -9
6223100 -9.28776 -9
6223200 -9.16624 -9
6223300 -9.16434 -9
6223400 -9.04348 -9
6223500 -8.91809 -9
6223600 -9.0254 -9
6223700 -8.79014 -9
6223800 -8.8298 -9
6223900 -8.98674 -9
6224000 -8.90072 -9
6224100 -9.09052 -9
6224200 -9.61256 -9
6224300 -9.71249 -9
6224400 -9.64413 -9
6224500 -9.4302 -9
6224600 -9.25188 -9
6224700 -8.84838 -9
6224800 -8.6271 -9
6224900 -8.70526 -9
6225000 -8.89028 -9
6225100 -9.20614 -9
6225200 -9.43628 -9
6225300 -9.35133 -9
6225400 -9.1465 -9
6225500 -9.43116 -9
6225600 -9.53094 -9
6225700 -9.25005 -9
6225800 -8.65056 -9
6225900 -8.49764 -9
6226000 -8.57917 -9
6226100 -8.42 -9
6226200 -8.5613 -9
6226300 -8.89481 -9
6226400 -9.20348 -9
6226500 -8.96008 -9
6226600 -8.73266 -9
6226700 -8.7503 -9
6226800 -8.95191 -9
6226900 -9.14551 -9
6227000 -9.05244 -9
6227100 -8.70442 -9
6227200 -8.53025 -9
6227300 -8.76681 -9
6227400 -9.21119 -9
6227500 -9.59535 -9
6227600 -9.3256 -9
6227700 -9.21576 -9
6227800 -9.35318 -9
6227900 -9.2351 -9
6228000 -9.29603 -9
6228100 -9.1863 -9
6228200 -9.09155 -9
6228300 -8.96636 -9
6228400 -8.9136 -9
6228500 -9.11028 -9
6228600 -9.1217 -9
6228700 -9.28935 -9
6228800 -9.1817 -9
6228900 -9.10369 -9
6229000 -9.08521 -9
6229100 -9.31321 -9
6229200 -9.49288 -9
6229300 -9.78456 -9
6229400 -9.55936 -9
6229500 -9.33689 -9
6229600 -9.1708 -9
6229700 -8.96737 -9
6229800 -8.85718 -9
6229900 -8.91533 -9
6230000 -8.9913 -9
6230100 -8.97752 -9
6230200 -8.98585 -9
6230300 -9.0407 -9
6230400 -8.94444 -9
6230500 -9.1919 -9
6230600 -9.53938 -9
6230700 -9.19848 -9
6230800 -8.94295 -9
6230900 -9.02452 -9
6231000 -9.24698 -9
6231100 -9.41577 -9
6231200 -9.41562 -9
6231300 -9.22843 -9
6231400 -9.23885 -9
6231500 -9.27829 -9
6231600 -9.40794 -9
6231700 -9.51296 -9
6231800 -9.36763 -9
6231900 -8.79865 -9
6232000 -8.70277 -9
6232100 -8.81656 -9
6232200 -9.18529 -9
6232300 -9.67252 -9
6232400 -9.87544 -9
6232500 -9.99603 -9
6232600 -10.1218 -9
6232700 -9.85842 -9
6232800 -9.77379 -9
6232900 -9.67791 -9
6233000 -9.66669 -9
6233100 -9.72734 -9
6233200 -9.81047 -9
6233300 -9.43997 -9
6233400 -9.02223 -9
6233500 -8.75849 -9
6233600 -8.70833 -9
6233700 -8.66343 -9
6233800 -8.95667 -9
6233900 -9.14376 -9
6234000 -9.41019 -9
6234100 -9.73596 -9
6234200 -9.41859 -9
6234300 -9.03894 -9
6234400 -8.83282 -9
6234500 -8.77536 -9
6234600 -8.7799 -9
6234700 -8.97724 -9
6234800 -8.85404 -9
6234900 -8.52271 -9
6235000 -8.28961 -9
6235100 -8.55536 -9
6235200 -8.96405 -9
6235300 -9.22024 -9
6235400 -9.10141 -9
6235500 -9.3576 -9
6235600 -9.57632 -9
6235700 -9.63339 -9
6235800 -9.4638 -9
6235900 -9.31075 -9
6236000 -9.0485 -9
6236100 -8.87809 -9
6236200 -8.7407 -9
6236300 -8.67922 -9
6236400 -8.85067 -9
6236500 -9.00165 -9
6236600 -9.03983 -9
6236700 -9.37408 -9
6236800 -9.50368 -9
6236900 -9.20679 -9
6237000 -8.69428 -9
6237100 -8.92038 -9
6237200 -9.21642 -9
6237300 -8.92021 -9
6237400 -8.78584 -9
6237500 -8.69671 -9
6237600 -8.70518 -9
6237700 -9.22079 -9
6237800 -9.46038 -9
6237900 -9.64443 -9
6238000 -9.46803 -9
6238100 -9.52098 -9
6238200 -9.27488 -9
6238300 -9.07638 -9
6238400 -8.9828 -9
6238500 -8.69514 -9
6238600 -8.6635 -9
6238700 -8.79623 -9
6238800 -8.83727 -9
6238900 -8.95676 -9
6239000 -9.09356 -9
6239100 -9.30985 -9
6239200 -9.05392 -9
6239300 -8.61546 -9
6239400 -8.54585 -9
6239500 -8.58596 -9
6239600 -8.84279 -9
6239700 -8.87949 -9
6239800 -9.07411 -9
6239900 -8.80667 -9
6240000 -8.81692 -9
6240100 -8.98477 -9
6240200 -8.88833 -9
6240300 -8.89324 -9
6240400 -9.06888 -9
6240500 -9.11034 -9
6240600 -9.08518 -9
6240700 -9.05105 -9
6240800 -9.12155 -9
6240900 -8.96666 -9
6241000 -8.91237 -9
6241100 -9.05953 -9
6241200 -9.15256 -9
6241300 -9.05389 -9
6241400 -8.88768 -9
6241500 -8.48188 -9
6241600 -8.35349 -9
6241700 -8.48238 -9
6241800 -8.87103 -9
6241900 -9.04065 -9
6242000 -8.95089 -9
6242100 -8.88844 -9
6242200 -9.18224 -9
6242300 -9.28794 -9
6242400 -9.32347 -9
6242500 -9.46839 -9
6242600 -9.38343 -9
6242700 -9.60532 -9
6242800 -9.72741 -9
6242900 -9.38485 -9
6243000 -9.38745 -9
6243100 -9.50514 -9
6243200 -9.38688 -9
6243300 -9.30382 -9
6243400 -9.28019 -9
6243500 -9.70774 -9
6243600 -9.62994 -9
6243700 -9.48981 -9
6243800 -9.365 -9
6243900 -9.5473 -9
6244000 -9.66846 -9
6244100 -9.50318 -9
6244200 -9.13219 -9
6244300 -9.21747 -9
6244400 -9.4189 -9
6244500 -9.38544 -9
6244600 -9.37979 -9
6244700 -9.28114 -9
6244800 -9.09474 -9
6244900 -9.03443 -9
6245000 -8.7729 -9
6245100 -8.60265 -9
6245200 -8.76997 -9
6245300 -8.88884 -9
6245400 -8.90557 -9
6245500 -8.98275 -9
6245600 -9.36021 -9
6245700 -9.52107 -9
6245800 -9.21679 -9
6245900 -8.96527 -9
6246000 -8.69691 -9
6246100 -8.66626 -9
6246200 -8.65573 -9
6246300 -8.58992 -9
6246400 -8.66639 -9
6246500 -8.73896 -9
6246600 -8.91588 -9
6246700 -9.15329 -9
6246800 -9.04253 -9
6246900 -8.68143 -9
6247000 -8.54071 -9
6247100 -8.53658 -9
6247200 -8.57928 -9
6247300 -9.0306 -9
6247400 -9.34273 -9
6247500 -9.45286 -9
6247600 -9.42308 -9
6247700 -9.27973 -9
6247800 -9.38759 -9
6247900 -9.41064 -9
6248000 -9.37428 -9
6248100 -9.39295 -9
6248200 -9.31415 -9
6248300 -9.11308 -9
6248400 -9.16894 -9
6248500 -9.17188 -9
6248600 -8.65112 -9
6248700 -8.38775 -9
6248800 -8.46372 -9
6248900 -8.61604 -9
6249000 -8.70163 -9
6249100 -8.91404 -9
6249200 -9.2128 -9
6249300 -9.53414 -9
6249400 -9.61317 -9
6249500 -9.75258 -9
6249600 -9.44163 -9
6249700 -8.91387 -9
6249800 -8.74117 -9
6249900 -8.94502 -9
6250000 -9.37885 -9
6250100 -9.41848 -9
6250200 -9.3344 -9
6250300 -9.46586 -9
6250400 -9.45682 -9
6250500 -9.28749 -9
6250600 -9.18151 -9
6250700 -9.33475 -9
6250800 -8.84555 -9
6250900 -8.63344 -9
6251000 -8.9662 -9
6251100 -8.88997 -9
6251200 -8.85897 -9
6251300 -8.79728 -9
6251400 -8.81038 -9
6251500 -8.83033 -9
6251600 -9.11504 -9
6251700 -9.17737 -9
6251800 -9.18721 -9
6251900 -9.18523 -9
6252000 -9.12362 -9
6252100 -9.14059 -9
6252200 -8.99301 -9
6252300 -8.81572 -9
6252400 -8.49627 -9
6252500 -8.26408 -9
6252600 -8.1209 -9
6252700 -8.32676 -9
6252800 -8.4508 -9
6252900 -8.58403 -9
6253000 -8.8015 -9
6253100 -9.0901 -9
6253200 -8.90774 -9
6253300 -9.08974 -9
6253400 -9.48692 -9
6253500 -9.37668 -9
6253600 -9.12305 -9
6253700 -9.26399 -9
6253800 -9.33891 -9
6253900 -9.13126 -9
6254000 -8.77617 -9
6254100 -8.75605 -9
6254200 -8.66157 -9
6254300 -8.5825 -9
6254400 -8.86702 -9
6254500 -9.23702 -9
6254600 -9.25604 -9
6254700 -8.95512 -9
6254800 -8.46196 -9
6254900 -8.56068 -9
6255000 -8.99298 -9
6255100 -9.06855 -9
6255200 -9.17958 -9
6255300 -9.24297 -9
6255400 -9.18485 -9
6255500 -9.03927 -9
6255600 -8.79127 -9
6255700 -8.53232 -9
6255800 -8.16548 -9
6255900 -8.08252 -9
6256000 -8.1589 -9
6256100 -8.35903 -9
6256200 -8.56572 -9
6256300 -8.85527 -9
6256400 -9.02935 -9
6256500 -9.1081 -9
6256600 -8.97691 -9
6256700 -8.96496 -9
6256800 -9.03034 -9
6256900 -8.86765 -9
6257000 -8.82995 -9
6257100 -8.91427 -9
6257200 -8.91629 -9
6257300 -9.13484 -9
6257400 -9.14347 -9
6257500 -8.98889 -9
6257600 -8.96054 -9
6257700 -8.95479 -9
6257800 -9.09522 -9
6257900 -9.46168 -9
6258000 -9.39537 -9
6258100 -9.391 -9
6258200 -9.31384 -9
6258300 -9.1279 -9
6258400 -9.04027 -9
6258500 -9.12728 -9
6258600 -9.29578 -9
6258700 -9.52051 -9
6258800 -9.49393 -9
6258900 -9.29225 -9
6259000 -9.28935 -9
6259100 -9.17243 -9
6259200 -9.084 -9
6259300 -9.09294 -9
6259400 -8.88707 -9
6259500 -8.71861 -9
6259600 -8.85007 -9
6259700 -8.62386 -9
6259800 -8.6409 -9
6259900 -8.71377 -9
6260000 -8.72595 -9
6260100 -8.70866 -9
6260200 -8.4471 -9
6260300 -8.31844 -9
6260400 -8.06225 -9
6260500 -7.82118 -9
6260600 -7.95359 -9
6260700 -8.43452 -9
6260800 -8.82008 -9
6260900 -9.02324 -9
6261000 -9.08477 -9
6261100 -8.68412 -9
6261200 -8.38386 -9
6261300 -8.50883 -9
6261400 -8.88866 -9
6261500 -9.1726 -9
6261600 -9.19989 -9
6261700 -9.12747 -9
6261800 -9.07546 -9
6261900 -8.91341 -9
6262000 -8.79664 -9
6262100 -9.15811 -9
6262200 -9.27424 -9
6262300 -9.00926 -9
6262400 -9.06795 -9
6262500 -8.92159 -9
6262600 -8.56305 -9
6262700 -8.30948 -9
6262800 -8.45115 -9
6262900 -8.7834 -9
6263000 -8.99036 -9
6263100 -9.01515 -9
6263200 -8.76376 -9
6263300 -8.56877 -9
6263400 -9.02098 -9
6263500 -9.38053 -9
6263600 -9.66499 -9
6263700 -9.3359 -9
6263800 -9.35202 -9
6263900 -9.85101 -9
6264000 -10.0482 -9
6264100 -10.1732 -9
6264200 -10.4291 -9
6264300 -10.21 -9
6264400 -9.89342 -9
6264500 -9.58891 -9
6264600 -9.36457 -9
6264700 -8.94957 -9
6264800 -8.84914 -9
6264900 -8.8904 -9
6265000 -8.8989 -9
6265100 -8.51648 -9
6265200 -8.19975 -9
6265300 -8.34342 -9
6265400 -8.66543 -9
6265500 -8.80288 -9
6265600 -8.91681 -9
6265700 -9.15175 -9
6265800 -9.43468 -9
6265900 -9.47951 -9
6266000 -9.60694 -9
6266100 -9.38344 -9
6266200 -9.09464 -9
6266300 -9.04295 -9
6266400 -9.04635 -9
6266500 -9.20199 -9
6266600 -9.05554 -9
6266700 -9.2278 -9
6266800 -9.62723 -9
6266900 -9.4059 -9
6267000 -9.04763 -9
6267100 -9.03601 -9
6267200 -9.05214 -9
6267300 -9.07219 -9
6267400 -8.99827 -9
6267500 -9.12499 -9
6267600 -9.11373 -9
6267700 -8.86101 -9
6267800 -8.8322 -9
6267900 -8.96661 -9
6268000 -9.00484 -9
6268100 -9.07951 -9
6268200 -9.06976 -9
6268300 -9.25619 -9
6268400 -9.75894 -9
6268500 -10.0574 -9
6268600 -9.52469 -9
6268700 -9.19225 -9
6268800 -9.25685 -9
6268900 -9.23327 -9
6269000 -9.40977 -9
6269100 -9.36895 -9
6269200 -9.31963 -9
6269300 -9.28687 -9
6269400 -9.22089 -9
6269500 -9.12868 -9
6269600 -9.19914 -9
6269700 -9.24043 -9
6269800 -9.31729 -9
6269900 -9.61232 -9
6270000 -9.91235 -9
6270100 -10.0455 -9
6270200 -9.98379 -9
6270300 -9.67738 -9
6270400 -9.27977 -9
6270500 -9.03174 -9
6270600 -8.62626 -9
6270700 -8.28589 -9
6270800 -8.467 -9
6270900 -8.64754 -9
6271000 -9.02707 -9
6271100 -9.16926 -9
6271200 -9.27672 -9
6271300 -9.19395 -9
6271400 -9.17079 -9
6271500 -9.25353 -9
6271600 -8.89862 -9
6271700 -8.73215 -9
6271800 -8.8092 -9
6271900 -8.87783 -9
6272000 -8.98452 -9
6272100 -9.0021 -9
6272200 -8.92361 -9
6272300 -8.73107 -9
6272400 -9.09974 -9
6272500 -9.64077 -9
6272600 -9.50987 -9
6272700 -9.29901 -9
6272800 -9.3413 -9
6272900 -9.69839 -9
6273000 -9.64175 -9
6273100 -9.54362 -9
6273200 -9.3955 -9
6273300 -9.34211 -9
6273400 -9.01556 -9
6273500 -8.95064 -9
6273600 -8.88551 -9
6273700 -9.14351 -9
6273800 -9.14785 -9
6273900 -9.16802 -9
6274000 -9.2821 -9
6274100 -9.50704 -9
6274200 -9.74478 -9
6274300 -9.82826 -9
6274400 -9.49153 -9
6274500 -9.1039 -9
6274600 -9.00756 -9
6274700 -9.03643 -9
6274800 -9.10824 -9
6274900 -8.81713 -9
6275000 -8.5904 -9
6275100 -8.49758 -9
6275200 -8.4109 -9
6275300 -8.5381 -9
6275400 -8.7125 -9
6275500 -8.613 -9
6275600 -8.5546 -9
6275700 -8.87498 -9
6275800 -8.79252 -9
6275900 -8.82752 -9
6276000 -9.15199 -9
6276100 -9.12785 -9
6276200 -8.98502 -9
6276300 -9.30617 -9
6276400 -9.47843 -9
6276500 -9.31171 -9
6276600 -9.13841 -9
6276700 -8.99573 -9
6276800 -9.23614 -9
6276900 -9.34883 -9
6277000 -9.07724 -9
6277100 -8.89974 -9
6277200 -8.85589 -9
6277300 -9.05401 -9
6277400 -8.90435 -9
6277500 -8.6562 -9
6277600 -8.42539 -9
6277700 -8.37418 -9
6277800 -8.37707 -9
6277900 -8.75005 -9
6278000 -9.07084 -9
6278100 -9.16544 -9
6278200 -9.37699 -9
6278300 -9.31654 -9
6278400 -9.25402 -9
6278500 -8.94709 -9
6278600 -8.94994 -9
6278700 -9.00781 -9
6278800 -9.04944 -9
6278900 -9.11525 -9
6279000 -8.99318 -9
6279100 -9.05356 -9
6279200 -9.05446 -9
6279300 -9.0246 -9
6279400 -8.97176 -9
6279500 -8.83354 -9
6279600 -8.90719 -9
6279700 -8.79625 -9
6279800 -8.83413 -9
6279900 -8.61824 -9
6280000 -8.53402 -9
6280100 -8.58235 -9
6280200 -8.71861 -9
6280300 -8.6015 -9
6280400 -8.55828 -9
6280500 -8.58486 -9
6280600 -8.70495 -9
6280700 -8.71508 -9
6280800 -8.97234 -9
6280900 -8.97484 -9
6281000 -8.8664 -9
6281100 -8.96783 -9
6281200 -8.84532 -9
6281300 -8.6682 -9
6281400 -8.84531 -9
6281500 -8.87756 -9
6281600 -8.92739 -9
6281700 -9.26931 -9
6281800 -9.59465 -9
6281900 -9.66539 -9
6282000 -9.38343 -9
6282100 -9.07966 -9
6282200 -9.31439 -9
6282300 -9.20479 -9
6282400 -9.33871 -9
6282500 -9.61133 -9
6282600 -9.35858 -9
6282700 -9.14421 -9
6282800 -9.13758 -9
6282900 -9.37197 -9
6283000 -9.27039 -9
6283100 -9.00705 -9
6283200 -8.83698 -9
6283300 -8.56707 -9
6283400 -8.52805 -9
6283500 -8.69659 -9
6283600 -9.05842 -9
6283700 -9.55293 -9
6283800 -9.76108 -9
6283900 -9.72781 -9
6284000 -9.37893 -9
6284100 -9.29687 -9
6284200 -9.42557 -9
6284300 -9.5405 -9
6284400 -9.25708 -9
6284500 -9.03498 -9
6284600 -9.12559 -9
6284700 -9.21853 -9
6284800 -9.15064 -9
6284900 -9.13554 -9
6285000 -9.22836 -9
6285100 -9.19874 -9
6285200 -9.01851 -9
6285300 -8.97732 -9
6285400 -8.95628 -9
6285500 -8.85319 -9
6285600 -8.8897 -9
6285700 -8.93739 -9
6285800 -8.82023 -9
6285900 -9.04529 -9
6286000 -8.9977 -9
6286100 -8.97775 -9
6286200 -9.014 -9
6286300 -9.04501 -9
6286400 -9.17248 -9
6286500 -9.26986 -9
6286600 -9.25262 -9
6286700 -9.06572 -9
6286800 -9.3691 -9
6286900 -9.42918 -9
6287000 -9.10275 -9
6287100 -8.76398 -9
6287200 -8.59779 -9
6287300 -8.95691 -9
6287400 -9.30598 -9
6287500 -9.22115 -9
6287600 -8.87364 -9
6287700 -8.95475 -9
6287800 -9.10055 -9
6287900 -9.02091 -9
6288000 -8.93832 -9
6288100 -8.95701 -9
6288200 -9.55238 -9
6288300 -9.75367 -9
6288400 -9.4929 -9
6288500 -8.82664 -9
6288600 -8.72353 -9
6288700 -9.12194 -9
6288800 -9.10439 -9
6288900 -9.12807 -9
6289000 -9.14509 -9
6289100 -8.9525 -9
6289200 -8.88022 -9
6289300 -8.71763 -9
6289400 -8.81545 -9
6289500 -8.81446 -9
6289600 -8.74807 -9
6289700 -8.50456 -9
6289800 -8.5998 -9
6289900 -8.73239 -9
6290000 -8.68665 -9
6290100 -9.04592 -9
6290200 -9.11864 -9
6290300 -8.99184 -9
6290400 -8.85158 -9
6290500 -8.88433 -9
6290600 -8.91429 -9
6290700 -8.35484 -9
6290800 -8.40094 -9
6290900 -8.68772 -9
6291000 -8.81384 -9
6291100 -8.61815 -9
6291200 -8.40479 -9
6291300 -8.28884 -9
6291400 -8.56175 -9
6291500 -8.66172 -9
6291600 -8.9544 -9
6291700 -9.16689 -9
6291800 -9.44012 -9
6291900 -9.67562 -9
6292000 -9.7977 -9
6292100 -10.0343 -9
6292200 -10.093 -9
6292300 -9.79917 -9
6292400 -9.34185 -9
6292500 -8.75607 -9
6292600 -8.6186 -9
6292700 -8.77751 -9
6292800 -9.08635 -9
6292900 -9.34079 -9
6293000 -9.39282 -9
6293100 -9.01927 -9
6293200 -8.80469 -9
6293300 -8.75441 -9
6293400 -8.98468 -9
6293500 -8.96386 -9
6293600 -8.70733 -9
6293700 -8.9624 -9
6293800 -9.03384 -9
6293900 -9.08746 -9
6294000 -8.81885 -9
6294100 -8.73134 -9
6294200 -8.96939 -9
6294300 -9.19947 -9
6294400 -9.49286 -9
6294500 -9.58186 -9
6294600 -9.59342 -9
6294700 -9.5453 -9
6294800 -9.09328 -9
6294900 -8.41594 -9
6295000 -8.43331 -9
6295100 -8.61681 -9
6295200 -8.77763 -9
6295300 -9.02706 -9
6295400 -8.9793 -9
6295500 -8.90253 -9
6295600 -9.10625 -9
6295700 -9.05766 -9
6295800 -9.043 -9
6295900 -9.13514 -9
6296000 -9.0069 -9
6296100 -9.1405 -9
6296200 -9.1679 -9
6296300 -9.01327 -9
6296400 -8.96741 -9
6296500 -9.25933 -9
6296600 -9.49225 -9
6296700 -9.36857 -9
6296800 -9.32027 -9
6296900 -9.09231 -9
6297000 -9.26945 -9
6297100 -9.1929 -9
6297200 -9.37762 -9
6297300 -9.15687 -9
6297400 -8.902 -9
6297500 -9.05511 -9
6297600 -8.88861 -9
6297700 -8.80309 -9
6297800 -8.71661 -9
6297900 -8.52342 -9
6298000 -8.44039 -9
6298100 -8.7582 -9
6298200 -8.83671 -9
6298300 -8.75686 -9
6298400 -8.64882 -9
6298500 -8.73468 -9
6298600 -8.43527 -9
6298700 -8.65312 -9
6298800 -8.76144 -9
6298900 -8.63314 -9
6299000 -8.63891 -9
6299100 -8.69729 -9
6299200 -8.91932 -9
6299300 -8.94077 -9
6299400 -8.91465 -9
6299500 -8.98781 -9
6299600 -9.21289 -9
6299700 -9.25038 -9
6299800 -9.56873 -9
6299900 -9.4223 -9
6300000 -9.10544 -9
6300100 -8.97895 -9
6300200 -9.20199 -9
6300300 -9.32761 -9
6300400 -9.46042 -9
6300500 -9.5181 -9
6300600 -9.60254 -9
6300700 -9.62979 -9
6300800 -9.68987 -9
6300900 -9.69131 -9
6301000 -9.47645 -9
6301100 -9.60475 -9
6301200 -9.44893 -9
6301300 -9.13841 -9
6301400 -9.25301 -9
6301500 -9.4754 -9
6301600 -9.62496 -9
6301700 -9.28551 -9
6301800 -9.19007 -9
6301900 -9.15381 -9
6302000 -8.85827 -9
6302100 -8.74389 -9
6302200 -8.84308 -9
6302300 -9.14937 -9
6302400 -9.23568 -9
6302500 -9.10015 -9
6302600 -8.91167 -9
6302700 -9.03855 -9
6302800 -9.16268 -9
6302900 -8.9293 -9
6303000 -8.87252 -9
6303100 -8.84183 -9
6303200 -8.61519 -9
6303300 -8.45515 -9
6303400 -8.34213 -9
6303500 -8.37889 -9
6303600 -8.44264 -9
6303700 -8.49472 -9
6303800 -8.81713 -9
6303900 -9.41564 -9
6304000 -9.41782 -9
6304100 -9.33687 -9
6304200 -9.5345 -9
6304300 -9.43542 -9
6304400 -9.19965 -9
6304500 -8.85779 -9
6304600 -8.59155 -9
6304700 -8.73136 -9
6304800 -8.7855 -9
6304900 -8.69509 -9
6305000 -8.44074 -9
6305100 -8.52549 -9
6305200 -8.73393 -9
6305300 -9.01125 -9
6305400 -9.12653 -9
6305500 -9.13225 -9
6305600 -8.82958 -9
6305700 -8.49839 -9
6305800 -8.62789 -9
6305900 -8.69149 -9
6306000 -8.67224 -9
6306100 -8.33646 -9
6306200 -8.48164 -9
6306300 -8.62846 -9
6306400 -8.82008 -9
6306500 -9.21706 -9
6306600 -9.26065 -9
6306700 -9.03512 -9
6306800 -8.69445 -9
6306900 -8.79599 -9
6307000 -8.8395 -9
6307100 -8.95211 -9
6307200 -9.13439 -9
6307300 -9.07297 -9
6307400 -8.8486 -9
6307500 -8.52882 -9
6307600 -8.38565 -9
6307700 -8.39021 -9
6307800 -8.48996 -9
6307900 -8.54447 -9
6308000 -8.61614 -9
6308100 -8.78309 -9
6308200 -8.87084 -9
6308300 -9.2985 -9
6308400 -9.40604 -9
6308500 -9.32135 -9
6308600 -9.56772 -9
6308700 -9.67189 -9
6308800 -9.25347 -9
6308900 -9.15416 -9
6309000 -9.6531 -9
6309100 -9.71986 -9
6309200 -9.37641 -9
6309300 -9.21786 -9
6309400 -8.7441 -9
6309500 -8.4967 -9
6309600 -8.72356 -9
6309700 -8.77623 -9
6309800 -8.43444 -9
6309900 -8.48082 -9
6310000 -8.61223 -9
6310100 -8.98752 -9
6310200 -9.15911 -9
6310300 -9.13479 -9
6310400 -8.99491 -9
6310500 -9.01201 -9
6310600 -9.10004 -9
6310700 -9.03236 -9
6310800 -8.83327 -9
6310900 -8.71914 -9
6311000 -9.00244 -9
6311100 -9.11088 -9
6311200 -8.85692 -9
6311300 -8.35989 -9
6311400 -8.86851 -9
6311500 -9.02511 -9
6311600 -9.02331 -9
6311700 -8.79869 -9
6311800 -8.79217 -9
6311900 -8.87101 -9
6312000 -9.11214 -9
6312100 -9.2783 -9
6312200 -8.98436 -9
6312300 -8.78469 -9
6312400 -8.48733 -9
6312500 -8.40593 -9
6312600 -8.97764 -9
6312700 -9.41392 -9
6312800 -9.50998 -9
6312900 -9.58653 -9
6313000 -9.57566 -9
6313100 -9.52016 -9
6313200 -9.53803 -9
6313300 -9.23871 -9
6313400 -9.06776 -9
6313500 -9.09537 -9
6313600 -9.07298 -9
6313700 -8.69715 -9
6313800 -8.75574 -9
6313900 -8.84745 -9
6314000 -8.90549 -9
6314100 -8.59018 -9
6314200 -8.49554 -9
6314300 -8.52915 -9
6314400 -8.69914 -9
6314500 -8.7725 -9
6314600 -8.67914 -9
6314700 -8.47207 -9
6314800 -8.57479 -9
6314900 -8.69304 -9
6315000 -8.92986 -9
6315100 -9.0418 -9
6315200 -9.03055 -9
6315300 -9.15917 -9
6315400 -9.4211 -9
6315500 -9.62094 -9
6315600 -9.6604 -9
6315700 -9.48274 -9
6315800 -9.39034 -9
6315900 -9.44519 -9
6316000 -9.20895 -9
6316100 -9.13281 -9
6316200 -9.44341 -9
6316300 -9.68093 -9
6316400 -9.71607 -9
6316500 -9.68402 -9
6316600 -9.6106 -9
6316700 -9.41168 -9
6316800 -8.90267 -9
6316900 -8.6804 -9
6317000 -8.40577 -9
6317100 -8.21401 -9
6317200 -8.28313 -9
6317300 -8.56283 -9
6317400 -8.72056 -9
6317500 -8.98657 -9
6317600 -9.15792 -9
6317700 -9.37497 -9
6317800 -9.07365 -9
6317900 -8.9577 -9
6318000 -9.11925 -9
6318100 -9.37399 -9
6318200 -9.3624 -9
6318300 -9.07746 -9
6318400 -8.70436 -9
6318500 -8.25505 -9
6318600 -8.57867 -9
6318700 -8.90887 -9
6318800 -9.03585 -9
6318900 -8.91285 -9
6319000 -9.23819 -9
6319100 -9.37124 -9
6319200 -9.40443 -9
6319300 -9.40581 -9
6319400 -9.29013 -9
6319500 -9.05857 -9
6319600 -8.95304 -9
6319700 -8.71612 -9
6319800 -8.93747 -9
6319900 -9.35983 -9
6320000 -9.35724 -9
6320100 -9.16827 -9
6320200 -9.31571 -9
6320300 -9.54875 -9
6320400 -9.79485 -9
6320500 -9.62552 -9
6320600 -9.19026 -9
6320700 -8.92871 -9
6320800 -8.85566 -9
6320900 -8.58745 -9
6321000 -8.62454 -9
6321100 -8.86966 -9
6321200 -8.93797 -9
6321300 -8.74194 -9
6321400 -8.62556 -9
6321500 -8.52643 -9
6321600 -8.50974 -9
6321700 -8.36049 -9
6321800 -8.62502 -9
6321900 -8.57737 -9
6322000 -8.56817 -9
6322100 -8.55157 -9
6322200 -8.55482 -9
6322300 -8.39459 -9
6322400 -8.36977 -9
6322500 -8.44968 -9
6322600 -8.73941 -9
6322700 -8.62024 -9
6322800 -8.75978 -9
6322900 -8.72423 -9
6323000 -8.77392 -9
6323100 -8.91011 -9
6323200 -9.01912 -9
6323300 -8.8974 -9
6323400 -9.06481 -9
6323500 -9.19215 -9
6323600 -9.32063 -9
6323700 -9.0757 -9
6323800 -8.99 -9
6323900 -8.7571 -9
6324000 -8.76773 -9
6324100 -8.87784 -9
6324200 -9.11927 -9
6324300 -9.1032 -9
6324400 -9.02175 -9
6324500 -8.84717 -9
6324600 -8.64993 -9
6324700 -8.66923 -9
6324800 -9.05926 -9
6324900 -9.43579 -9
6325000 -9.34374 -9
6325100 -9.10619 -9
6325200 -9.03862 -9
6325300 -8.89901 -9
6325400 -8.7342 -9
6325500 -8.87844 -9
6325600 -9.22707 -9
6325700 -9.47149 -9
6325800 -9.47315 -9
6325900 -9.11851 -9
6326000 -8.99847 -9
6326100 -9.31374 -9
6326200 -9.4939 -9
6326300 -9.30878 -9
6326400 -9.32861 -9
6326500 -9.41674 -9
6326600 -9.507 -9
6326700 -9.17146 -9
6326800 -8.66775 -9
6326900 -8.69623 -9
6327000 -8.94342 -9
6327100 -9.24388 -9
6327200 -9.09731 -9
6327300 -8.93819 -9
6327400 -9.02883 -9
6327500 -9.15852 -9
6327600 -9.37333 -9
6327700 -9.19566 -9
6327800 -8.90202 -9
6327900 -8.91627 -9
6328000 -9.01207 -9
6328100 -9.20078 -9
6328200 -9.24914 -9
6328300 -9.36617 -9
6328400 -8.81688 -9
6328500 -8.37629 -9
6328600 -8.40487 -9
6328700 -8.49056 -9
6328800 -8.74824 -9
6328900 -8.98199 -9
6329000 -9.07654 -9
6329100 -8.71994 -9
6329200 -8.66617 -9
6329300 -8.80739 -9
6329400 -9.01973 -9
6329500 -8.88009 -9
6329600 -8.91681 -9
6329700 -8.8329 -9
6329800 -8.95711 -9
6329900 -8.94668 -9
6330000 -8.75064 -9
6330100 -8.48011 -9
6330200 -8.49056 -9
6330300 -8.33926 -9
6330400 -8.46773 -9
6330500 -8.48857 -9
6330600 -8.50664 -9
6330700 -8.73604 -9
6330800 -8.73344 -9
6330900 -8.57265 -9
6331000 -8.45242 -9
6331100 -8.64148 -9
6331200 -8.91515 -9
6331300 -9.29896 -9
6331400 -9.59231 -9
6331500 -9.39333 -9
6331600 -9.307 -9
6331700 -9.15674 -9
6331800 -9.12091 -9
6331900 -9.27531 -9
6332000 -9.24549 -9
6332100 -8.98545 -9
6332200 -8.84247 -9
6332300 -8.89691 -9
6332400 -8.96885 -9
6332500 -8.80403 -9
6332600 -8.7527 -9
6332700 -8.78682 -9
6332800 -8.84355 -9
6332900 -9.15962 -9
6333000 -9.26085 -9
6333100 -9.53853 -9
6333200 -9.71421 -9
6333300 -9.62144 -9
6333400 -9.54504 -9
6333500 -9.32273 -9
6333600 -8.98421 -9
6333700 -8.83046 -9
6333800 -8.91601 -9
6333900 -9.31762 -9
6334000 -9.37569 -9
6334100 -9.24626 -9
6334200 -8.77356 -9
6334300 -8.71774 -9
6334400 -8.80402 -9
6334500 -8.49113 -9
6334600 -8.05706 -9
6334700 -7.86341 -9
6334800 -7.69944 -9
6334900 -7.96577 -9
6335000 -8.49085 -9
6335100 -8.47366 -9
6335200 -8.46128 -9
6335300 -8.81035 -9
6335400 -9.24054 -9
6335500 -9.35106 -9
6335600 -9.29988 -9
6335700 -8.90449 -9
6335800 -8.7409 -9
6335900 -8.70783 -9
6336000 -8.54284 -9
6336100 -8.36968 -9
6336200 -8.17806 -9
6336300 -8.49818 -9
6336400 -8.8772 -9
6336500 -8.99433 -9
6336600 -8.91858 -9
6336700 -8.99975 -9
6336800 -9.17658 -9
6336900 -9.17288 -9
6337000 -8.98807 -9
6337100 -8.78528 -9
6337200 -8.70185 -9
6337300 -8.58778 -9
6337400 -8.46049 -9
6337500 -8.65199 -9
6337600 -8.57231 -9
6337700 -8.91011 -9
6337800 -9.41992 -9
6337900 -9.47923 -9
6338000 -9.39344 -9
6338100 -9.52293 -9
6338200 -9.65531 -9
6338300 -9.61513 -9
6338400 -9.20678 -9
6338500 -8.98329 -9
6338600 -9.08358 -9
6338700 -9.35121 -9
6338800 -9.2822 -9
6338900 -9.17783 -9
6339000 -9.06858 -9
6339100 -8.91158 -9
6339200 -8.95697 -9
6339300 -9.05219 -9
6339400 -8.77094 -9
6339500 -8.71722 -9
6339600 -8.81593 -9
6339700 -8.82292 -9
6339800 -8.669 -9
6339900 -8.56862 -9
6340000 -8.46457 -9
6340100 -8.58498 -9
6340200 -8.63761 -9
6340300 -8.33208 -9
6340400 -8.3419 -9
6340500 -8.54972 -9
6340600 -8.34685 -9
6340700 -8.46817 -9
6340800 -8.60388 -9
6340900 -8.48909 -9
6341000 -8.28138 -9
6341100 -8.62419 -9
6341200 -8.65598 -9
6341300 -8.88159 -9
6341400 -8.96969 -9
6341500 -9.02953 -9
6341600 -9.10796 -9
6341700 -8.96766 -9
6341800 -9.06896 -9
6341900 -9.16117 -9
6342000 -9.44194 -9
6342100 -9.40143 -9
6342200 -8.87344 -9
6342300 -8.80811 -9
6342400 -8.82742 -9
6342500 -8.9625 -9
6342600 -9.1106 -9
6342700 -9.41174 -9
6342800 -9.554 -9
6342900 -9.44317 -9
6343000 -9.56477 -9
6343100 -9.83225 -9
6343200 -9.89661 -9
6343300 -9.70575 -9
6343400 -9.58449 -9
6343500 -9.49674 -9
6343600 -9.33715 -9
6343700 -9.2521 -9
6343800 -8.96527 -9
6343900 -8.97434 -9
6344000 -9.33236 -9
6344100 -9.50707 -9
6344200 -9.71296 -9
6344300 -9.53461 -9
6344400 -8.99277 -9
6344500 -8.70516 -9
6344600 -8.57563 -9
6344700 -8.59805 -9
6344800 -8.81399 -9
6344900 -8.75005 -9
6345000 -8.8425 -9
6345100 -8.70446 -9
6345200 -8.63716 -9
6345300 -8.83681 -9
6345400 -8.93843 -9
6345500 -9.07636 -9
6345600 -9.46246 -9
6345700 -9.6129 -9
6345800 -9.65488 -9
6345900 -10.1408 -9
6346000 -10.2791 -9
6346100 -10.0983 -9
6346200 -10.1675 -9
6346300 -9.97085 -9
6346400 -9.86778 -9
6346500 -9.52048 -9
6346600 -9.37367 -9
6346700 -9.41756 -9
6346800 -9.81885 -9
6346900 -9.57134 -9
6347000 -9.53134 -9
6347100 -9.859 -9
6347200 -9.60073 -9
6347300 -9.33095 -9
6347400 -8.93839 -9
6347500 -8.67226 -9
6347600 -8.67226 -9
6347700 -8.76581 -9
6347800 -8.7985 -9
6347900 -8.65611 -9
6348000 -8.40054 -9
6348100 -8.39913 -9
6348200 -8.59914 -9
6348300 -8.65638 -9
6348400 -8.88856 -9
6348500 -8.88827 -9
6348600 -9.04698 -9
6348700 -8.95882 -9
6348800 -8.81024 -9
6348900 -9.0862 -9
6349000 -9.18547 -9
6349100 -9.05909 -9
6349200 -8.96568 -9
6349300 -8.70826 -9
6349400 -8.51692 -9
6349500 -8.45683 -9
6349600 -8.26535 -9
6349700 -7.96083 -9
6349800 -8.03066 -9
6349900 -8.11066 -9
6350000 -8.26756 -9
6350100 -8.40778 -9
6350200 -9.03309 -9
6350300 -9.39478 -9
6350400 -9.5006 -9
6350500 -9.48879 -9
6350600 -9.53225 -9
6350700 -9.52734 -9
6350800 -9.27473 -9
6350900 -9.16429 -9
6351000 -8.97887 -9
6351100 -9.22603 -9
6351200 -9.49714 -9
6351300 -9.47197 -9
6351400 -9.62641 -9
6351500 -9.45358 -9
6351600 -9.01153 -9
6351700 -8.58405 -9
6351800 -8.56248 -9
6351900 -8.48816 -9
6352000 -8.75839 -9
6352100 -9.15175 -9
6352200 -9.13531 -9
6352300 -9.03537 -9
6352400 -8.8237 -9
6352500 -8.82981 -9
6352600 -8.97685 -9
6352700 -8.95828 -9
6352800 -8.84738 -9
6352900 -8.85539 -9
6353000 -8.64087 -9
6353100 -8.33823 -9
6353200 -8.39454 -9
6353300 -8.63178 -9
6353400 -8.90724 -9
6353500 -8.90012 -9
6353600 -8.86842 -9
6353700 -9.03707 -9
6353800 -9.23685 -9
6353900 -9.14102 -9
6354000 -9.11618 -9
6354100 -9.05034 -9
6354200 -8.73214 -9
6354300 -8.85628 -9
6354400 -9.18326 -9
6354500 -9.43504 -9
6354600 -9.51429 -9
6354700 -9.58332 -9
6354800 -9.56834 -9
6354900 -9.67518 -9
6355000 -9.75323 -9
6355100 -9.56813 -9
6355200 -9.6039 -9
6355300 -9.61704 -9
6355400 -9.19073 -9
6355500 -9.31952 -9
6355600 -9.56603 -9
6355700 -9.78441 -9
6355800 -9.75038 -9
6355900 -9.37544 -9
6356000 -9.33176 -9
6356100 -9.58988 -9
6356200 -9.31095 -9
6356300 -9.1843 -9
6356400 -9.35723 -9
6356500 -9.36579 -9
6356600 -9.04003 -9
6356700 -8.93782 -9
6356800 -9.08766 -9
6356900 -8.98425 -9
6357000 -9.16281 -9
6357100 -9.13691 -9
6357200 -9.0583 -9
6357300 -9.06633 -9
6357400 -9.0275 -9
6357500 -8.90562 -9
6357600 -8.85704 -9
6357700 -8.85784 -9
6357800 -9.13385 -9
6357900 -8.97867 -9
6358000 -8.61073 -9
6358100 -8.28731 -9
6358200 -8.03363 -9
6358300 -8.10587 -9
6358400 -8.50209 -9
6358500 -8.66276 -9
6358600 -8.84208 -9
6358700 -8.79024 -9
6358800 -8.69772 -9
6358900 -8.60747 -9
6359000 -8.55515 -9
6359100 -8.30705 -9
6359200 -8.32303 -9
6359300 -8.48432 -9
6359400 -8.68242 -9
6359500 -8.79609 -9
6359600 -8.8766 -9
6359700 -8.98859 -9
6359800 -9.30376 -9
6359900 -9.50755 -9
6360000 -9.31402 -9
6360100 -8.93014 -9
6360200 -8.81211 -9
6360300 -8.67113 -9
6360400 -8.75064 -9
6360500 -8.89215 -9
6360600 -8.97915 -9
6360700 -9.27805 -9
6360800 -9.50147 -9
6360900 -9.48758 -9
6361000 -9.54147 -9
6361100 -9.47869 -9
6361200 -9.52831 -9
6361300 -9.51146 -9
6361400 -9.3382 -9
6361500 -9.08029 -9
6361600 -9.08001 -9
6361700 -9.30058 -9
6361800 -8.90667 -9
6361900 -8.58891 -9
6362000 -8.88487 -9
6362100 -8.82449 -9
6362200 -8.72265 -9
6362300 -8.83436 -9
6362400 -8.81361 -9
6362500 -9.00491 -9
6362600 -8.79665 -9
6362700 -8.81341 -9
6362800 -8.88288 -9
6362900 -8.8879 -9
6363000 -8.78946 -9
6363100 -8.75663 -9
6363200 -8.71785 -9
6363300 -8.7328 -9
6363400 -8.8793 -9
6363500 -8.85721 -9
6363600 -8.90491 -9
6363700 -8.96722 -9
6363800 -8.78079 -9
6363900 -8.71399 -9
6364000 -8.5787 -9
6364100 -8.49259 -9
6364200 -8.76585 -9
6364300 -9.21852 -9
6364400 -9.26614 -9
6364500 -9.01279 -9
6364600 -8.90216 -9
6364700 -8.84895 -9
6364800 -9.14473 -9
6364900 -9.02947 -9
6365000 -8.92686 -9
6365100 -8.88133 -9
6365200 -8.65496 -9
6365300 -9.09732 -9
6365400 -8.99662 -9
6365500 -9.15181 -9
6365600 -9.50693 -9
6365700 -9.5921 -9
6365800 -9.19757 -9
6365900 -9.01767 -9
6366000 -9.29089 -9
6366100 -9.56036 -9
6366200 -9.94222 -9
6366300 -9.91588 -9
6366400 -9.59404 -9
6366500 -9.44257 -9
6366600 -9.3439 -9
6366700 -8.98797 -9
6366800 -8.94745 -9
6366900 -8.90077 -9
6367000 -8.86551 -9
6367100 -8.67446 -9
6367200 -8.95957 -9
6367300 -8.96116 -9
6367400 -8.74577 -9
6367500 -8.51364 -9
6367600 -8.50789 -9
6367700 -8.85121 -9
6367800 -9.06536 -9
6367900 -9.39694 -9
6368000 -9.40194 -9
6368100 -9.497 -9
6368200 -9.57546 -9
6368300 -9.38549 -9
6368400 -9.22466 -9
6368500 -9.06236 -9
6368600 -8.94336 -9
6368700 -9.13556 -9
6368800 -9.07182 -9
6368900 -8.7034 -9
6369000 -8.70576 -9
6369100 -8.79848 -9
6369200 -8.83585 -9
6369300 -8.96905 -9
6369400 -9.05634 -9
6369500 -8.90804 -9
6369600 -8.64623 -9
6369700 -8.87668 -9
6369800 -8.82054 -9
6369900 -8.74614 -9
6370000 -8.45138 -9
6370100 -8.32121 -9
6370200 -8.56428 -9
6370300 -8.54877 -9
6370400 -8.45821 -9
6370500 -8.577 -9
6370600 -8.42039 -9
6370700 -8.48827 -9
6370800 -8.50617 -9
6370900 -8.2564 -9
6371000 -8.04382 -9
6371100 -7.99919 -9
6371200 -8.17471 -9
6371300 -8.52089 -9
6371400 -8.7189 -9
6371500 -8.69814 -9
6371600 -8.83175 -9
6371700 -8.90203 -9
6371800 -8.67944 -9
6371900 -8.82774 -9
6372000 -8.89945 -9
6372100 -9.18419 -9
6372200 -9.5475 -9
6372300 -9.46314 -9
6372400 -9.12021 -9
6372500 -8.97944 -9
6372600 -8.94884 -9
6372700 -8.89897 -9
6372800 -8.9898 -9
6372900 -9.26704 -9
6373000 -9.33911 -9
6373100 -9.18587 -9
6373200 -8.93652 -9
6373300 -9.1059 -9
6373400 -9.08514 -9
6373500 -9.21109 -9
6373600 -9.29407 -9
6373700 -9.40718 -9
6373800 -9.20911 -9
6373900 -9.47999 -9
6374000 -9.55945 -9
6374100 -9.56872 -9
6374200 -9.58402 -9
6374300 -9.76246 -9
6374400 -9.75833 -9
6374500 -9.67848 -9
6374600 -9.48526 -9
6374700 -9.31767 -9
6374800 -9.29482 -9
6374900 -9.09741 -9
6375000 -9.0919 -9
6375100 -8.76943 -9
6375200 -8.27981 -9
6375300 -8.15936 -9
6375400 -8.35302 -9
6375500 -8.62973 -9
6375600 -8.92239 -9
6375700 -8.77474 -9
6375800 -8.70377 -9
6375900 -8.79293 -9
6376000 -8.54107 -9
6376100 -8.52479 -9
6376200 -8.92498 -9
6376300 -9.32742 -9
6376400 -9.36828 -9
6376500 -9.37915 -9
6376600 -9.46652 -9
6376700 -9.43859 -9
6376800 -9.56495 -9
6376900 -9.50978 -9
6377000 -9.5808 -9
6377100 -9.47801 -9
6377200 -9.45544 -9
6377300 -8.93257 -9
6377400 -8.79545 -9
6377500 -8.76342 -9
6377600 -8.74846 -9
6377700 -8.8949 -9
6377800 -8.9276 -9
6377900 -9.04338 -9
6378000 -9.33973 -9
6378100 -9.02957 -9
6378200 -9.03934 -9
6378300 -9.49407 -9
6378400 -9.6794 -9
6378500 -9.46636 -9
6378600 -9.42076 -9
6378700 -9.08294 -9
6378800 -8.81271 -9
6378900 -8.75219 -9
6379000 -8.71103 -9
6379100 -8.98411 -9
6379200 -9.07321 -9
6379300 -9.33828 -9
6379400 -9.58819 -9
6379500 -9.29365 -9
6379600 -9.01996 -9
6379700 -8.85131 -9
6379800 -8.80522 -9
6379900 -8.9898 -9
6380000 -9.11097 -9
6380100 -8.91703 -9
6380200 -8.77053 -9
6380300 -8.6805 -9
6380400 -8.43023 -9
6380500 -8.3537 -9
6380600 -8.73409 -9
6380700 -9.21893 -9
6380800 -9.277 -9
6380900 -9.1453 -9
6381000 -9.14955 -9
6381100 -9.2628 -9
6381200 -9.31811 -9
6381300 -9.39167 -9
6381400 -9.33282 -9
6381500 -9.165 -9
6381600 -8.96693 -9
6381700 -8.86762 -9
6381800 -8.76079 -9
6381900 -8.76765 -9
6382000 -8.62379 -9
6382100 -8.63422 -9
6382200 -8.65449 -9
6382300 -9.02914 -9
6382400 -9.24613 -9
6382500 -9.2921 -9
6382600 -9.37492 -9
6382700 -9.33935 -9
6382800 -9.18355 -9
6382900 -8.96842 -9
6383000 -9.13106 -9
6383100 -9.19246 -9
6383200 -9.05837 -9
6383300 -8.95799 -9
6383400 -9.02546 -9
6383500 -9.05677 -9
6383600 -9.02345 -9
6383700 -9.05437 -9
6383800 -9.2824 -9
6383900 -9.40192 -9
6384000 -9.17953 -9
6384100 -9.05488 -9
6384200 -8.90521 -9
6384300 -9.07025 -9
6384400 -8.87198 -9
6384500 -8.78231 -9
6384600 -8.9439 -9
6384700 -9.05632 -9
6384800 -8.88493 -9
6384900 -8.95301 -9
6385000 -9.35132 -9
6385100 -9.29975 -9
6385200 -9.29104 -9
6385300 -9.7464 -9
6385400 -9.91777 -9
6385500 -9.62016 -9
6385600 -9.50904 -9
6385700 -9.52058 -9
6385800 -9.18826 -9
6385900 -8.95608 -9
6386000 -9.08992 -9
6386100 -9.42758 -9
6386200 -9.71198 -9
6386300 -9.59555 -9
6386400 -9.5509 -9
6386500 -9.55407 -9
6386600 -9.15038 -9
6386700 -8.94007 -9
6386800 -9.11319 -9
6386900 -8.8732 -9
6387000 -8.78044 -9
6387100 -8.46494 -9
6387200 -8.37807 -9
6387300 -8.74591 -9
6387400 -9.00877 -9
6387500 -8.97716 -9
6387600 -9.04763 -9
6387700 -9.09239 -9
6387800 -9.14438 -9
6387900 -9.20338 -9
6388000 -9.21932 -9
6388100 -9.02396 -9
6388200 -9.15791 -9
6388300 -9.13257 -9
6388400 -9.2009 -9
6388500 -9.23974 -9
6388600 -9.31045 -9
6388700 -9.30308 -9
6388800 -9.18137 -9
6388900 -9.30774 -9
6389000 -9.41532 -9
6389100 -9.10522 -9
6389200 -8.97414 -9
6389300 -9.21356 -9
6389400 -9.2373 -9
6389500 -9.16513 -9
6389600 -8.98079 -9
6389700 -8.53126 -9
6389800 -8.46477 -9
6389900 -8.94929 -9
6390000 -8.90116 -9
6390100 -8.77524 -9
6390200 -8.92954 -9
6390300 -9.19183 -9
6390400 -9.00063 -9
6390500 -8.66502 -9
6390600 -8.4849 -9
6390700 -8.4951 -9
6390800 -8.69791 -9
6390900 -8.82903 -9
6391000 -9.07141 -9
6391100 -9.22003 -9
6391200 -9.1086 -9
6391300 -9.16711 -9
6391400 -9.31428 -9
6391500 -9.31597 -9
6391600 -9.23657 -9
6391700 -9.0085 -9
6391800 -8.8076 -9
6391900 -8.8637 -9
6392000 -8.87372 -9
6392100 -8.60632 -9
6392200 -8.49885 -9
6392300 -8.67793 -9
6392400 -9.11261 -9
6392500 -9.39354 -9
6392600 -8.94703 -9
6392700 -8.64035 -9
6392800 -8.52615 -9
6392900 -8.51636 -9
6393000 -8.60824 -9
6393100 -8.38281 -9
6393200 -8.16189 -9
6393300 -8.24889 -9
6393400 -8.47115 -9
6393500 -8.65985 -9
6393600 -8.69042 -9
6393700 -9.02935 -9
6393800 -9.23813 -9
6393900 -9.30297 -9
6394000 -9.15425 -9
6394100 -9.22067 -9
6394200 -9.05865 -9
6394300 -8.65359 -9
6394400 -8.72158 -9
6394500 -9.05084 -9
6394600 -9.34427 -9
6394700 -9.59328 -9
6394800 -9.79122 -9
6394900 -9.76905 -9
6395000 -9.49314 -9
6395100 -9.20969 -9
6395200 -9.01452 -9
6395300 -8.75855 -9
6395400 -8.45867 -9
6395500 -8.52746 -9
6395600 -8.81442 -9
6395700 -8.84649 -9
6395800 -8.61877 -9
6395900 -8.1426 -9
6396000 -7.65575 -9
6396100 -7.45885 -9
6396200 -8.08964 -9
6396300 -8.39499 -9
6396400 -8.60916 -9
6396500 -8.92371 -9
6396600 -9.00666 -9
6396700 -9.41332 -9
6396800 -9.6039 -9
6396900 -9.68211 -9
6397000 -9.64154 -9
6397100 -9.47182 -9
6397200 -9.55371 -9
6397300 -9.54883 -9
6397400 -9.36931 -9
6397500 -9.16461 -9
6397600 -9.30738 -9
6397700 -9.42027 -9
6397800 -9.55413 -9
6397900 -9.56805 -9
6398000 -9.258 -9
6398100 -8.90127 -9
6398200 -8.5256 -9
6398300 -8.34188 -9
6398400 -8.66251 -9
6398500 -9.21686 -9
6398600 -9.4963 -9
6398700 -9.70639 -9
6398800 -9.6311 -9
6398900 -9.32168 -9
6399000 -9.06216 -9
6399100 -9.09751 -9
6399200 -8.98601 -9
6399300 -9.06406 -9
6399400 -9.19792 -9
6399500 -9.10876 -9
6399600 -9.01696 -9
6399700 -8.93358 -9
6399800 -8.84858 -9
6399900 -8.91768 -9
6400000 -9.25056 -9
