# Time-averaged data for fix myat1
# TimeStep v_xave v_xdes
7400100 -6.83483 -6
7400200 -6.91664 -6
7400300 -6.90421 -6
7400400 -6.77386 -6
7400500 -6.62398 -6
7400600 -6.37378 -6
7400700 -6.138 -6
7400800 -6.41037 -6
7400900 -6.59477 -6
7401000 -6.62051 -6
7401100 -6.61143 -6
7401200 -6.8827 -6
7401300 -7.00667 -6
7401400 -6.99669 -6
7401500 -6.77986 -6
7401600 -6.58167 -6
7401700 -6.61421 -6
7401800 -6.72387 -6
7401900 -6.67725 -6
7402000 -6.76831 -6
7402100 -6.86663 -6
7402200 -6.64979 -6
7402300 -6.73196 -6
7402400 -6.79224 -6
7402500 -6.91784 -6
7402600 -6.54465 -6
7402700 -6.39109 -6
7402800 -6.51208 -6
7402900 -6.48507 -6
7403000 -6.56116 -6
7403100 -6.82596 -6
7403200 -6.91948 -6
7403300 -6.93537 -6
7403400 -6.62796 -6
7403500 -6.40839 -6
7403600 -6.17257 -6
7403700 -6.00971 -6
7403800 -6.17155 -6
7403900 -6.30288 -6
7404000 -6.46474 -6
7404100 -6.76228 -6
7404200 -6.82918 -6
7404300 -6.99054 -6
7404400 -7.00447 -6
7404500 -6.89542 -6
7404600 -6.55756 -6
7404700 -6.42965 -6
7404800 -6.67112 -6
7404900 -6.94414 -6
7405000 -6.94302 -6
7405100 -6.78016 -6
7405200 -6.717 -6
7405300 -6.63013 -6
7405400 -6.27573 -6
7405500 -6.24827 -6
7405600 -6.1245 -6
7405700 -5.7151 -6
7405800 -5.94864 -6
7405900 -6.0309 -6
7406000 -6.21734 -6
7406100 -6.45071 -6
7406200 -6.72136 -6
7406300 -6.77799 -6
7406400 -6.64979 -6
7406500 -6.48742 -6
7406600 -6.57354 -6
7406700 -6.46296 -6
7406800 -6.2615 -6
7406900 -5.9157 -6
7407000 -5.5757 -6
7407100 -5.73773 -6
7407200 -5.87305 -6
7407300 -6.15107 -6
7407400 -6.75049 -6
7407500 -6.87208 -6
7407600 -6.96774 -6
7407700 -6.94975 -6
7407800 -6.39008 -6
7407900 -6.24648 -6
7408000 -6.19585 -6
7408100 -6.02216 -6
7408200 -6.09394 -6
7408300 -6.32983 -6
7408400 -6.63849 -6
7408500 -6.59735 -6
7408600 -6.54431 -6
7408700 -6.54672 -6
7408800 -6.72289 -6
7408900 -7.01242 -6
7409000 -7.05116 -6
7409100 -6.78329 -6
7409200 -6.37954 -6
7409300 -6.35775 -6
7409400 -6.41866 -6
7409500 -6.22596 -6
7409600 -5.77928 -6
7409700 -5.58737 -6
7409800 -5.6252 -6
7409900 -5.84946 -6
7410000 -6.19701 -6
7410100 -6.19893 -6
7410200 -6.29608 -6
7410300 -6.1228 -6
7410400 -6.04284 -6
7410500 -5.89107 -6
7410600 -5.88845 -6
7410700 -6.117 -6
7410800 -6.16523 -6
7410900 -6.16153 -6
7411000 -6.48982 -6
7411100 -6.71071 -6
7411200 -6.75495 -6
7411300 -6.49147 -6
7411400 -6.50961 -6
7411500 -6.67425 -6
7411600 -6.58918 -6
7411700 -6.20985 -6
7411800 -6.04671 -6
7411900 -5.94913 -6
7412000 -6.00075 -6
7412100 -6.42646 -6
7412200 -6.42079 -6
7412300 -6.57348 -6
7412400 -6.4604 -6
7412500 -6.01696 -6
7412600 -6.05247 -6
7412700 -6.39155 -6
7412800 -6.11003 -6
7412900 -6.14899 -6
7413000 -6.26241 -6
7413100 -6.23991 -6
7413200 -6.22596 -6
7413300 -6.2022 -6
7413400 -6.22877 -6
7413500 -6.63821 -6
7413600 -6.69875 -6
7413700 -6.3914 -6
7413800 -6.30847 -6
7413900 -6.54651 -6
7414000 -6.79964 -6
7414100 -7.01831 -6
7414200 -6.69596 -6
7414300 -6.09291 -6
7414400 -6.05599 -6
7414500 -6.10429 -6
7414600 -6.37232 -6
7414700 -6.00882 -6
7414800 -6.18114 -6
7414900 -6.40143 -6
7415000 -6.3528 -6
7415100 -6.10189 -6
7415200 -6.07245 -6
7415300 -6.07823 -6
7415400 -6.08423 -6
7415500 -6.29354 -6
7415600 -6.42514 -6
7415700 -6.71922 -6
7415800 -6.78218 -6
7415900 -6.7818 -6
7416000 -6.78271 -6
7416100 -6.65476 -6
7416200 -6.47286 -6
7416300 -6.56507 -6
7416400 -6.84175 -6
7416500 -6.90027 -6
7416600 -6.48417 -6
7416700 -6.29761 -6
7416800 -6.53392 -6
7416900 -6.75733 -6
7417000 -6.71406 -6
7417100 -6.81649 -6
7417200 -6.7405 -6
7417300 -6.6988 -6
7417400 -6.62677 -6
7417500 -6.41956 -6
7417600 -6.18215 -6
7417700 -6.01803 -6
7417800 -5.98861 -6
7417900 -6.03242 -6
7418000 -6.14649 -6
7418100 -6.41012 -6
7418200 -6.73622 -6
7418300 -6.76934 -6
7418400 -6.62045 -6
7418500 -6.33896 -6
7418600 -6.10234 -6
7418700 -5.92285 -6
7418800 -5.89548 -6
7418900 -5.96695 -6
7419000 -6.38596 -6
7419100 -6.75712 -6
7419200 -6.65054 -6
7419300 -6.55011 -6
7419400 -6.29011 -6
7419500 -6.18609 -6
7419600 -6.34083 -6
7419700 -6.22686 -6
7419800 -6.10963 -6
7419900 -6.12098 -6
7420000 -6.11416 -6
7420100 -6.17002 -6
7420200 -6.0207 -6
7420300 -5.99349 -6
7420400 -5.97717 -6
7420500 -5.98817 -6
7420600 -6.27892 -6
7420700 -6.43457 -6
7420800 -6.81887 -6
7420900 -6.66535 -6
7421000 -6.57314 -6
7421100 -6.61212 -6
7421200 -6.48823 -6
7421300 -6.30624 -6
7421400 -6.11039 -6
7421500 -6.30188 -6
7421600 -6.73426 -6
7421700 -6.69597 -6
7421800 -6.35279 -6
7421900 -6.20515 -6
7422000 -5.91276 -6
7422100 -6.02071 -6
7422200 -5.98692 -6
7422300 -6.29442 -6
7422400 -6.79024 -6
7422500 -7.15585 -6
7422600 -6.82209 -6
7422700 -6.03821 -6
7422800 -5.62427 -6
7422900 -5.93189 -6
7423000 -6.50728 -6
7423100 -6.75397 -6
7423200 -6.6353 -6
7423300 -6.68068 -6
7423400 -6.6918 -6
7423500 -6.59165 -6
7423600 -6.4792 -6
7423700 -6.51508 -6
7423800 -6.85208 -6
7423900 -6.78182 -6
7424000 -6.47205 -6
7424100 -6.8246 -6
7424200 -6.92044 -6
7424300 -6.67096 -6
7424400 -6.67091 -6
7424500 -6.51841 -6
7424600 -6.28438 -6
7424700 -6.19897 -6
7424800 -6.27448 -6
7424900 -6.06795 -6
7425000 -5.98305 -6
7425100 -6.11903 -6
7425200 -6.44261 -6
7425300 -6.28248 -6
7425400 -5.99694 -6
7425500 -6.07746 -6
7425600 -6.13541 -6
7425700 -6.22825 -6
7425800 -6.08699 -6
7425900 -6.09124 -6
7426000 -6.43002 -6
7426100 -6.51836 -6
7426200 -6.59872 -6
7426300 -6.50541 -6
7426400 -6.64782 -6
7426500 -6.42241 -6
7426600 -6.24255 -6
7426700 -5.87077 -6
7426800 -6.04691 -6
7426900 -6.39315 -6
7427000 -6.61496 -6
7427100 -6.76648 -6
7427200 -6.93089 -6
7427300 -6.72533 -6
7427400 -6.82354 -6
7427500 -6.50537 -6
7427600 -6.033 -6
7427700 -5.84904 -6
7427800 -5.80317 -6
7427900 -6.27168 -6
7428000 -6.56574 -6
7428100 -6.40672 -6
7428200 -6.51847 -6
7428300 -7.01329 -6
7428400 -7.02197 -6
7428500 -6.824 -6
7428600 -6.85859 -6
7428700 -6.66538 -6
7428800 -6.38598 -6
7428900 -6.29379 -6
7429000 -6.19824 -6
7429100 -6.13652 -6
7429200 -6.03707 -6
7429300 -6.25173 -6
7429400 -6.55407 -6
7429500 -7.21032 -6
7429600 -7.18421 -6
7429700 -6.87366 -6
7429800 -6.54219 -6
7429900 -6.71957 -6
7430000 -6.65079 -6
7430100 -6.40848 -6
7430200 -6.37279 -6
7430300 -6.16167 -6
7430400 -6.33751 -6
7430500 -6.83868 -6
7430600 -7.22214 -6
7430700 -7.20124 -6
7430800 -6.8268 -6
7430900 -6.72037 -6
7431000 -6.53827 -6
7431100 -6.59386 -6
7431200 -6.38716 -6
7431300 -6.32705 -6
7431400 -6.38112 -6
7431500 -6.29478 -6
7431600 -6.34069 -6
7431700 -6.6325 -6
7431800 -6.25026 -6
7431900 -6.13806 -6
7432000 -6.3318 -6
7432100 -6.46951 -6
7432200 -6.56446 -6
7432300 -6.64643 -6
7432400 -6.70804 -6
7432500 -6.6823 -6
7432600 -6.74777 -6
7432700 -6.78765 -6
7432800 -6.46514 -6
7432900 -6.11235 -6
7433000 -6.39142 -6
7433100 -6.56353 -6
7433200 -6.39316 -6
7433300 -6.30407 -6
7433400 -6.57657 -6
7433500 -6.54943 -6
7433600 -6.77433 -6
7433700 -6.80062 -6
7433800 -6.55711 -6
7433900 -6.72687 -6
7434000 -6.89653 -6
7434100 -6.90324 -6
7434200 -6.75673 -6
7434300 -6.51438 -6
7434400 -6.212 -6
7434500 -6.06462 -6
7434600 -6.08679 -6
7434700 -6.41611 -6
7434800 -6.57524 -6
7434900 -6.6659 -6
7435000 -6.52964 -6
7435100 -6.59366 -6
7435200 -6.75116 -6
7435300 -6.65754 -6
7435400 -6.51916 -6
7435500 -6.67648 -6
7435600 -6.39338 -6
7435700 -6.0684 -6
7435800 -6.14861 -6
7435900 -6.57541 -6
7436000 -6.46558 -6
7436100 -6.26659 -6
7436200 -6.06631 -6
7436300 -6.28217 -6
7436400 -6.52155 -6
7436500 -6.53747 -6
7436600 -6.602 -6
7436700 -6.71208 -6
7436800 -6.72857 -6
7436900 -6.66467 -6
7437000 -6.35475 -6
7437100 -6.3978 -6
7437200 -6.66519 -6
7437300 -6.95808 -6
7437400 -6.98709 -6
7437500 -6.9388 -6
7437600 -6.94435 -6
7437700 -6.86884 -6
7437800 -6.50193 -6
7437900 -6.44681 -6
7438000 -6.26569 -6
7438100 -6.32158 -6
7438200 -6.48427 -6
7438300 -6.45749 -6
7438400 -6.54799 -6
7438500 -6.7805 -6
7438600 -6.84208 -6
7438700 -6.68565 -6
7438800 -6.39066 -6
7438900 -6.14042 -6
7439000 -6.06861 -6
7439100 -6.43022 -6
7439200 -6.42953 -6
7439300 -6.35089 -6
7439400 -6.12124 -6
7439500 -6.20434 -6
7439600 -6.38989 -6
7439700 -6.73494 -6
7439800 -6.73854 -6
7439900 -6.55112 -6
7440000 -6.58622 -6
7440100 -6.54586 -6
7440200 -6.22095 -6
7440300 -6.32069 -6
7440400 -6.40941 -6
7440500 -6.74865 -6
7440600 -6.5542 -6
7440700 -6.65598 -6
7440800 -6.68276 -6
7440900 -6.58157 -6
7441000 -6.396 -6
7441100 -6.08637 -6
7441200 -5.99455 -6
7441300 -6.11159 -6
7441400 -6.54146 -6
7441500 -6.55219 -6
7441600 -6.62634 -6
7441700 -6.51768 -6
7441800 -6.17076 -6
7441900 -6.1792 -6
7442000 -6.34094 -6
7442100 -6.59085 -6
7442200 -6.78995 -6
7442300 -6.78827 -6
7442400 -6.79658 -6
7442500 -6.70607 -6
7442600 -6.42597 -6
7442700 -6.01578 -6
7442800 -5.96475 -6
7442900 -6.16823 -6
7443000 -6.30246 -6
7443100 -6.5175 -6
7443200 -6.83239 -6
7443300 -6.88681 -6
7443400 -6.64661 -6
7443500 -6.51432 -6
7443600 -6.65125 -6
7443700 -7.00351 -6
7443800 -6.95682 -6
7443900 -6.82384 -6
7444000 -6.81237 -6
7444100 -6.7044 -6
7444200 -6.27695 -6
7444300 -6.13311 -6
7444400 -6.25087 -6
7444500 -6.24832 -6
7444600 -6.35948 -6
7444700 -6.14129 -6
7444800 -6.18029 -6
7444900 -6.26252 -6
7445000 -6.24617 -6
7445100 -6.6491 -6
7445200 -6.77521 -6
7445300 -6.63589 -6
7445400 -6.65809 -6
7445500 -6.65119 -6
7445600 -7.08015 -6
7445700 -7.25569 -6
7445800 -6.95808 -6
7445900 -6.81928 -6
7446000 -6.56401 -6
7446100 -6.34942 -6
7446200 -6.28615 -6
7446300 -6.75332 -6
7446400 -6.86268 -6
7446500 -6.73684 -6
7446600 -6.3619 -6
7446700 -6.09388 -6
7446800 -6.09914 -6
7446900 -6.46042 -6
7447000 -6.55435 -6
7447100 -6.52997 -6
7447200 -6.5664 -6
7447300 -6.36114 -6
7447400 -6.14731 -6
7447500 -6.2291 -6
7447600 -6.3931 -6
7447700 -6.10286 -6
7447800 -6.31718 -6
7447900 -6.71036 -6
7448000 -6.92839 -6
7448100 -7.07048 -6
7448200 -7.08454 -6
7448300 -7.13888 -6
7448400 -7.07623 -6
7448500 -6.95974 -6
7448600 -6.66941 -6
7448700 -6.39861 -6
7448800 -6.40071 -6
7448900 -6.68883 -6
7449000 -6.87783 -6
7449100 -6.90139 -6
7449200 -6.96146 -6
7449300 -6.7386 -6
7449400 -6.70876 -6
7449500 -6.90718 -6
7449600 -6.90363 -6
7449700 -6.59953 -6
7449800 -6.39164 -6
7449900 -6.33449 -6
7450000 -6.07179 -6
7450100 -5.9916 -6
7450200 -6.07033 -6
7450300 -6.18981 -6
7450400 -6.1378 -6
7450500 -6.23572 -6
7450600 -6.73794 -6
7450700 -7.01705 -6
7450800 -6.88761 -6
7450900 -6.9823 -6
7451000 -6.95259 -6
7451100 -6.7419 -6
7451200 -6.49682 -6
7451300 -6.52354 -6
7451400 -6.40958 -6
7451500 -6.27304 -6
7451600 -6.27413 -6
7451700 -6.42967 -6
7451800 -6.61048 -6
7451900 -6.7441 -6
7452000 -6.36506 -6
7452100 -6.31962 -6
7452200 -6.35181 -6
7452300 -6.54128 -6
7452400 -6.69454 -6
7452500 -6.67679 -6
7452600 -6.23421 -6
7452700 -6.29192 -6
7452800 -6.20843 -6
7452900 -5.96043 -6
7453000 -6.1495 -6
7453100 -6.37491 -6
7453200 -6.25591 -6
7453300 -6.36346 -6
7453400 -6.27471 -6
7453500 -6.05113 -6
7453600 -6.1604 -6
7453700 -6.03145 -6
7453800 -6.01373 -6
7453900 -6.11421 -6
7454000 -6.54116 -6
7454100 -6.77771 -6
7454200 -6.43172 -6
7454300 -6.19329 -6
7454400 -6.287 -6
7454500 -5.93165 -6
7454600 -6.24275 -6
7454700 -6.4299 -6
7454800 -6.25272 -6
7454900 -6.13143 -6
7455000 -6.133 -6
7455100 -5.94903 -6
7455200 -6.23542 -6
7455300 -6.26945 -6
7455400 -6.0616 -6
7455500 -5.73625 -6
7455600 -5.84863 -6
7455700 -6.09452 -6
7455800 -6.40561 -6
7455900 -6.64054 -6
7456000 -6.64381 -6
7456100 -6.5843 -6
7456200 -6.39832 -6
7456300 -6.65117 -6
7456400 -6.88528 -6
7456500 -6.79952 -6
7456600 -6.6055 -6
7456700 -6.39575 -6
7456800 -6.18405 -6
7456900 -5.88461 -6
7457000 -6.08609 -6
7457100 -6.51831 -6
7457200 -6.7453 -6
7457300 -6.59161 -6
7457400 -6.46833 -6
7457500 -6.61094 -6
7457600 -6.64011 -6
7457700 -6.30897 -6
7457800 -6.12461 -6
7457900 -6.23686 -6
7458000 -6.34233 -6
7458100 -6.27794 -6
7458200 -6.22574 -6
7458300 -6.35529 -6
7458400 -6.53306 -6
7458500 -6.3076 -6
7458600 -5.94345 -6
7458700 -5.76209 -6
7458800 -5.88611 -6
7458900 -5.8032 -6
7459000 -6.0229 -6
7459100 -6.34459 -6
7459200 -6.49658 -6
7459300 -6.39887 -6
7459400 -6.26421 -6
7459500 -6.16816 -6
7459600 -6.13082 -6
7459700 -6.18121 -6
7459800 -6.25137 -6
7459900 -6.59151 -6
7460000 -6.8251 -6
7460100 -6.8818 -6
7460200 -6.56715 -6
7460300 -6.58676 -6
7460400 -6.76739 -6
7460500 -6.56495 -6
7460600 -6.51839 -6
7460700 -6.60517 -6
7460800 -6.51435 -6
7460900 -6.44742 -6
7461000 -6.6124 -6
7461100 -6.60192 -6
7461200 -6.46072 -6
7461300 -6.41422 -6
7461400 -6.33482 -6
7461500 -6.44984 -6
7461600 -6.81511 -6
7461700 -6.74681 -6
7461800 -6.65364 -6
7461900 -6.74921 -6
7462000 -6.65302 -6
7462100 -6.29537 -6
7462200 -6.2871 -6
7462300 -6.54228 -6
7462400 -6.4413 -6
7462500 -6.2182 -6
7462600 -6.00813 -6
7462700 -5.93184 -6
7462800 -5.883 -6
7462900 -6.08203 -6
7463000 -6.03487 -6
7463100 -6.33655 -6
7463200 -6.15813 -6
7463300 -6.26934 -6
7463400 -6.44175 -6
7463500 -6.36874 -6
7463600 -6.19008 -6
7463700 -5.9178 -6
7463800 -5.93184 -6
7463900 -6.04548 -6
7464000 -6.21029 -6
7464100 -5.90022 -6
7464200 -5.87728 -6
7464300 -5.96063 -6
7464400 -6.09709 -6
7464500 -6.48589 -6
7464600 -6.56028 -6
7464700 -6.46906 -6
7464800 -6.25943 -6
7464900 -6.17344 -6
7465000 -6.17203 -6
7465100 -6.15233 -6
7465200 -6.04682 -6
7465300 -5.85103 -6
7465400 -5.70556 -6
7465500 -5.99409 -6
7465600 -6.08888 -6
7465700 -6.06084 -6
7465800 -6.51177 -6
7465900 -6.52453 -6
7466000 -6.38356 -6
7466100 -6.44908 -6
7466200 -6.62397 -6
7466300 -6.33802 -6
7466400 -5.95077 -6
7466500 -5.93036 -6
7466600 -5.95713 -6
7466700 -6.13987 -6
7466800 -6.53661 -6
7466900 -6.5881 -6
7467000 -6.37867 -6
7467100 -6.38794 -6
7467200 -6.60691 -6
7467300 -6.60888 -6
7467400 -6.57111 -6
7467500 -6.33711 -6
7467600 -5.89303 -6
7467700 -5.76927 -6
7467800 -5.8255 -6
7467900 -5.77945 -6
7468000 -6.07737 -6
7468100 -6.52199 -6
7468200 -6.50753 -6
7468300 -6.44224 -6
7468400 -6.6605 -6
7468500 -6.98088 -6
7468600 -6.86676 -6
7468700 -6.65248 -6
7468800 -6.58912 -6
7468900 -6.82372 -6
7469000 -6.73665 -6
7469100 -6.6324 -6
7469200 -6.63615 -6
7469300 -6.76301 -6
7469400 -6.78688 -6
7469500 -6.69152 -6
7469600 -6.46572 -6
7469700 -6.37188 -6
7469800 -6.39557 -6
7469900 -6.57874 -6
7470000 -6.45686 -6
7470100 -6.35292 -6
7470200 -6.28264 -6
7470300 -6.23399 -6
7470400 -6.19994 -6
7470500 -6.32788 -6
7470600 -6.3736 -6
7470700 -6.20959 -6
7470800 -6.205 -6
7470900 -6.4399 -6
7471000 -6.26433 -6
7471100 -6.11574 -6
7471200 -6.00239 -6
7471300 -5.85877 -6
7471400 -5.87192 -6
7471500 -5.88484 -6
7471600 -6.19255 -6
7471700 -6.41094 -6
7471800 -6.37082 -6
7471900 -6.24835 -6
7472000 -6.43322 -6
7472100 -6.30791 -6
7472200 -6.15692 -6
7472300 -6.00024 -6
7472400 -6.07703 -6
7472500 -6.45106 -6
7472600 -6.70785 -6
7472700 -6.39173 -6
7472800 -5.93572 -6
7472900 -6.07634 -6
7473000 -6.14554 -6
7473100 -6.23857 -6
7473200 -6.32706 -6
7473300 -6.29891 -6
7473400 -6.26626 -6
7473500 -6.03305 -6
7473600 -6.06333 -6
7473700 -6.14332 -6
7473800 -5.92662 -6
7473900 -6.08913 -6
7474000 -6.28374 -6
7474100 -6.38759 -6
7474200 -6.37592 -6
7474300 -6.44304 -6
7474400 -6.34581 -6
7474500 -6.40067 -6
7474600 -6.6442 -6
7474700 -6.87538 -6
7474800 -7.11122 -6
7474900 -6.74246 -6
7475000 -6.38339 -6
7475100 -6.24219 -6
7475200 -6.22054 -6
7475300 -6.16277 -6
7475400 -6.20161 -6
7475500 -6.36054 -6
7475600 -6.46142 -6
7475700 -6.3585 -6
7475800 -6.56582 -6
7475900 -6.60781 -6
7476000 -6.66264 -6
7476100 -6.7456 -6
7476200 -7.02 -6
7476300 -6.94627 -6
7476400 -6.73547 -6
7476500 -6.6361 -6
7476600 -6.74468 -6
7476700 -6.51296 -6
7476800 -6.48352 -6
7476900 -6.11875 -6
7477000 -6.12686 -6
7477100 -6.12051 -6
7477200 -6.12722 -6
7477300 -6.50373 -6
7477400 -6.69864 -6
7477500 -6.26209 -6
7477600 -6.00411 -6
7477700 -6.06844 -6
7477800 -6.43165 -6
7477900 -6.7317 -6
7478000 -6.71734 -6
7478100 -6.66738 -6
7478200 -6.54868 -6
7478300 -6.41824 -6
7478400 -6.61452 -6
7478500 -6.45046 -6
7478600 -6.09296 -6
7478700 -5.79792 -6
7478800 -5.86817 -6
7478900 -6.38269 -6
7479000 -6.20347 -6
7479100 -5.86079 -6
7479200 -5.89073 -6
7479300 -6.12393 -6
7479400 -6.1437 -6
7479500 -6.08875 -6
7479600 -6.31269 -6
7479700 -6.2931 -6
7479800 -6.24092 -6
7479900 -6.09141 -6
7480000 -6.16164 -6
7480100 -6.36109 -6
7480200 -6.27924 -6
7480300 -6.02042 -6
7480400 -5.70071 -6
7480500 -5.88571 -6
7480600 -6.10742 -6
7480700 -6.14278 -6
7480800 -5.967 -6
7480900 -5.89541 -6
7481000 -6.08663 -6
7481100 -6.19167 -6
7481200 -6.35367 -6
7481300 -6.61642 -6
7481400 -6.41552 -6
7481500 -6.29447 -6
7481600 -6.12981 -6
7481700 -6.33689 -6
7481800 -6.38295 -6
7481900 -6.31785 -6
7482000 -6.37973 -6
7482100 -6.37573 -6
7482200 -6.18623 -6
7482300 -6.17626 -6
7482400 -6.45534 -6
7482500 -6.44221 -6
7482600 -5.98053 -6
7482700 -6.00588 -6
7482800 -6.3756 -6
7482900 -6.4028 -6
7483000 -6.39055 -6
7483100 -6.43353 -6
7483200 -6.23598 -6
7483300 -6.15358 -6
7483400 -6.286 -6
7483500 -6.16471 -6
7483600 -6.23721 -6
7483700 -6.28708 -6
7483800 -6.25954 -6
7483900 -6.14637 -6
7484000 -6.17614 -6
7484100 -6.35847 -6
7484200 -6.40687 -6
7484300 -6.27617 -6
7484400 -6.33208 -6
7484500 -6.14508 -6
7484600 -6.19762 -6
7484700 -6.70253 -6
7484800 -6.68973 -6
7484900 -6.93899 -6
7485000 -6.74259 -6
7485100 -6.37641 -6
7485200 -6.42704 -6
7485300 -6.36658 -6
7485400 -6.48487 -6
7485500 -6.39377 -6
7485600 -6.20627 -6
7485700 -6.14878 -6
7485800 -6.03831 -6
7485900 -5.94464 -6
7486000 -5.71601 -6
7486100 -5.82895 -6
7486200 -6.26863 -6
7486300 -6.59069 -6
7486400 -6.85847 -6
7486500 -6.87771 -6
7486600 -6.70553 -6
7486700 -6.56722 -6
7486800 -6.4777 -6
7486900 -6.34848 -6
7487000 -6.3702 -6
7487100 -6.49695 -6
7487200 -6.2022 -6
7487300 -6.35597 -6
7487400 -6.28246 -6
7487500 -6.17237 -6
7487600 -6.26022 -6
7487700 -6.41323 -6
7487800 -6.42597 -6
7487900 -6.27893 -6
7488000 -6.52228 -6
7488100 -6.88576 -6
7488200 -6.87263 -6
7488300 -6.82632 -6
7488400 -6.68569 -6
7488500 -6.70522 -6
7488600 -6.56637 -6
7488700 -6.82392 -6
7488800 -6.92 -6
7488900 -6.6859 -6
7489000 -6.4683 -6
7489100 -6.38941 -6
7489200 -6.32341 -6
7489300 -6.1251 -6
7489400 -6.12546 -6
7489500 -6.25621 -6
7489600 -5.9593 -6
7489700 -5.86219 -6
7489800 -6.31878 -6
7489900 -6.55308 -6
7490000 -6.57831 -6
7490100 -6.86721 -6
7490200 -6.5778 -6
7490300 -6.18742 -6
7490400 -5.92748 -6
7490500 -6.17747 -6
7490600 -6.50385 -6
7490700 -6.60352 -6
7490800 -6.71761 -6
7490900 -6.77075 -6
7491000 -6.83675 -6
7491100 -6.67813 -6
7491200 -6.61373 -6
7491300 -6.40868 -6
7491400 -6.54694 -6
7491500 -6.49137 -6
7491600 -6.40847 -6
7491700 -6.61751 -6
7491800 -6.74117 -6
7491900 -6.61723 -6
7492000 -6.55099 -6
7492100 -6.50693 -6
7492200 -6.34609 -6
7492300 -6.28332 -6
7492400 -6.21715 -6
7492500 -6.08959 -6
7492600 -5.9139 -6
7492700 -6.17795 -6
7492800 -6.4517 -6
7492900 -6.59075 -6
7493000 -6.88557 -6
7493100 -6.66418 -6
7493200 -6.2043 -6
7493300 -6.16724 -6
7493400 -6.09826 -6
7493500 -6.0768 -6
7493600 -6.35778 -6
7493700 -6.43599 -6
7493800 -6.25514 -6
7493900 -6.17605 -6
7494000 -6.29117 -6
7494100 -6.01751 -6
7494200 -5.65032 -6
7494300 -5.60917 -6
7494400 -6.17442 -6
7494500 -6.45511 -6
7494600 -6.55916 -6
7494700 -6.19143 -6
7494800 -6.21064 -6
7494900 -6.205 -6
7495000 -6.31097 -6
7495100 -6.31381 -6
7495200 -6.32731 -6
7495300 -6.84523 -6
7495400 -7.11056 -6
7495500 -7.0795 -6
7495600 -6.72242 -6
7495700 -6.39587 -6
7495800 -6.03675 -6
7495900 -5.91866 -6
7496000 -6.19589 -6
7496100 -6.45769 -6
7496200 -6.53012 -6
7496300 -6.39665 -6
7496400 -6.3622 -6
7496500 -6.00325 -6
7496600 -6.28834 -6
7496700 -6.5479 -6
7496800 -6.55082 -6
7496900 -6.71001 -6
7497000 -6.53976 -6
7497100 -6.59897 -6
7497200 -6.46552 -6
7497300 -6.45107 -6
7497400 -6.31445 -6
7497500 -5.99207 -6
7497600 -6.0382 -6
7497700 -6.55611 -6
7497800 -6.66426 -6
7497900 -6.72914 -6
7498000 -6.61632 -6
7498100 -6.47626 -6
7498200 -6.51387 -6
7498300 -6.40686 -6
7498400 -6.59587 -6
7498500 -6.59496 -6
7498600 -6.64669 -6
7498700 -6.88051 -6
7498800 -6.76178 -6
7498900 -6.65988 -6
7499000 -6.55676 -6
7499100 -6.4754 -6
7499200 -6.6842 -6
7499300 -6.73932 -6
7499400 -6.67339 -6
7499500 -6.63489 -6
7499600 -6.27131 -6
7499700 -6.02539 -6
7499800 -5.77781 -6
7499900 -6.01012 -6
7500000 -6.3828 -6
7500100 -6.60538 -6
7500200 -6.57116 -6
7500300 -6.52605 -6
7500400 -6.39277 -6
7500500 -6.48187 -6
7500600 -6.3323 -6
7500700 -6.16156 -6
7500800 -5.98985 -6
7500900 -6.24382 -6
7501000 -6.54299 -6
7501100 -7.14664 -6
7501200 -6.81446 -6
7501300 -6.47851 -6
7501400 -6.12306 -6
7501500 -6.10791 -6
7501600 -6.09003 -6
7501700 -6.36712 -6
7501800 -6.49068 -6
7501900 -6.38605 -6
7502000 -6.30662 -6
7502100 -6.2515 -6
7502200 -6.30892 -6
7502300 -6.3823 -6
7502400 -6.64425 -6
7502500 -6.85204 -6
7502600 -6.66709 -6
7502700 -6.20584 -6
7502800 -6.00048 -6
7502900 -5.8398 -6
7503000 -6.06617 -6
7503100 -6.34719 -6
7503200 -6.64149 -6
7503300 -6.92385 -6
7503400 -7.09109 -6
7503500 -6.85361 -6
7503600 -6.88394 -6
7503700 -6.95734 -6
7503800 -6.78608 -6
7503900 -6.32385 -6
7504000 -6.4901 -6
7504100 -6.4253 -6
7504200 -6.30362 -6
7504300 -6.6049 -6
7504400 -6.8199 -6
7504500 -6.74013 -6
7504600 -6.72546 -6
7504700 -6.6678 -6
7504800 -6.50676 -6
7504900 -6.41371 -6
7505000 -6.46556 -6
7505100 -6.39182 -6
7505200 -6.55161 -6
7505300 -6.55782 -6
7505400 -6.2437 -6
7505500 -6.18264 -6
7505600 -6.29468 -6
7505700 -6.44977 -6
7505800 -6.36351 -6
7505900 -6.25113 -6
7506000 -6.2508 -6
7506100 -6.02936 -6
7506200 -5.88325 -6
7506300 -6.32745 -6
7506400 -6.74399 -6
7506500 -6.91785 -6
7506600 -6.60735 -6
7506700 -6.42213 -6
7506800 -6.43387 -6
7506900 -6.311 -6
7507000 -6.31657 -6
7507100 -6.6374 -6
7507200 -6.762 -6
7507300 -6.57482 -6
7507400 -6.51642 -6
7507500 -6.44648 -6
7507600 -6.46714 -6
7507700 -6.8113 -6
7507800 -6.74992 -6
7507900 -6.42575 -6
7508000 -6.24223 -6
7508100 -6.06244 -6
7508200 -5.81102 -6
7508300 -5.83172 -6
7508400 -5.98845 -6
7508500 -5.95594 -6
7508600 -5.96918 -6
7508700 -6.0705 -6
7508800 -5.8158 -6
7508900 -6.05741 -6
7509000 -6.47378 -6
7509100 -6.90107 -6
7509200 -6.80326 -6
7509300 -6.66055 -6
7509400 -6.72353 -6
7509500 -6.54648 -6
7509600 -6.46858 -6
7509700 -6.31445 -6
7509800 -6.15583 -6
7509900 -6.00029 -6
7510000 -6.33122 -6
7510100 -6.79388 -6
7510200 -6.85338 -6
7510300 -6.5522 -6
7510400 -6.09962 -6
7510500 -6.06519 -6
7510600 -6.11941 -6
7510700 -6.22914 -6
7510800 -6.20769 -6
7510900 -5.92061 -6
7511000 -6.10213 -6
7511100 -6.05515 -6
7511200 -6.06372 -6
7511300 -6.0011 -6
7511400 -6.12924 -6
7511500 -5.90982 -6
7511600 -5.90203 -6
7511700 -6.01382 -6
7511800 -6.14006 -6
7511900 -6.18325 -6
7512000 -6.34748 -6
7512100 -6.33669 -6
7512200 -6.63999 -6
7512300 -6.6618 -6
7512400 -6.7578 -6
7512500 -6.67821 -6
7512600 -6.19244 -6
7512700 -5.81031 -6
7512800 -5.73256 -6
7512900 -6.11054 -6
7513000 -6.22203 -6
7513100 -6.01607 -6
7513200 -6.10374 -6
7513300 -6.29306 -6
7513400 -6.32057 -6
7513500 -5.95114 -6
7513600 -5.79926 -6
7513700 -6.00129 -6
7513800 -6.25648 -6
7513900 -6.44922 -6
7514000 -6.33979 -6
7514100 -6.17596 -6
7514200 -6.12656 -6
7514300 -6.16753 -6
7514400 -5.96327 -6
7514500 -6.04709 -6
7514600 -6.24034 -6
7514700 -6.05306 -6
7514800 -6.07813 -6
7514900 -6.13389 -6
7515000 -6.34003 -6
7515100 -6.39839 -6
7515200 -6.30893 -6
7515300 -5.91331 -6
7515400 -5.80941 -6
7515500 -5.91431 -6
7515600 -6.19123 -6
7515700 -6.473 -6
7515800 -6.57821 -6
7515900 -6.64696 -6
7516000 -6.6062 -6
7516100 -6.6459 -6
7516200 -6.69423 -6
7516300 -6.67295 -6
7516400 -6.73668 -6
7516500 -6.60818 -6
7516600 -6.34638 -6
7516700 -6.39483 -6
7516800 -6.4112 -6
7516900 -6.46854 -6
7517000 -6.43106 -6
7517100 -6.41383 -6
7517200 -6.31881 -6
7517300 -5.91306 -6
7517400 -6.11817 -6
7517500 -6.4282 -6
7517600 -6.38567 -6
7517700 -6.57378 -6
7517800 -6.6889 -6
7517900 -6.53749 -6
7518000 -6.49637 -6
7518100 -6.50685 -6
7518200 -6.16611 -6
7518300 -6.24618 -6
7518400 -6.38643 -6
7518500 -6.43231 -6
7518600 -6.67233 -6
7518700 -6.4234 -6
7518800 -6.5364 -6
7518900 -6.56245 -6
7519000 -6.23225 -6
7519100 -6.26056 -6
7519200 -6.5626 -6
7519300 -6.62833 -6
7519400 -6.33809 -6
7519500 -6.14382 -6
7519600 -6.38782 -6
7519700 -6.50552 -6
7519800 -6.68549 -6
7519900 -6.95657 -6
7520000 -6.85468 -6
7520100 -6.80511 -6
7520200 -6.66705 -6
7520300 -6.50055 -6
7520400 -6.53691 -6
7520500 -6.77774 -6
7520600 -6.80395 -6
7520700 -6.79198 -6
7520800 -6.68752 -6
7520900 -6.74976 -6
7521000 -6.61138 -6
7521100 -6.62092 -6
7521200 -6.31857 -6
7521300 -6.23187 -6
7521400 -6.17021 -6
7521500 -6.4633 -6
7521600 -6.47522 -6
7521700 -6.33277 -6
7521800 -6.03344 -6
7521900 -5.7341 -6
7522000 -5.91074 -6
7522100 -6.57791 -6
7522200 -6.82499 -6
7522300 -6.67939 -6
7522400 -6.72441 -6
7522500 -6.77509 -6
7522600 -6.73842 -6
7522700 -6.68234 -6
7522800 -6.36971 -6
7522900 -6.34172 -6
7523000 -6.42531 -6
7523100 -6.78579 -6
7523200 -6.92989 -6
7523300 -6.7355 -6
7523400 -6.71452 -6
7523500 -6.47595 -6
7523600 -5.99327 -6
7523700 -6.15353 -6
7523800 -6.33579 -6
7523900 -6.4911 -6
7524000 -6.52231 -6
7524100 -6.70105 -6
7524200 -6.8493 -6
7524300 -6.92952 -6
7524400 -7.07342 -6
7524500 -6.93019 -6
7524600 -6.60828 -6
7524700 -6.51092 -6
7524800 -6.82674 -6
7524900 -6.97845 -6
7525000 -6.84765 -6
7525100 -6.56266 -6
7525200 -6.41569 -6
7525300 -6.3257 -6
7525400 -6.29188 -6
7525500 -6.48698 -6
7525600 -6.44037 -6
7525700 -6.38475 -6
7525800 -6.20959 -6
7525900 -6.02368 -6
7526000 -6.10621 -6
7526100 -6.05926 -6
7526200 -5.89758 -6
7526300 -5.80667 -6
7526400 -5.75412 -6
7526500 -5.99884 -6
7526600 -6.39363 -6
7526700 -6.61417 -6
7526800 -6.43571 -6
7526900 -6.50267 -6
7527000 -6.4821 -6
7527100 -6.34675 -6
7527200 -6.1874 -6
7527300 -6.03062 -6
7527400 -6.14682 -6
7527500 -6.28157 -6
7527600 -6.34363 -6
7527700 -6.47288 -6
7527800 -6.72045 -6
7527900 -6.69154 -6
7528000 -6.38347 -6
7528100 -6.18738 -6
7528200 -6.19257 -6
7528300 -6.45288 -6
7528400 -6.44796 -6
7528500 -6.60912 -6
7528600 -6.64755 -6
7528700 -6.56016 -6
7528800 -6.42496 -6
7528900 -6.4163 -6
7529000 -6.29159 -6
7529100 -6.2354 -6
7529200 -6.14729 -6
7529300 -5.98826 -6
7529400 -6.04746 -6
7529500 -6.0873 -6
7529600 -6.29033 -6
7529700 -6.58699 -6
7529800 -6.52356 -6
7529900 -6.31958 -6
7530000 -6.33445 -6
7530100 -6.25959 -6
7530200 -6.2216 -6
7530300 -6.01086 -6
7530400 -6.1064 -6
7530500 -6.25161 -6
7530600 -5.97919 -6
7530700 -5.898 -6
7530800 -6.33075 -6
7530900 -6.46318 -6
7531000 -6.40496 -6
7531100 -6.2155 -6
7531200 -6.25428 -6
7531300 -6.34194 -6
7531400 -6.36349 -6
7531500 -6.21776 -6
7531600 -6.26084 -6
7531700 -6.2263 -6
7531800 -6.12606 -6
7531900 -6.3172 -6
7532000 -6.35896 -6
7532100 -6.50764 -6
7532200 -6.62893 -6
7532300 -6.6324 -6
7532400 -6.61403 -6
7532500 -6.65044 -6
7532600 -6.43251 -6
7532700 -6.27531 -6
7532800 -6.24918 -6
7532900 -6.12986 -6
7533000 -6.10284 -6
7533100 -5.87195 -6
7533200 -5.85707 -6
7533300 -5.93262 -6
7533400 -5.96061 -6
7533500 -5.87427 -6
7533600 -5.81512 -6
7533700 -5.71014 -6
7533800 -6.00517 -6
7533900 -6.09868 -6
7534000 -6.08256 -6
7534100 -6.58053 -6
7534200 -6.60747 -6
7534300 -6.54741 -6
7534400 -6.0032 -6
7534500 -5.72351 -6
7534600 -5.84874 -6
7534700 -5.92864 -6
7534800 -6.17631 -6
7534900 -6.1668 -6
7535000 -6.38824 -6
7535100 -6.26898 -6
7535200 -6.26993 -6
7535300 -6.45325 -6
7535400 -6.57219 -6
7535500 -6.91242 -6
7535600 -6.75664 -6
7535700 -6.72633 -6
7535800 -6.5912 -6
7535900 -6.39372 -6
7536000 -6.11242 -6
7536100 -6.00396 -6
7536200 -6.18638 -6
7536300 -6.28157 -6
7536400 -6.63472 -6
7536500 -6.57619 -6
7536600 -6.73727 -6
7536700 -6.76316 -6
7536800 -6.34545 -6
7536900 -6.27544 -6
7537000 -6.16735 -6
7537100 -6.19624 -6
7537200 -6.23835 -6
7537300 -6.38088 -6
7537400 -6.53049 -6
7537500 -6.39617 -6
7537600 -6.17842 -6
7537700 -6.11597 -6
7537800 -6.21307 -6
7537900 -6.25468 -6
7538000 -6.19562 -6
7538100 -6.25422 -6
7538200 -6.27246 -6
7538300 -6.32872 -6
7538400 -6.52107 -6
7538500 -6.62826 -6
7538600 -6.73643 -6
7538700 -6.69678 -6
7538800 -6.45107 -6
7538900 -6.42324 -6
7539000 -6.38091 -6
7539100 -6.77268 -6
7539200 -6.73255 -6
7539300 -6.41795 -6
7539400 -6.34035 -6
7539500 -6.52539 -6
7539600 -6.40619 -6
7539700 -6.46028 -6
7539800 -6.4189 -6
7539900 -6.35267 -6
7540000 -6.36925 -6
7540100 -6.44808 -6
7540200 -6.25001 -6
7540300 -6.17511 -6
7540400 -6.70917 -6
7540500 -7.01089 -6
7540600 -6.7598 -6
7540700 -6.32385 -6
7540800 -6.41946 -6
7540900 -6.73765 -6
7541000 -6.69653 -6
7541100 -6.52604 -6
7541200 -6.15795 -6
7541300 -6.24963 -6
7541400 -6.14951 -6
7541500 -6.38355 -6
7541600 -6.18679 -6
7541700 -6.09723 -6
7541800 -6.31652 -6
7541900 -6.65671 -6
7542000 -6.30805 -6
7542100 -5.77362 -6
7542200 -6.00209 -6
7542300 -6.19223 -6
7542400 -6.07038 -6
7542500 -6.43839 -6
7542600 -6.64844 -6
7542700 -6.739 -6
7542800 -6.7138 -6
7542900 -6.80296 -6
7543000 -6.76781 -6
7543100 -6.41034 -6
7543200 -6.30902 -6
7543300 -6.35153 -6
7543400 -6.40532 -6
7543500 -6.42064 -6
7543600 -6.46125 -6
7543700 -6.40771 -6
7543800 -6.20799 -6
7543900 -5.91736 -6
7544000 -5.97763 -6
7544100 -6.22692 -6
7544200 -6.49648 -6
7544300 -6.59892 -6
7544400 -6.67114 -6
7544500 -6.76664 -6
7544600 -6.86985 -6
7544700 -6.90446 -6
7544800 -6.74316 -6
7544900 -6.50945 -6
7545000 -6.44844 -6
7545100 -6.14281 -6
7545200 -6.14021 -6
7545300 -6.26444 -6
7545400 -6.41288 -6
7545500 -6.71878 -6
7545600 -6.88735 -6
7545700 -6.99988 -6
7545800 -6.84195 -6
7545900 -6.93234 -6
7546000 -6.81064 -6
7546100 -6.54671 -6
7546200 -6.40238 -6
7546300 -6.41896 -6
7546400 -6.49297 -6
7546500 -6.45875 -6
7546600 -6.48244 -6
7546700 -6.48708 -6
7546800 -6.79417 -6
7546900 -6.64266 -6
7547000 -6.26126 -6
7547100 -6.3385 -6
7547200 -6.6113 -6
7547300 -6.49392 -6
7547400 -6.44892 -6
7547500 -6.89524 -6
7547600 -6.72161 -6
7547700 -6.43368 -6
7547800 -6.24092 -6
7547900 -6.32497 -6
7548000 -6.65079 -6
7548100 -6.85194 -6
7548200 -6.47668 -6
7548300 -6.19417 -6
7548400 -6.12776 -6
7548500 -5.85549 -6
7548600 -6.28992 -6
7548700 -6.1168 -6
7548800 -5.97742 -6
7548900 -6.09805 -6
7549000 -5.94708 -6
7549100 -5.87075 -6
7549200 -6.15871 -6
7549300 -6.38495 -6
7549400 -6.20461 -6
7549500 -6.09661 -6
7549600 -6.1328 -6
7549700 -6.34365 -6
7549800 -6.59245 -6
7549900 -6.76067 -6
7550000 -6.53037 -6
7550100 -6.32959 -6
7550200 -6.15004 -6
7550300 -6.31148 -6
7550400 -6.37144 -6
7550500 -6.07035 -6
7550600 -6.29367 -6
7550700 -6.49177 -6
7550800 -6.65811 -6
7550900 -6.44328 -6
7551000 -6.26686 -6
7551100 -6.17941 -6
7551200 -6.17568 -6
7551300 -6.28296 -6
7551400 -6.40118 -6
7551500 -6.56369 -6
7551600 -6.381 -6
7551700 -6.47165 -6
7551800 -6.47421 -6
7551900 -6.29063 -6
7552000 -6.13296 -6
7552100 -6.06072 -6
7552200 -6.4232 -6
7552300 -6.51974 -6
7552400 -6.36656 -6
7552500 -6.47779 -6
7552600 -6.34462 -6
7552700 -6.63452 -6
7552800 -6.84453 -6
7552900 -6.71428 -6
7553000 -6.34685 -6
7553100 -6.06259 -6
7553200 -6.32772 -6
7553300 -6.52854 -6
7553400 -6.56764 -6
7553500 -6.61391 -6
7553600 -6.68071 -6
7553700 -6.57593 -6
7553800 -6.44897 -6
7553900 -6.37117 -6
7554000 -6.36561 -6
7554100 -6.44365 -6
7554200 -6.5115 -6
7554300 -6.19548 -6
7554400 -6.15537 -6
7554500 -6.18804 -6
7554600 -6.74809 -6
7554700 -6.86215 -6
7554800 -6.57351 -6
7554900 -6.55427 -6
7555000 -6.6479 -6
7555100 -6.80693 -6
7555200 -6.80866 -6
7555300 -6.95329 -6
7555400 -6.96479 -6
7555500 -6.56042 -6
7555600 -6.37967 -6
7555700 -6.09259 -6
7555800 -6.23146 -6
7555900 -6.59144 -6
7556000 -6.52465 -6
7556100 -6.30656 -6
7556200 -6.29938 -6
7556300 -6.37959 -6
7556400 -6.39214 -6
7556500 -6.39395 -6
7556600 -6.48766 -6
7556700 -6.25217 -6
7556800 -5.78972 -6
7556900 -5.84172 -6
7557000 -6.19694 -6
7557100 -6.36713 -6
7557200 -6.1129 -6
7557300 -6.02988 -6
7557400 -6.4672 -6
7557500 -6.85665 -6
7557600 -6.72013 -6
7557700 -6.47775 -6
7557800 -6.61181 -6
7557900 -6.55637 -6
7558000 -6.08554 -6
7558100 -5.86331 -6
7558200 -6.13313 -6
7558300 -6.20489 -6
7558400 -6.31662 -6
7558500 -6.57086 -6
7558600 -6.43001 -6
7558700 -6.23615 -6
7558800 -6.22492 -6
7558900 -6.44637 -6
7559000 -6.62948 -6
7559100 -6.67266 -6
7559200 -6.48523 -6
7559300 -6.07106 -6
7559400 -6.37076 -6
7559500 -6.5086 -6
7559600 -6.53404 -6
7559700 -6.32279 -6
7559800 -6.06626 -6
7559900 -6.07598 -6
7560000 -6.05467 -6
7560100 -6.19333 -6
7560200 -6.1063 -6
7560300 -6.07581 -6
7560400 -6.28351 -6
7560500 -6.31193 -6
7560600 -6.10688 -6
7560700 -6.30076 -6
7560800 -6.20376 -6
7560900 -6.19036 -6
7561000 -6.21445 -6
7561100 -6.49668 -6
7561200 -6.35003 -6
7561300 -6.2698 -6
7561400 -6.15465 -6
7561500 -6.12514 -6
7561600 -6.1497 -6
7561700 -6.09794 -6
7561800 -6.21186 -6
7561900 -6.43302 -6
7562000 -6.48867 -6
7562100 -6.67661 -6
7562200 -6.68835 -6
7562300 -6.40512 -6
7562400 -6.56147 -6
7562500 -6.57367 -6
7562600 -6.37092 -6
7562700 -6.34344 -6
7562800 -6.37901 -6
7562900 -6.05309 -6
7563000 -6.04594 -6
7563100 -6.2604 -6
7563200 -6.35777 -6
7563300 -6.31041 -6
7563400 -6.30912 -6
7563500 -6.16265 -6
7563600 -6.23347 -6
7563700 -6.10105 -6
7563800 -5.92429 -6
7563900 -6.08921 -6
7564000 -6.39958 -6
7564100 -6.37054 -6
7564200 -6.077 -6
7564300 -6.00251 -6
7564400 -6.09616 -6
7564500 -5.96102 -6
7564600 -5.99091 -6
7564700 -6.10273 -6
7564800 -5.91875 -6
7564900 -6.39393 -6
7565000 -6.51469 -6
7565100 -6.34974 -6
7565200 -6 -6
7565300 -5.87648 -6
7565400 -6.03946 -6
7565500 -6.39388 -6
7565600 -6.61294 -6
7565700 -6.52614 -6
7565800 -6.431 -6
7565900 -6.38061 -6
7566000 -6.51972 -6
7566100 -6.5661 -6
7566200 -6.69212 -6
7566300 -6.68799 -6
7566400 -6.23741 -6
7566500 -6.01115 -6
7566600 -6.06491 -6
7566700 -5.98602 -6
7566800 -6.08951 -6
7566900 -6.25555 -6
7567000 -6.28369 -6
7567100 -6.28005 -6
7567200 -6.41773 -6
7567300 -6.27798 -6
7567400 -6.30604 -6
7567500 -6.43715 -6
7567600 -6.45822 -6
7567700 -6.75114 -6
7567800 -6.86014 -6
7567900 -6.7146 -6
7568000 -6.6227 -6
7568100 -6.48117 -6
7568200 -6.47361 -6
7568300 -6.5318 -6
7568400 -6.65238 -6
7568500 -6.34335 -6
7568600 -6.06146 -6
7568700 -6.38322 -6
7568800 -6.67228 -6
7568900 -6.44323 -6
7569000 -6.40286 -6
7569100 -6.53749 -6
7569200 -6.35567 -6
7569300 -5.88713 -6
7569400 -5.86619 -6
7569500 -6.25699 -6
7569600 -6.45684 -6
7569700 -6.39433 -6
7569800 -6.57102 -6
7569900 -6.69055 -6
7570000 -6.53503 -6
7570100 -6.46532 -6
7570200 -6.47254 -6
7570300 -6.65585 -6
7570400 -6.49778 -6
7570500 -5.98117 -6
7570600 -6.32873 -6
7570700 -6.37558 -6
7570800 -6.59265 -6
7570900 -6.68297 -6
7571000 -6.70479 -6
7571100 -6.58885 -6
7571200 -6.67371 -6
7571300 -7.03615 -6
7571400 -7.02307 -6
7571500 -7.00838 -6
7571600 -6.54942 -6
7571700 -6.38219 -6
7571800 -6.47533 -6
7571900 -6.67258 -6
7572000 -6.61912 -6
7572100 -6.61795 -6
7572200 -6.54557 -6
7572300 -6.54018 -6
7572400 -6.43677 -6
7572500 -6.59294 -6
7572600 -6.40555 -6
7572700 -6.45836 -6
7572800 -6.52421 -6
7572900 -6.51658 -6
7573000 -6.51668 -6
7573100 -6.60779 -6
7573200 -6.93689 -6
7573300 -7.18554 -6
7573400 -7.19616 -6
7573500 -7.07527 -6
7573600 -6.67696 -6
7573700 -6.32683 -6
7573800 -6.2793 -6
7573900 -6.44642 -6
7574000 -6.69292 -6
7574100 -6.77165 -6
7574200 -6.56513 -6
7574300 -6.34598 -6
7574400 -6.25907 -6
7574500 -6.24186 -6
7574600 -6.06601 -6
7574700 -5.69339 -6
7574800 -5.72862 -6
7574900 -5.93842 -6
7575000 -6.27932 -6
7575100 -6.47968 -6
7575200 -6.56634 -6
7575300 -6.60676 -6
7575400 -6.38937 -6
7575500 -6.16804 -6
7575600 -5.87299 -6
7575700 -6.09655 -6
7575800 -6.54825 -6
7575900 -6.49048 -6
7576000 -6.7023 -6
7576100 -6.69095 -6
7576200 -6.79215 -6
7576300 -6.73997 -6
7576400 -6.32805 -6
7576500 -5.99992 -6
7576600 -6.11915 -6
7576700 -6.15927 -6
7576800 -6.2155 -6
7576900 -6.08022 -6
7577000 -6.30279 -6
7577100 -6.51277 -6
7577200 -6.21081 -6
7577300 -6.02806 -6
7577400 -5.93954 -6
7577500 -5.91025 -6
7577600 -6.14627 -6
7577700 -5.99229 -6
7577800 -5.89785 -6
7577900 -6.00977 -6
7578000 -6.07689 -6
7578100 -6.05505 -6
7578200 -6.09739 -6
7578300 -6.19317 -6
7578400 -6.235 -6
7578500 -5.81147 -6
7578600 -5.80782 -6
7578700 -6.24927 -6
7578800 -6.36802 -6
7578900 -6.2534 -6
7579000 -6.39406 -6
7579100 -6.52427 -6
7579200 -6.2051 -6
7579300 -6.13082 -6
7579400 -6.38074 -6
7579500 -6.39448 -6
7579600 -6.30851 -6
7579700 -6.58993 -6
7579800 -6.76705 -6
7579900 -6.72537 -6
7580000 -6.74303 -6
7580100 -6.54689 -6
7580200 -6.33142 -6
7580300 -6.8526 -6
7580400 -6.91063 -6
7580500 -6.72061 -6
7580600 -6.54248 -6
7580700 -6.40579 -6
7580800 -6.55183 -6
7580900 -6.45784 -6
7581000 -6.29579 -6
7581100 -6.37309 -6
7581200 -6.46785 -6
7581300 -6.66758 -6
7581400 -6.9856 -6
7581500 -7.15757 -6
7581600 -6.85543 -6
7581700 -6.4429 -6
7581800 -6.31213 -6
7581900 -6.19952 -6
7582000 -5.98326 -6
7582100 -6.16169 -6
7582200 -6.11756 -6
7582300 -5.84026 -6
7582400 -5.91637 -6
7582500 -5.99722 -6
7582600 -5.96027 -6
7582700 -6.12886 -6
7582800 -6.1576 -6
7582900 -6.33465 -6
7583000 -6.34407 -6
7583100 -6.34837 -6
7583200 -6.52557 -6
7583300 -6.71181 -6
7583400 -6.61559 -6
7583500 -6.3289 -6
7583600 -6.05145 -6
7583700 -6.17325 -6
7583800 -6.366 -6
7583900 -6.29337 -6
7584000 -6.13368 -6
7584100 -6.11284 -6
7584200 -6.20026 -6
7584300 -6.53493 -6
7584400 -6.45751 -6
7584500 -6.09777 -6
7584600 -5.85171 -6
7584700 -5.97997 -6
7584800 -6.05476 -6
7584900 -6.42314 -6
7585000 -6.06778 -6
7585100 -5.94995 -6
7585200 -5.84336 -6
7585300 -5.96478 -6
7585400 -6.23042 -6
7585500 -6.27149 -6
7585600 -6.55412 -6
7585700 -6.29441 -6
7585800 -6.27188 -6
7585900 -6.13533 -6
7586000 -5.85262 -6
7586100 -6.01118 -6
7586200 -6.13935 -6
7586300 -6.14851 -6
7586400 -6.24899 -6
7586500 -6.40864 -6
7586600 -6.41976 -6
7586700 -6.28126 -6
7586800 -6.28795 -6
7586900 -6.34317 -6
7587000 -6.09802 -6
7587100 -6.16167 -6
7587200 -6.35393 -6
7587300 -6.46471 -6
7587400 -6.65145 -6
7587500 -6.65511 -6
7587600 -6.63877 -6
7587700 -6.85763 -6
7587800 -6.92951 -6
7587900 -6.84006 -6
7588000 -6.47147 -6
7588100 -6.15961 -6
7588200 -6.08755 -6
7588300 -5.87722 -6
7588400 -5.91841 -6
7588500 -6.37286 -6
7588600 -6.56472 -6
7588700 -6.67037 -6
7588800 -6.79933 -6
7588900 -6.86484 -6
7589000 -6.5102 -6
7589100 -6.06565 -6
7589200 -5.83928 -6
7589300 -6.08621 -6
7589400 -6.18419 -6
7589500 -6.26811 -6
7589600 -6.54599 -6
7589700 -6.50759 -6
7589800 -6.85399 -6
7589900 -6.88528 -6
7590000 -6.35829 -6
7590100 -5.73472 -6
7590200 -5.86436 -6
7590300 -5.96876 -6
7590400 -6.04808 -6
7590500 -5.98629 -6
7590600 -6.09552 -6
7590700 -6.41845 -6
7590800 -6.7081 -6
7590900 -6.57343 -6
7591000 -6.36204 -6
7591100 -6.02373 -6
7591200 -5.89161 -6
7591300 -6.22392 -6
7591400 -6.47837 -6
7591500 -6.67047 -6
7591600 -6.34866 -6
7591700 -6.25421 -6
7591800 -6.27061 -6
7591900 -6.0937 -6
7592000 -6.36815 -6
7592100 -6.51161 -6
7592200 -6.29815 -6
7592300 -6.44124 -6
7592400 -6.57482 -6
7592500 -6.38233 -6
7592600 -6.30674 -6
7592700 -6.45444 -6
7592800 -6.60481 -6
7592900 -6.57844 -6
7593000 -6.58181 -6
7593100 -6.5376 -6
7593200 -6.33832 -6
7593300 -6.12774 -6
7593400 -5.74523 -6
7593500 -5.96368 -6
7593600 -6.02096 -6
7593700 -6.35176 -6
7593800 -6.61658 -6
7593900 -6.607 -6
7594000 -6.59898 -6
7594100 -6.63086 -6
7594200 -6.60676 -6
7594300 -6.43484 -6
7594400 -6.12264 -6
7594500 -6.10814 -6
7594600 -6.26813 -6
7594700 -6.55306 -6
7594800 -6.63073 -6
7594900 -6.67195 -6
7595000 -6.90187 -6
7595100 -6.86847 -6
7595200 -6.40211 -6
7595300 -6.41699 -6
7595400 -6.61955 -6
7595500 -6.78806 -6
7595600 -7.07711 -6
7595700 -6.64466 -6
7595800 -6.57355 -6
7595900 -6.86391 -6
7596000 -7.07231 -6
7596100 -6.94926 -6
7596200 -6.63541 -6
7596300 -6.61663 -6
7596400 -6.3958 -6
7596500 -6.0103 -6
7596600 -5.87483 -6
7596700 -6.15666 -6
7596800 -5.95337 -6
7596900 -6.05491 -6
7597000 -6.23671 -6
7597100 -6.17003 -6
7597200 -6.06362 -6
7597300 -6.07909 -6
7597400 -6.14421 -6
7597500 -6.19771 -6
7597600 -6.32303 -6
7597700 -6.26029 -6
7597800 -6.09472 -6
7597900 -6.06788 -6
7598000 -5.96551 -6
7598100 -6.08224 -6
7598200 -6.21748 -6
7598300 -6.30972 -6
7598400 -6.44058 -6
7598500 -6.55442 -6
7598600 -6.85205 -6
7598700 -6.81069 -6
7598800 -6.38035 -6
7598900 -6.47261 -6
7599000 -6.2697 -6
7599100 -6.43581 -6
7599200 -6.78347 -6
7599300 -6.72124 -6
7599400 -6.43649 -6
7599500 -6.3424 -6
7599600 -6.47482 -6
7599700 -6.77416 -6
7599800 -6.56751 -6
7599900 -6.09294 -6
7600000 -5.96333 -6
