# Time-averaged data for fix myat1
# TimeStep v_xave v_xdes
1000100 -21.7518 -22
1000200 -21.4786 -22
1000300 -21.6886 -22
1000400 -21.9682 -22
1000500 -21.8374 -22
1000600 -21.8302 -22
1000700 -21.8595 -22
1000800 -21.4891 -22
1000900 -21.3102 -22
1001000 -21.2488 -22
1001100 -21.2816 -22
1001200 -21.5008 -22
1001300 -21.8359 -22
1001400 -22.3717 -22
1001500 -22.7078 -22
1001600 -22.5263 -22
1001700 -22.1911 -22
1001800 -21.9882 -22
1001900 -21.893 -22
1002000 -21.7783 -22
1002100 -21.9853 -22
1002200 -21.74 -22
1002300 -21.6902 -22
1002400 -21.7608 -22
1002500 -21.9249 -22
1002600 -21.8859 -22
1002700 -21.7058 -22
1002800 -21.7475 -22
1002900 -21.9137 -22
1003000 -22.2463 -22
1003100 -22.4181 -22
1003200 -22.0074 -22
1003300 -21.8534 -22
1003400 -21.7224 -22
1003500 -21.5526 -22
1003600 -21.7215 -22
1003700 -21.9689 -22
1003800 -22.1065 -22
1003900 -21.9637 -22
1004000 -21.796 -22
1004100 -21.7769 -22
1004200 -21.7322 -22
1004300 -21.6205 -22
1004400 -21.5017 -22
1004500 -21.3334 -22
1004600 -21.1575 -22
1004700 -21.1332 -22
1004800 -21.2017 -22
1004900 -21.3358 -22
1005000 -21.7405 -22
1005100 -22.2234 -22
1005200 -22.3941 -22
1005300 -22.7968 -22
1005400 -22.8468 -22
1005500 -22.7825 -22
1005600 -22.9482 -22
1005700 -22.9058 -22
1005800 -22.8089 -22
1005900 -22.6779 -22
1006000 -22.4455 -22
1006100 -22.2744 -22
1006200 -22.5025 -22
1006300 -22.6863 -22
1006400 -22.3101 -22
1006500 -22.1761 -22
1006600 -22.2237 -22
1006700 -22.1014 -22
1006800 -22.2554 -22
1006900 -22.3007 -22
1007000 -22.1329 -22
1007100 -22.0117 -22
1007200 -22.0171 -22
1007300 -22.0345 -22
1007400 -22.0706 -22
1007500 -22.0379 -22
1007600 -22.0167 -22
1007700 -22.1084 -22
1007800 -22.263 -22
1007900 -22.3121 -22
1008000 -22.4721 -22
1008100 -22.3183 -22
1008200 -21.8565 -22
1008300 -21.5811 -22
1008400 -21.8639 -22
1008500 -22.017 -22
1008600 -21.9056 -22
1008700 -21.8255 -22
1008800 -21.8305 -22
1008900 -22.0321 -22
1009000 -22.4299 -22
1009100 -22.6414 -22
1009200 -22.7507 -22
1009300 -22.6119 -22
1009400 -22.3666 -22
1009500 -21.8852 -22
1009600 -21.9139 -22
1009700 -22.1469 -22
1009800 -22.2209 -22
1009900 -21.8035 -22
1010000 -21.5652 -22
1010100 -21.9229 -22
1010200 -22.0217 -22
1010300 -21.8009 -22
1010400 -21.9146 -22
1010500 -22.2796 -22
1010600 -22.4757 -22
1010700 -22.1562 -22
1010800 -22.1812 -22
1010900 -22.0187 -22
1011000 -22.2566 -22
1011100 -22.3861 -22
1011200 -22.4658 -22
1011300 -22.5097 -22
1011400 -22.5772 -22
1011500 -22.6291 -22
1011600 -22.6716 -22
1011700 -22.9586 -22
1011800 -23.0135 -22
1011900 -22.8411 -22
1012000 -22.6481 -22
1012100 -22.3719 -22
1012200 -21.9938 -22
1012300 -21.5532 -22
1012400 -21.5068 -22
1012500 -21.5068 -22
1012600 -21.5481 -22
1012700 -21.7323 -22
1012800 -22.1199 -22
1012900 -22.2107 -22
1013000 -22.2897 -22
1013100 -22.1976 -22
1013200 -22.269 -22
1013300 -22.2355 -22
1013400 -22.2806 -22
1013500 -22.2287 -22
1013600 -22.1214 -22
1013700 -21.9314 -22
1013800 -21.8725 -22
1013900 -21.7329 -22
1014000 -21.8592 -22
1014100 -21.9926 -22
1014200 -21.9142 -22
1014300 -21.7378 -22
1014400 -21.6932 -22
1014500 -21.471 -22
1014600 -21.3984 -22
1014700 -21.3622 -22
1014800 -21.6522 -22
1014900 -21.8621 -22
1015000 -21.6875 -22
1015100 -21.4594 -22
1015200 -21.5047 -22
1015300 -21.3413 -22
1015400 -21.5054 -22
1015500 -22.0949 -22
1015600 -22.3385 -22
1015700 -22.4608 -22
1015800 -22.1928 -22
1015900 -21.9321 -22
1016000 -21.7649 -22
1016100 -21.7817 -22
1016200 -22.0941 -22
1016300 -22.3199 -22
1016400 -22.2048 -22
1016500 -22.2204 -22
1016600 -22.253 -22
1016700 -22.4619 -22
1016800 -22.3228 -22
1016900 -22.1265 -22
1017000 -22.076 -22
1017100 -22.1738 -22
1017200 -22.1214 -22
1017300 -21.8065 -22
1017400 -21.4817 -22
1017500 -21.3468 -22
1017600 -21.6261 -22
1017700 -21.7874 -22
1017800 -21.6492 -22
1017900 -21.7224 -22
1018000 -21.7157 -22
1018100 -22.1497 -22
1018200 -22.0802 -22
1018300 -21.8286 -22
1018400 -21.7121 -22
1018500 -21.7433 -22
1018600 -21.7376 -22
1018700 -21.7696 -22
1018800 -21.8771 -22
1018900 -22.0609 -22
1019000 -22.3058 -22
1019100 -22.6982 -22
1019200 -22.8443 -22
1019300 -22.7095 -22
1019400 -22.6724 -22
1019500 -22.537 -22
1019600 -22.4369 -22
1019700 -22.179 -22
1019800 -22.1504 -22
1019900 -22.1769 -22
1020000 -22.0339 -22
1020100 -22.1264 -22
1020200 -22.373 -22
1020300 -22.0802 -22
1020400 -21.6664 -22
1020500 -21.5989 -22
1020600 -21.687 -22
1020700 -21.7179 -22
1020800 -22.04 -22
1020900 -22.3158 -22
1021000 -22.2248 -22
1021100 -22.2235 -22
1021200 -22.0771 -22
1021300 -21.9356 -22
1021400 -21.9206 -22
1021500 -21.767 -22
1021600 -21.6523 -22
1021700 -21.7336 -22
1021800 -21.8983 -22
1021900 -21.9804 -22
1022000 -21.9556 -22
1022100 -21.9069 -22
1022200 -21.8743 -22
1022300 -21.6042 -22
1022400 -21.5816 -22
1022500 -21.3912 -22
1022600 -21.3839 -22
1022700 -21.5751 -22
1022800 -21.9527 -22
1022900 -22.1562 -22
1023000 -22.1296 -22
1023100 -21.7696 -22
1023200 -21.7771 -22
1023300 -21.8084 -22
1023400 -22.1253 -22
1023500 -22.3441 -22
1023600 -22.1454 -22
1023700 -22.0109 -22
1023800 -22.2842 -22
1023900 -22.2242 -22
1024000 -22.1815 -22
1024100 -22.3481 -22
1024200 -22.2707 -22
1024300 -22.3092 -22
1024400 -22.25 -22
1024500 -22.2175 -22
1024600 -22.0763 -22
1024700 -21.7609 -22
1024800 -21.8437 -22
1024900 -22.0003 -22
1025000 -22.0865 -22
1025100 -22.2814 -22
1025200 -22.0984 -22
1025300 -22.1504 -22
1025400 -22.1522 -22
1025500 -22.1407 -22
1025600 -22.1135 -22
1025700 -22.0944 -22
1025800 -21.7178 -22
1025900 -21.9311 -22
1026000 -22.1825 -22
1026100 -22.223 -22
1026200 -22.3229 -22
1026300 -22.6553 -22
1026400 -22.6429 -22
1026500 -22.4511 -22
1026600 -22.3196 -22
1026700 -22.3657 -22
1026800 -22.3599 -22
1026900 -22.2183 -22
1027000 -22.2003 -22
1027100 -22.0654 -22
1027200 -22.122 -22
1027300 -22.4593 -22
1027400 -22.7195 -22
1027500 -22.7852 -22
1027600 -22.686 -22
1027700 -22.2768 -22
1027800 -21.7759 -22
1027900 -21.4724 -22
1028000 -21.5089 -22
1028100 -21.506 -22
1028200 -21.503 -22
1028300 -21.7815 -22
1028400 -21.8702 -22
1028500 -21.6014 -22
1028600 -21.811 -22
1028700 -22.0233 -22
1028800 -22.303 -22
1028900 -22.2995 -22
1029000 -22.0378 -22
1029100 -21.746 -22
1029200 -21.4936 -22
1029300 -21.6043 -22
1029400 -21.6137 -22
1029500 -21.5304 -22
1029600 -21.6174 -22
1029700 -21.9439 -22
1029800 -21.9831 -22
1029900 -22.1334 -22
1030000 -22.2553 -22
1030100 -22.2672 -22
1030200 -22.2747 -22
1030300 -22.0446 -22
1030400 -22.0289 -22
1030500 -22.1529 -22
1030600 -22.0443 -22
1030700 -21.868 -22
1030800 -21.8483 -22
1030900 -21.7397 -22
1031000 -21.5908 -22
1031100 -21.6353 -22
1031200 -21.8148 -22
1031300 -21.6693 -22
1031400 -21.7638 -22
1031500 -22.284 -22
1031600 -22.1829 -22
1031700 -21.6768 -22
1031800 -21.4523 -22
1031900 -21.6204 -22
1032000 -21.7825 -22
1032100 -21.704 -22
1032200 -21.6263 -22
1032300 -21.9304 -22
1032400 -22.3142 -22
1032500 -22.3758 -22
1032600 -22.3944 -22
1032700 -22.2389 -22
1032800 -22.0898 -22
1032900 -22.197 -22
1033000 -22.1548 -22
1033100 -22.3926 -22
1033200 -22.3707 -22
1033300 -21.824 -22
1033400 -21.8579 -22
1033500 -22.0301 -22
1033600 -21.9801 -22
1033700 -22.2474 -22
1033800 -22.2818 -22
1033900 -22.0869 -22
1034000 -21.7712 -22
1034100 -21.6475 -22
1034200 -21.8765 -22
1034300 -22.35 -22
1034400 -22.3508 -22
1034500 -22.1788 -22
1034600 -22.3144 -22
1034700 -22.2012 -22
1034800 -21.9644 -22
1034900 -22.1152 -22
1035000 -22.1261 -22
1035100 -22.0724 -22
1035200 -22.0685 -22
1035300 -22.3147 -22
1035400 -22.4414 -22
1035500 -22.2073 -22
1035600 -22.0675 -22
1035700 -21.9604 -22
1035800 -22.0486 -22
1035900 -22.0534 -22
1036000 -21.804 -22
1036100 -21.6048 -22
1036200 -21.2848 -22
1036300 -21.0363 -22
1036400 -21.2699 -22
1036500 -21.5976 -22
1036600 -21.5228 -22
1036700 -21.5715 -22
1036800 -21.9192 -22
1036900 -22.3305 -22
1037000 -22.3833 -22
1037100 -22.5706 -22
1037200 -22.5809 -22
1037300 -22.4868 -22
1037400 -22.6644 -22
1037500 -22.7845 -22
1037600 -23.0131 -22
1037700 -22.8016 -22
1037800 -22.3485 -22
1037900 -22.2468 -22
1038000 -22.4076 -22
1038100 -22.6135 -22
1038200 -22.5212 -22
1038300 -22.4153 -22
1038400 -22.2767 -22
1038500 -21.9533 -22
1038600 -21.5782 -22
1038700 -21.2881 -22
1038800 -21.4813 -22
1038900 -21.8462 -22
1039000 -21.9159 -22
1039100 -22.1246 -22
1039200 -22.5342 -22
1039300 -22.7233 -22
1039400 -22.8396 -22
1039500 -22.7271 -22
1039600 -22.4418 -22
1039700 -22.4527 -22
1039800 -22.5081 -22
1039900 -22.6076 -22
1040000 -22.5705 -22
1040100 -22.5664 -22
1040200 -22.2555 -22
1040300 -22.2039 -22
1040400 -22.0867 -22
1040500 -21.8752 -22
1040600 -21.7775 -22
1040700 -21.5824 -22
1040800 -21.4811 -22
1040900 -21.3791 -22
1041000 -21.7814 -22
1041100 -21.9542 -22
1041200 -22.1383 -22
1041300 -22.2638 -22
1041400 -22.2533 -22
1041500 -22.1177 -22
1041600 -21.6709 -22
1041700 -21.7093 -22
1041800 -21.9166 -22
1041900 -22.2974 -22
1042000 -22.2513 -22
1042100 -21.9539 -22
1042200 -21.553 -22
1042300 -21.4795 -22
1042400 -21.4419 -22
1042500 -21.4426 -22
1042600 -21.3535 -22
1042700 -21.5113 -22
1042800 -21.9055 -22
1042900 -22.0667 -22
1043000 -21.8791 -22
1043100 -21.768 -22
1043200 -21.7094 -22
1043300 -21.8889 -22
1043400 -21.7735 -22
1043500 -21.8081 -22
1043600 -22.1895 -22
1043700 -22.1643 -22
1043800 -21.7556 -22
1043900 -21.2708 -22
1044000 -21.2949 -22
1044100 -21.664 -22
1044200 -21.6658 -22
1044300 -21.8447 -22
1044400 -21.9024 -22
1044500 -21.9949 -22
1044600 -22.1311 -22
1044700 -21.9531 -22
1044800 -21.8317 -22
1044900 -21.8411 -22
1045000 -21.6481 -22
1045100 -21.656 -22
1045200 -21.6817 -22
1045300 -22.1268 -22
1045400 -22.3616 -22
1045500 -22.4198 -22
1045600 -21.8908 -22
1045700 -21.4055 -22
1045800 -21.347 -22
1045900 -21.6517 -22
1046000 -21.8985 -22
1046100 -21.9896 -22
1046200 -22.0037 -22
1046300 -21.5633 -22
1046400 -21.6686 -22
1046500 -21.8032 -22
1046600 -21.8405 -22
1046700 -21.6511 -22
1046800 -21.1442 -22
1046900 -21.3194 -22
1047000 -21.4429 -22
1047100 -21.2064 -22
1047200 -21.2837 -22
1047300 -21.4903 -22
1047400 -21.5554 -22
1047500 -21.7711 -22
1047600 -21.9189 -22
1047700 -21.8002 -22
1047800 -21.8757 -22
1047900 -22.1517 -22
1048000 -22.7629 -22
1048100 -22.8812 -22
1048200 -22.7041 -22
1048300 -22.3549 -22
1048400 -22.1164 -22
1048500 -22.0261 -22
1048600 -22.266 -22
1048700 -22.1607 -22
1048800 -22.1509 -22
1048900 -22.0428 -22
1049000 -22.061 -22
1049100 -22.1618 -22
1049200 -22.0637 -22
1049300 -22.0653 -22
1049400 -22.2999 -22
1049500 -22.4501 -22
1049600 -22.6282 -22
1049700 -22.3971 -22
1049800 -22.1067 -22
1049900 -21.9442 -22
1050000 -21.8955 -22
1050100 -21.8785 -22
1050200 -21.8159 -22
1050300 -21.582 -22
1050400 -21.8239 -22
1050500 -21.7956 -22
1050600 -21.7829 -22
1050700 -22.0177 -22
1050800 -22.2097 -22
1050900 -22.269 -22
1051000 -22.1985 -22
1051100 -22.0898 -22
1051200 -21.8762 -22
1051300 -21.908 -22
1051400 -21.9198 -22
1051500 -22.2323 -22
1051600 -22.1634 -22
1051700 -21.6169 -22
1051800 -21.3766 -22
1051900 -21.5388 -22
1052000 -21.7856 -22
1052100 -21.8001 -22
1052200 -22.0252 -22
1052300 -21.9955 -22
1052400 -22.0462 -22
1052500 -22.1971 -22
1052600 -22.2408 -22
1052700 -22.3729 -22
1052800 -22.5149 -22
1052900 -22.2833 -22
1053000 -22.1022 -22
1053100 -21.9104 -22
1053200 -21.9275 -22
1053300 -21.9281 -22
1053400 -22.023 -22
1053500 -22.1763 -22
1053600 -22.5526 -22
1053700 -22.4929 -22
1053800 -22.1144 -22
1053900 -22.1534 -22
1054000 -22.3692 -22
1054100 -22.2938 -22
1054200 -22.175 -22
1054300 -22.2022 -22
1054400 -22.4497 -22
1054500 -22.6102 -22
1054600 -22.4145 -22
1054700 -22.3375 -22
1054800 -22.6247 -22
1054900 -22.4584 -22
1055000 -22.559 -22
1055100 -22.8014 -22
1055200 -22.9616 -22
1055300 -22.9013 -22
1055400 -22.61 -22
1055500 -22.7803 -22
1055600 -23.336 -22
1055700 -23.2112 -22
1055800 -23.0508 -22
1055900 -22.8587 -22
1056000 -22.7299 -22
1056100 -22.6636 -22
1056200 -22.6968 -22
1056300 -22.6183 -22
1056400 -22.287 -22
1056500 -21.8429 -22
1056600 -21.616 -22
1056700 -21.7227 -22
1056800 -21.7383 -22
1056900 -21.4446 -22
1057000 -21.3684 -22
1057100 -21.5051 -22
1057200 -21.5392 -22
1057300 -21.7434 -22
1057400 -21.731 -22
1057500 -21.8604 -22
1057600 -22.264 -22
1057700 -22.3803 -22
1057800 -22.4549 -22
1057900 -22.6103 -22
1058000 -22.4566 -22
1058100 -22.0477 -22
1058200 -21.7876 -22
1058300 -21.7256 -22
1058400 -21.5995 -22
1058500 -21.569 -22
1058600 -21.7773 -22
1058700 -22.4465 -22
1058800 -22.6733 -22
1058900 -22.8182 -22
1059000 -22.5897 -22
1059100 -22.4961 -22
1059200 -22.3502 -22
1059300 -22.3642 -22
1059400 -22.2556 -22
1059500 -22.2064 -22
1059600 -22.099 -22
1059700 -21.9284 -22
1059800 -21.766 -22
1059900 -21.8479 -22
1060000 -21.9271 -22
1060100 -21.6317 -22
1060200 -21.5872 -22
1060300 -21.4645 -22
1060400 -21.6993 -22
1060500 -22.0329 -22
1060600 -22.018 -22
1060700 -21.9686 -22
1060800 -21.988 -22
1060900 -21.7753 -22
1061000 -21.8555 -22
1061100 -22.0465 -22
1061200 -22.0891 -22
1061300 -22.466 -22
1061400 -22.8131 -22
1061500 -22.8554 -22
1061600 -22.6483 -22
1061700 -22.5 -22
1061800 -22.2395 -22
1061900 -21.9993 -22
1062000 -21.8909 -22
1062100 -22.2942 -22
1062200 -22.1973 -22
1062300 -21.9724 -22
1062400 -21.7929 -22
1062500 -21.7953 -22
1062600 -21.7962 -22
1062700 -21.6462 -22
1062800 -22.0161 -22
1062900 -22.2405 -22
1063000 -22.2982 -22
1063100 -22.3455 -22
1063200 -22.5271 -22
1063300 -22.5845 -22
1063400 -22.1801 -22
1063500 -21.9273 -22
1063600 -21.7766 -22
1063700 -21.7769 -22
1063800 -21.7856 -22
1063900 -21.9049 -22
1064000 -22.1518 -22
1064100 -22.0829 -22
1064200 -22.1672 -22
1064300 -22.1562 -22
1064400 -22.2457 -22
1064500 -22.2326 -22
1064600 -22.2791 -22
1064700 -22.119 -22
1064800 -21.7401 -22
1064900 -21.8075 -22
1065000 -21.7766 -22
1065100 -21.6879 -22
1065200 -21.6531 -22
1065300 -21.698 -22
1065400 -21.6958 -22
1065500 -22.0369 -22
1065600 -21.9089 -22
1065700 -21.8015 -22
1065800 -21.8448 -22
1065900 -21.8443 -22
1066000 -21.7875 -22
1066100 -21.7968 -22
1066200 -21.6897 -22
1066300 -21.7334 -22
1066400 -22.0112 -22
1066500 -22.0086 -22
1066600 -22.1343 -22
1066700 -21.9172 -22
1066800 -21.9097 -22
1066900 -21.8512 -22
1067000 -21.8647 -22
1067100 -21.8585 -22
1067200 -22.0579 -22
1067300 -22.0825 -22
1067400 -21.8927 -22
1067500 -21.879 -22
1067600 -22.2656 -22
1067700 -22.7428 -22
1067800 -22.9252 -22
1067900 -23.1529 -22
1068000 -22.9102 -22
1068100 -22.6262 -22
1068200 -22.3649 -22
1068300 -22.2602 -22
1068400 -22.474 -22
1068500 -22.7131 -22
1068600 -22.6459 -22
1068700 -22.2656 -22
1068800 -22.3101 -22
1068900 -22.2828 -22
1069000 -21.913 -22
1069100 -21.9058 -22
1069200 -21.8519 -22
1069300 -21.7789 -22
1069400 -21.8801 -22
1069500 -22.0469 -22
1069600 -21.8823 -22
1069700 -22.0788 -22
1069800 -22.2247 -22
1069900 -22.1815 -22
1070000 -22.3888 -22
1070100 -22.4253 -22
1070200 -22.423 -22
1070300 -22.2634 -22
1070400 -22.1983 -22
1070500 -22.0728 -22
1070600 -22.0224 -22
1070700 -21.9623 -22
1070800 -21.9047 -22
1070900 -21.8837 -22
1071000 -22.1673 -22
1071100 -22.3562 -22
1071200 -22.6769 -22
1071300 -22.6472 -22
1071400 -22.4329 -22
1071500 -22.3311 -22
1071600 -22.012 -22
1071700 -21.7604 -22
1071800 -21.5541 -22
1071900 -21.6204 -22
1072000 -21.5104 -22
1072100 -21.2144 -22
1072200 -21.2809 -22
1072300 -21.7046 -22
1072400 -22.1575 -22
1072500 -22.2395 -22
1072600 -22.3011 -22
1072700 -22.3413 -22
1072800 -22.3484 -22
1072900 -22.1814 -22
1073000 -21.9834 -22
1073100 -21.8027 -22
1073200 -21.8056 -22
1073300 -21.6854 -22
1073400 -21.6667 -22
1073500 -21.6619 -22
1073600 -21.7049 -22
1073700 -21.7824 -22
1073800 -22.0577 -22
1073900 -22.15 -22
1074000 -22.0137 -22
1074100 -22.067 -22
1074200 -22.244 -22
1074300 -22.101 -22
1074400 -21.9178 -22
1074500 -21.7984 -22
1074600 -21.783 -22
1074700 -21.8946 -22
1074800 -21.9929 -22
1074900 -22.1982 -22
1075000 -22.5406 -22
1075100 -22.7644 -22
1075200 -22.8451 -22
1075300 -22.6539 -22
1075400 -22.7378 -22
1075500 -22.9792 -22
1075600 -22.9884 -22
1075700 -22.7668 -22
1075800 -22.5543 -22
1075900 -22.4379 -22
1076000 -22.1969 -22
1076100 -21.9734 -22
1076200 -21.8118 -22
1076300 -22.0286 -22
1076400 -22.2256 -22
1076500 -22.3068 -22
1076600 -22.1382 -22
1076700 -21.7663 -22
1076800 -21.9109 -22
1076900 -22.1549 -22
1077000 -22.1391 -22
1077100 -22.2998 -22
1077200 -22.7182 -22
1077300 -22.5962 -22
1077400 -22.4317 -22
1077500 -22.3546 -22
1077600 -22.1522 -22
1077700 -22.2259 -22
1077800 -22.3787 -22
1077900 -22.3443 -22
1078000 -22.3464 -22
1078100 -22.3119 -22
1078200 -22.0615 -22
1078300 -22.2052 -22
1078400 -21.8494 -22
1078500 -21.7414 -22
1078600 -21.7137 -22
1078700 -21.7455 -22
1078800 -21.74 -22
1078900 -21.6509 -22
1079000 -21.6926 -22
1079100 -21.5934 -22
1079200 -21.6564 -22
1079300 -21.7422 -22
1079400 -21.729 -22
1079500 -21.891 -22
1079600 -21.981 -22
1079700 -21.8905 -22
1079800 -21.5781 -22
1079900 -21.7193 -22
1080000 -21.8476 -22
1080100 -21.5677 -22
1080200 -21.7841 -22
1080300 -22.055 -22
1080400 -22.1486 -22
1080500 -21.78 -22
1080600 -22.0538 -22
1080700 -22.2452 -22
1080800 -22.4712 -22
1080900 -22.4965 -22
1081000 -22.2439 -22
1081100 -21.9318 -22
1081200 -21.9605 -22
1081300 -22.2859 -22
1081400 -22.52 -22
1081500 -22.4662 -22
1081600 -22.3708 -22
1081700 -22.3845 -22
1081800 -22.2566 -22
1081900 -22.1566 -22
1082000 -21.9999 -22
1082100 -22.0312 -22
1082200 -21.9349 -22
1082300 -21.8341 -22
1082400 -21.6257 -22
1082500 -21.3736 -22
1082600 -21.3757 -22
1082700 -21.4163 -22
1082800 -21.463 -22
1082900 -21.9254 -22
1083000 -22.2821 -22
1083100 -22.4648 -22
1083200 -22.2771 -22
1083300 -22.0699 -22
1083400 -22.0311 -22
1083500 -22.038 -22
1083600 -21.9863 -22
1083700 -22.0944 -22
1083800 -22.2325 -22
1083900 -22.5437 -22
1084000 -22.4754 -22
1084100 -22.2165 -22
1084200 -21.9573 -22
1084300 -21.7894 -22
1084400 -21.7438 -22
1084500 -21.7754 -22
1084600 -21.7151 -22
1084700 -21.7982 -22
1084800 -21.7873 -22
1084900 -21.6324 -22
1085000 -21.7686 -22
1085100 -21.8994 -22
1085200 -21.9213 -22
1085300 -21.9664 -22
1085400 -21.757 -22
1085500 -21.224 -22
1085600 -21.4596 -22
1085700 -21.742 -22
1085800 -21.7967 -22
1085900 -21.7455 -22
1086000 -21.7198 -22
1086100 -22.0353 -22
1086200 -22.211 -22
1086300 -22.2609 -22
1086400 -22.1471 -22
1086500 -22.0406 -22
1086600 -22.0071 -22
1086700 -22.0097 -22
1086800 -21.8394 -22
1086900 -21.3959 -22
1087000 -21.529 -22
1087100 -21.8736 -22
1087200 -21.7306 -22
1087300 -21.3989 -22
1087400 -21.179 -22
1087500 -21.1995 -22
1087600 -21.0271 -22
1087700 -21.1866 -22
1087800 -21.2081 -22
1087900 -21.0913 -22
1088000 -21.0987 -22
1088100 -21.143 -22
1088200 -21.6085 -22
1088300 -22.1453 -22
1088400 -22.3196 -22
1088500 -22.2413 -22
1088600 -22.1235 -22
1088700 -21.9605 -22
1088800 -21.7161 -22
1088900 -21.7031 -22
1089000 -21.4713 -22
1089100 -21.4062 -22
1089200 -21.4635 -22
1089300 -21.5634 -22
1089400 -21.5157 -22
1089500 -21.5745 -22
1089600 -21.4058 -22
1089700 -21.6217 -22
1089800 -21.8857 -22
1089900 -22.1876 -22
1090000 -22.3574 -22
1090100 -22.1046 -22
1090200 -21.9096 -22
1090300 -21.9531 -22
1090400 -21.8951 -22
1090500 -21.7641 -22
1090600 -21.8733 -22
1090700 -21.8389 -22
1090800 -21.7082 -22
1090900 -21.9223 -22
1091000 -21.9622 -22
1091100 -21.6904 -22
1091200 -21.3677 -22
1091300 -21.0684 -22
1091400 -21.3072 -22
1091500 -21.761 -22
1091600 -22.0516 -22
1091700 -21.8825 -22
1091800 -21.8188 -22
1091900 -21.7205 -22
1092000 -21.6245 -22
1092100 -21.6189 -22
1092200 -21.7388 -22
1092300 -21.912 -22
1092400 -21.8854 -22
1092500 -22.0476 -22
1092600 -22.0445 -22
1092700 -22.121 -22
1092800 -22.0664 -22
1092900 -22.0224 -22
1093000 -21.836 -22
1093100 -21.927 -22
1093200 -22.3733 -22
1093300 -22.4951 -22
1093400 -22.3069 -22
1093500 -22.2057 -22
1093600 -22.0774 -22
1093700 -22.3408 -22
1093800 -22.5488 -22
1093900 -22.4158 -22
1094000 -22.3931 -22
1094100 -22.3455 -22
1094200 -22.3845 -22
1094300 -22.3844 -22
1094400 -22.3211 -22
1094500 -22.3915 -22
1094600 -22.4079 -22
1094700 -22.501 -22
1094800 -22.4589 -22
1094900 -22.1044 -22
1095000 -22.0529 -22
1095100 -22.0603 -22
1095200 -22.2513 -22
1095300 -22.4161 -22
1095400 -22.4792 -22
1095500 -22.374 -22
1095600 -22.0085 -22
1095700 -21.9156 -22
1095800 -21.5239 -22
1095900 -21.4866 -22
1096000 -21.298 -22
1096100 -20.9448 -22
1096200 -20.9392 -22
1096300 -21.4201 -22
1096400 -21.7752 -22
1096500 -21.7719 -22
1096600 -21.6294 -22
1096700 -21.4681 -22
1096800 -21.3962 -22
1096900 -21.654 -22
1097000 -21.8223 -22
1097100 -21.9091 -22
1097200 -22.1202 -22
1097300 -22.1793 -22
1097400 -21.9396 -22
1097500 -22.0126 -22
1097600 -21.9845 -22
1097700 -22.1052 -22
1097800 -21.9146 -22
1097900 -21.8755 -22
1098000 -21.8373 -22
1098100 -21.7639 -22
1098200 -21.8498 -22
1098300 -22.1982 -22
1098400 -22.4532 -22
1098500 -22.3205 -22
1098600 -22.028 -22
1098700 -22.3412 -22
1098800 -22.6519 -22
1098900 -22.338 -22
1099000 -22.2086 -22
1099100 -22.2885 -22
1099200 -22.2454 -22
1099300 -22.0746 -22
1099400 -21.9443 -22
1099500 -22.1897 -22
1099600 -22.4138 -22
1099700 -22.6656 -22
1099800 -22.548 -22
1099900 -22.3391 -22
1100000 -22.3166 -22
1100100 -22.4106 -22
1100200 -22.3951 -22
1100300 -22.3689 -22
1100400 -22.5082 -22
1100500 -22.4958 -22
1100600 -22.3813 -22
1100700 -22.6113 -22
1100800 -22.8752 -22
1100900 -22.5903 -22
1101000 -22.6476 -22
1101100 -22.5703 -22
1101200 -22.3362 -22
1101300 -21.8459 -22
1101400 -21.3252 -22
1101500 -21.3107 -22
1101600 -21.1269 -22
1101700 -21.0306 -22
1101800 -20.8467 -22
1101900 -20.9849 -22
1102000 -21.2555 -22
1102100 -21.7693 -22
1102200 -22.1115 -22
1102300 -22.0367 -22
1102400 -21.7714 -22
1102500 -21.929 -22
1102600 -22.0887 -22
1102700 -21.7609 -22
1102800 -21.3701 -22
1102900 -21.1135 -22
1103000 -21.3918 -22
1103100 -21.8011 -22
1103200 -21.906 -22
1103300 -22.0548 -22
1103400 -22.0539 -22
1103500 -21.827 -22
1103600 -21.6023 -22
1103700 -21.7018 -22
1103800 -21.8706 -22
1103900 -22.1519 -22
1104000 -22.4124 -22
1104100 -22.702 -22
1104200 -23.0413 -22
1104300 -23.253 -22
1104400 -23.1901 -22
1104500 -23.0171 -22
1104600 -23.0545 -22
1104700 -23.3077 -22
1104800 -23.1688 -22
1104900 -22.8614 -22
1105000 -22.2886 -22
1105100 -21.9868 -22
1105200 -21.8712 -22
1105300 -22.0535 -22
1105400 -21.9391 -22
1105500 -21.7247 -22
1105600 -21.4066 -22
1105700 -21.06 -22
1105800 -21.0074 -22
1105900 -20.9898 -22
1106000 -21.1609 -22
1106100 -21.4186 -22
1106200 -21.5946 -22
1106300 -22.0009 -22
1106400 -22.1356 -22
1106500 -21.9898 -22
1106600 -21.6245 -22
1106700 -21.3173 -22
1106800 -21.6213 -22
1106900 -21.7402 -22
1107000 -22.0358 -22
1107100 -21.9695 -22
1107200 -21.8457 -22
1107300 -21.9309 -22
1107400 -22.1019 -22
1107500 -22.058 -22
1107600 -21.8471 -22
1107700 -21.6409 -22
1107800 -21.3994 -22
1107900 -21.2623 -22
1108000 -21.4448 -22
1108100 -21.6837 -22
1108200 -21.724 -22
1108300 -21.8385 -22
1108400 -21.7383 -22
1108500 -21.8999 -22
1108600 -22.1089 -22
1108700 -22.3497 -22
1108800 -22.4948 -22
1108900 -22.4795 -22
1109000 -22.0853 -22
1109100 -21.861 -22
1109200 -21.5222 -22
1109300 -21.7253 -22
1109400 -21.7373 -22
1109500 -21.3813 -22
1109600 -21.1401 -22
1109700 -21.2831 -22
1109800 -21.5481 -22
1109900 -21.9141 -22
1110000 -22.0849 -22
1110100 -21.9679 -22
1110200 -21.7144 -22
1110300 -21.6958 -22
1110400 -21.8919 -22
1110500 -21.8993 -22
1110600 -21.8067 -22
1110700 -21.2489 -22
1110800 -21.0267 -22
1110900 -21.2828 -22
1111000 -21.4218 -22
1111100 -21.6507 -22
1111200 -21.7874 -22
1111300 -22.089 -22
1111400 -22.2372 -22
1111500 -22.1815 -22
1111600 -22.0702 -22
1111700 -22.2363 -22
1111800 -22.4834 -22
1111900 -22.9558 -22
1112000 -22.9707 -22
1112100 -23.0272 -22
1112200 -22.8138 -22
1112300 -22.5173 -22
1112400 -22.3067 -22
1112500 -22.5484 -22
1112600 -22.4827 -22
1112700 -22.2659 -22
1112800 -22.2758 -22
1112900 -22.4297 -22
1113000 -22.8414 -22
1113100 -22.7656 -22
1113200 -22.661 -22
1113300 -22.1061 -22
1113400 -21.9296 -22
1113500 -22.0364 -22
1113600 -21.7864 -22
1113700 -21.5663 -22
1113800 -21.6239 -22
1113900 -21.644 -22
1114000 -21.5382 -22
1114100 -21.5219 -22
1114200 -21.403 -22
1114300 -21.4693 -22
1114400 -21.7683 -22
1114500 -21.9908 -22
1114600 -22.0383 -22
1114700 -22.2173 -22
1114800 -22.3496 -22
1114900 -22.4455 -22
1115000 -22.4675 -22
1115100 -21.9911 -22
1115200 -21.6792 -22
1115300 -21.7639 -22
1115400 -21.8281 -22
1115500 -21.9676 -22
1115600 -22.1816 -22
1115700 -22.2992 -22
1115800 -22.2605 -22
1115900 -22.3091 -22
1116000 -22.6594 -22
1116100 -22.7351 -22
1116200 -22.4972 -22
1116300 -22.7985 -22
1116400 -22.7901 -22
1116500 -22.7337 -22
1116600 -22.2615 -22
1116700 -22.0633 -22
1116800 -22.1727 -22
1116900 -21.9347 -22
1117000 -21.8246 -22
1117100 -21.7223 -22
1117200 -21.5346 -22
1117300 -21.2808 -22
1117400 -21.1009 -22
1117500 -21.2732 -22
1117600 -21.534 -22
1117700 -22.0346 -22
1117800 -22.263 -22
1117900 -22.1854 -22
1118000 -22.2616 -22
1118100 -22.4204 -22
1118200 -22.3784 -22
1118300 -22.5733 -22
1118400 -22.7542 -22
1118500 -22.6967 -22
1118600 -22.3295 -22
1118700 -21.9538 -22
1118800 -22.0589 -22
1118900 -22.1329 -22
1119000 -22.1636 -22
1119100 -22.3325 -22
1119200 -22.2083 -22
1119300 -22.0545 -22
1119400 -21.7592 -22
1119500 -21.5854 -22
1119600 -21.472 -22
1119700 -21.7111 -22
1119800 -21.9919 -22
1119900 -22.0299 -22
1120000 -22.2737 -22
1120100 -22.3954 -22
1120200 -22.0646 -22
1120300 -21.7558 -22
1120400 -21.8279 -22
1120500 -22.103 -22
1120600 -22.3587 -22
1120700 -22.4609 -22
1120800 -22.3606 -22
1120900 -22.3814 -22
1121000 -22.4301 -22
1121100 -22.3275 -22
1121200 -22.5448 -22
1121300 -22.1723 -22
1121400 -21.8748 -22
1121500 -21.9709 -22
1121600 -22.0256 -22
1121700 -21.8206 -22
1121800 -21.6226 -22
1121900 -21.6242 -22
1122000 -21.6188 -22
1122100 -21.8761 -22
1122200 -22.0376 -22
1122300 -21.9373 -22
1122400 -21.9816 -22
1122500 -22.2081 -22
1122600 -22.3703 -22
1122700 -22.181 -22
1122800 -21.9875 -22
1122900 -21.8197 -22
1123000 -21.7247 -22
1123100 -21.7839 -22
1123200 -21.9403 -22
1123300 -21.8545 -22
1123400 -21.9223 -22
1123500 -22.1695 -22
1123600 -22.362 -22
1123700 -22.6061 -22
1123800 -22.5698 -22
1123900 -22.4834 -22
1124000 -22.2341 -22
1124100 -21.9719 -22
1124200 -21.7065 -22
1124300 -22.062 -22
1124400 -22.3912 -22
1124500 -22.6217 -22
1124600 -22.7676 -22
1124700 -22.8436 -22
1124800 -22.8331 -22
1124900 -22.5669 -22
1125000 -22.4798 -22
1125100 -22.387 -22
1125200 -22.1335 -22
1125300 -21.9213 -22
1125400 -21.9355 -22
1125500 -22.1225 -22
1125600 -22.5374 -22
1125700 -22.6878 -22
1125800 -22.6445 -22
1125900 -22.1721 -22
1126000 -21.5776 -22
1126100 -21.331 -22
1126200 -20.9934 -22
1126300 -21.3278 -22
1126400 -21.6156 -22
1126500 -21.5505 -22
1126600 -21.2332 -22
1126700 -21.0905 -22
1126800 -21.473 -22
1126900 -21.5322 -22
1127000 -21.6589 -22
1127100 -21.6058 -22
1127200 -21.6591 -22
1127300 -21.4632 -22
1127400 -21.6354 -22
1127500 -21.7939 -22
1127600 -21.8952 -22
1127700 -21.8477 -22
1127800 -21.854 -22
1127900 -22.1772 -22
1128000 -22.4336 -22
1128100 -22.2688 -22
1128200 -21.7061 -22
1128300 -21.2885 -22
1128400 -21.4668 -22
1128500 -21.6882 -22
1128600 -21.6684 -22
1128700 -21.8038 -22
1128800 -21.8927 -22
1128900 -21.8699 -22
1129000 -21.7465 -22
1129100 -21.2593 -22
1129200 -21.2588 -22
1129300 -21.4871 -22
1129400 -21.8927 -22
1129500 -22.3944 -22
1129600 -22.4975 -22
1129700 -22.3529 -22
1129800 -22.1411 -22
1129900 -22.1359 -22
1130000 -22.2983 -22
1130100 -22.5471 -22
1130200 -22.745 -22
1130300 -22.521 -22
1130400 -22.2342 -22
1130500 -22.2008 -22
1130600 -21.7956 -22
1130700 -21.4395 -22
1130800 -21.3384 -22
1130900 -21.3592 -22
1131000 -21.6521 -22
1131100 -21.8528 -22
1131200 -21.6995 -22
1131300 -21.2613 -22
1131400 -21.3546 -22
1131500 -21.4529 -22
1131600 -21.4808 -22
1131700 -21.6275 -22
1131800 -21.7261 -22
1131900 -21.3829 -22
1132000 -21.5767 -22
1132100 -21.7358 -22
1132200 -21.7783 -22
1132300 -21.5618 -22
1132400 -21.7498 -22
1132500 -21.731 -22
1132600 -21.7675 -22
1132700 -21.9924 -22
1132800 -22.4195 -22
1132900 -22.501 -22
1133000 -22.2272 -22
1133100 -22.1592 -22
1133200 -22.284 -22
1133300 -22.3977 -22
1133400 -22.415 -22
1133500 -22.2154 -22
1133600 -21.8949 -22
1133700 -21.9843 -22
1133800 -22.0427 -22
1133900 -22.1077 -22
1134000 -22.1154 -22
1134100 -22.2033 -22
1134200 -21.9795 -22
1134300 -21.9267 -22
1134400 -21.8656 -22
1134500 -21.913 -22
1134600 -22.315 -22
1134700 -22.3864 -22
1134800 -22.3243 -22
1134900 -22.2553 -22
1135000 -21.9965 -22
1135100 -22.2405 -22
1135200 -22.3285 -22
1135300 -21.8792 -22
1135400 -21.5172 -22
1135500 -21.8564 -22
1135600 -22.1477 -22
1135700 -22.3782 -22
1135800 -22.6616 -22
1135900 -22.5644 -22
1136000 -22.2658 -22
1136100 -21.6986 -22
1136200 -21.4485 -22
1136300 -21.299 -22
1136400 -21.2204 -22
1136500 -20.9657 -22
1136600 -21.2739 -22
1136700 -21.8033 -22
1136800 -22.0722 -22
1136900 -22.2089 -22
1137000 -22.2141 -22
1137100 -22.2181 -22
1137200 -22.1448 -22
1137300 -21.9351 -22
1137400 -21.893 -22
1137500 -21.8697 -22
1137600 -21.4885 -22
1137700 -21.2832 -22
1137800 -21.3891 -22
1137900 -21.5696 -22
1138000 -21.7745 -22
1138100 -22.4351 -22
1138200 -22.4385 -22
1138300 -22.3532 -22
1138400 -22.2562 -22
1138500 -22.2966 -22
1138600 -22.3079 -22
1138700 -22.403 -22
1138800 -22.2624 -22
1138900 -22.1923 -22
1139000 -22.2177 -22
1139100 -22.2211 -22
1139200 -22.4075 -22
1139300 -22.4687 -22
1139400 -22.4553 -22
1139500 -22.4437 -22
1139600 -22.478 -22
1139700 -22.5626 -22
1139800 -22.3698 -22
1139900 -21.6891 -22
1140000 -21.2904 -22
1140100 -21.4889 -22
1140200 -21.5414 -22
1140300 -21.4972 -22
1140400 -21.5673 -22
1140500 -21.815 -22
1140600 -21.8559 -22
1140700 -21.8323 -22
1140800 -22.0026 -22
1140900 -22.4198 -22
1141000 -22.6651 -22
1141100 -22.67 -22
1141200 -22.1162 -22
1141300 -21.7253 -22
1141400 -21.4104 -22
1141500 -21.233 -22
1141600 -21.1078 -22
1141700 -21.1613 -22
1141800 -21.2493 -22
1141900 -21.0639 -22
1142000 -21.3174 -22
1142100 -21.8408 -22
1142200 -22.2725 -22
1142300 -22.1527 -22
1142400 -21.9313 -22
1142500 -22.0965 -22
1142600 -22.0537 -22
1142700 -21.805 -22
1142800 -21.6665 -22
1142900 -21.7293 -22
1143000 -21.7321 -22
1143100 -21.7017 -22
1143200 -21.5828 -22
1143300 -21.5077 -22
1143400 -21.7754 -22
1143500 -21.963 -22
1143600 -21.8497 -22
1143700 -21.801 -22
1143800 -21.9699 -22
1143900 -22.2899 -22
1144000 -22.4684 -22
1144100 -22.3698 -22
1144200 -22.2209 -22
1144300 -22.2749 -22
1144400 -21.9594 -22
1144500 -21.8307 -22
1144600 -22.0732 -22
1144700 -22.0498 -22
1144800 -22.2784 -22
1144900 -22.5083 -22
1145000 -22.6483 -22
1145100 -22.4851 -22
1145200 -22.3735 -22
1145300 -22.3111 -22
1145400 -22.2383 -22
1145500 -22.1295 -22
1145600 -21.8967 -22
1145700 -21.9605 -22
1145800 -22.3923 -22
1145900 -22.7445 -22
1146000 -22.7223 -22
1146100 -22.5708 -22
1146200 -22.7282 -22
1146300 -22.6866 -22
1146400 -22.284 -22
1146500 -21.997 -22
1146600 -21.7875 -22
1146700 -21.3797 -22
1146800 -21.3202 -22
1146900 -21.6715 -22
1147000 -22.0923 -22
1147100 -22.3947 -22
1147200 -22.4933 -22
1147300 -22.3455 -22
1147400 -21.991 -22
1147500 -21.9791 -22
1147600 -21.888 -22
1147700 -21.9571 -22
1147800 -22.1375 -22
1147900 -22.1249 -22
1148000 -21.9891 -22
1148100 -22.123 -22
1148200 -22.0747 -22
1148300 -21.9365 -22
1148400 -21.7522 -22
1148500 -21.6446 -22
1148600 -21.5789 -22
1148700 -21.5496 -22
1148800 -21.8048 -22
1148900 -21.7712 -22
1149000 -21.5832 -22
1149100 -21.5516 -22
1149200 -21.89 -22
1149300 -22.2811 -22
1149400 -22.2139 -22
1149500 -22.0352 -22
1149600 -21.9165 -22
1149700 -21.8535 -22
1149800 -21.802 -22
1149900 -21.7736 -22
1150000 -21.5116 -22
1150100 -21.609 -22
1150200 -21.7743 -22
1150300 -21.5898 -22
1150400 -21.4939 -22
1150500 -21.755 -22
1150600 -22.0506 -22
1150700 -22.2549 -22
1150800 -22.2791 -22
1150900 -22.5154 -22
1151000 -22.6994 -22
1151100 -22.5327 -22
1151200 -22.5655 -22
1151300 -22.5358 -22
1151400 -22.2957 -22
1151500 -22.0305 -22
1151600 -22.3799 -22
1151700 -22.9157 -22
1151800 -23.2096 -22
1151900 -22.9493 -22
1152000 -22.6266 -22
1152100 -22.6261 -22
1152200 -22.5667 -22
1152300 -22.4804 -22
1152400 -22.5256 -22
1152500 -22.1444 -22
1152600 -21.9276 -22
1152700 -22.1247 -22
1152800 -22.3033 -22
1152900 -22.3878 -22
1153000 -22.3401 -22
1153100 -21.9489 -22
1153200 -21.3906 -22
1153300 -21.2026 -22
1153400 -21.42 -22
1153500 -21.7126 -22
1153600 -21.8659 -22
1153700 -21.8271 -22
1153800 -21.7097 -22
1153900 -21.4668 -22
1154000 -21.7334 -22
1154100 -21.8739 -22
1154200 -22.1229 -22
1154300 -22.2031 -22
1154400 -22.1822 -22
1154500 -22.1776 -22
1154600 -21.8384 -22
1154700 -22.3846 -22
1154800 -22.6534 -22
1154900 -22.598 -22
1155000 -22.6211 -22
1155100 -22.3947 -22
1155200 -22.0241 -22
1155300 -21.884 -22
1155400 -21.7541 -22
1155500 -21.9682 -22
1155600 -22.2511 -22
1155700 -21.9516 -22
1155800 -21.7538 -22
1155900 -21.9934 -22
1156000 -22.1235 -22
1156100 -22.0617 -22
1156200 -21.8892 -22
1156300 -21.7399 -22
1156400 -21.5605 -22
1156500 -21.4441 -22
1156600 -21.4008 -22
1156700 -21.3197 -22
1156800 -21.5764 -22
1156900 -21.7634 -22
1157000 -21.7963 -22
1157100 -21.3978 -22
1157200 -21.4951 -22
1157300 -21.652 -22
1157400 -21.5428 -22
1157500 -21.7158 -22
1157600 -21.9393 -22
1157700 -21.8589 -22
1157800 -21.9996 -22
1157900 -21.942 -22
1158000 -21.8414 -22
1158100 -21.7479 -22
1158200 -21.8257 -22
1158300 -21.8897 -22
1158400 -21.8025 -22
1158500 -21.5929 -22
1158600 -21.8111 -22
1158700 -21.2985 -22
1158800 -21.0604 -22
1158900 -21.2483 -22
1159000 -21.6796 -22
1159100 -22.0405 -22
1159200 -22.4941 -22
1159300 -22.7189 -22
1159400 -22.6793 -22
1159500 -22.3887 -22
1159600 -22.2353 -22
1159700 -22.2467 -22
1159800 -22.1547 -22
1159900 -22.0171 -22
1160000 -22.085 -22
1160100 -22.0865 -22
1160200 -22.1181 -22
1160300 -22.0883 -22
1160400 -21.879 -22
1160500 -21.6933 -22
1160600 -21.4634 -22
1160700 -21.5573 -22
1160800 -21.6714 -22
1160900 -21.7423 -22
1161000 -21.8301 -22
1161100 -21.9153 -22
1161200 -21.8611 -22
1161300 -21.5583 -22
1161400 -21.443 -22
1161500 -21.3156 -22
1161600 -21.4883 -22
1161700 -21.6094 -22
1161800 -21.6062 -22
1161900 -21.6318 -22
1162000 -21.9214 -22
1162100 -22.0931 -22
1162200 -22.0529 -22
1162300 -21.9892 -22
1162400 -22.2128 -22
1162500 -22.4677 -22
1162600 -22.623 -22
1162700 -22.6323 -22
1162800 -22.7116 -22
1162900 -22.6096 -22
1163000 -22.5545 -22
1163100 -22.5555 -22
1163200 -22.3672 -22
1163300 -22.2436 -22
1163400 -22.3534 -22
1163500 -22.2031 -22
1163600 -21.7882 -22
1163700 -21.3639 -22
1163800 -21.4382 -22
1163900 -21.582 -22
1164000 -21.8531 -22
1164100 -21.8607 -22
1164200 -21.9783 -22
1164300 -22.3782 -22
1164400 -22.3745 -22
1164500 -22.1757 -22
1164600 -21.9617 -22
1164700 -21.8644 -22
1164800 -21.8857 -22
1164900 -21.8992 -22
1165000 -21.9753 -22
1165100 -22.3436 -22
1165200 -22.3107 -22
1165300 -22.0529 -22
1165400 -22.1584 -22
1165500 -22.2048 -22
1165600 -22.0838 -22
1165700 -22.1963 -22
1165800 -21.9783 -22
1165900 -22.0488 -22
1166000 -22.5174 -22
1166100 -22.5696 -22
1166200 -22.8638 -22
1166300 -22.9948 -22
1166400 -22.7223 -22
1166500 -22.2236 -22
1166600 -21.8681 -22
1166700 -21.8072 -22
1166800 -22.0301 -22
1166900 -22.1601 -22
1167000 -22.3691 -22
1167100 -22.3901 -22
1167200 -22.1951 -22
1167300 -22.0734 -22
1167400 -22.1729 -22
1167500 -21.9536 -22
1167600 -21.9806 -22
1167700 -22.3115 -22
1167800 -22.3225 -22
1167900 -22.0554 -22
1168000 -22.441 -22
1168100 -22.6118 -22
1168200 -22.514 -22
1168300 -22.1218 -22
1168400 -21.8816 -22
1168500 -22.1463 -22
1168600 -22.0953 -22
1168700 -22.1626 -22
1168800 -22.1496 -22
1168900 -22.0778 -22
1169000 -21.9853 -22
1169100 -21.6349 -22
1169200 -21.8307 -22
1169300 -22.0331 -22
1169400 -21.8798 -22
1169500 -21.8829 -22
1169600 -21.9351 -22
1169700 -22.1708 -22
1169800 -22.0572 -22
1169900 -22.0248 -22
1170000 -22.1399 -22
1170100 -22.4971 -22
1170200 -22.391 -22
1170300 -22.0434 -22
1170400 -22.04 -22
1170500 -22.159 -22
1170600 -22.0991 -22
1170700 -22.1235 -22
1170800 -22.2159 -22
1170900 -22.1493 -22
1171000 -21.8073 -22
1171100 -21.9729 -22
1171200 -21.6356 -22
1171300 -21.6449 -22
1171400 -21.7864 -22
1171500 -21.7837 -22
1171600 -22.1216 -22
1171700 -22.1852 -22
1171800 -22.1095 -22
1171900 -22.2151 -22
1172000 -22.0474 -22
1172100 -22.0518 -22
1172200 -21.9587 -22
1172300 -21.9304 -22
1172400 -21.7549 -22
1172500 -21.5568 -22
1172600 -21.2201 -22
1172700 -21.128 -22
1172800 -21.2255 -22
1172900 -21.5826 -22
1173000 -22.0222 -22
1173100 -22.1401 -22
1173200 -22.1114 -22
1173300 -22.0223 -22
1173400 -21.8352 -22
1173500 -21.5903 -22
1173600 -21.7805 -22
1173700 -21.9367 -22
1173800 -22.1254 -22
1173900 -22.0849 -22
1174000 -22.021 -22
1174100 -22.0061 -22
1174200 -21.8486 -22
1174300 -21.8531 -22
1174400 -21.8016 -22
1174500 -21.6206 -22
1174600 -21.6552 -22
1174700 -21.7736 -22
1174800 -21.9062 -22
1174900 -21.9344 -22
1175000 -22.1148 -22
1175100 -22.0622 -22
1175200 -22.2458 -22
1175300 -22.4869 -22
1175400 -22.4979 -22
1175500 -22.4201 -22
1175600 -22.4977 -22
1175700 -22.4509 -22
1175800 -22.2193 -22
1175900 -22.1704 -22
1176000 -22.1521 -22
1176100 -22.1164 -22
1176200 -22.0862 -22
1176300 -22.1386 -22
1176400 -22.0686 -22
1176500 -22.0257 -22
1176600 -22.2735 -22
1176700 -22.3759 -22
1176800 -22.4257 -22
1176900 -22.4318 -22
1177000 -22.3608 -22
1177100 -22.3691 -22
1177200 -22.2079 -22
1177300 -22.174 -22
1177400 -21.9757 -22
1177500 -21.7768 -22
1177600 -21.361 -22
1177700 -21.4335 -22
1177800 -21.7588 -22
1177900 -22.2652 -22
1178000 -22.2372 -22
1178100 -22.1387 -22
1178200 -22.0629 -22
1178300 -22.214 -22
1178400 -22.2196 -22
1178500 -22.2996 -22
1178600 -22.332 -22
1178700 -22.5074 -22
1178800 -22.59 -22
1178900 -22.4815 -22
1179000 -22.2823 -22
1179100 -22.1276 -22
1179200 -22.1196 -22
1179300 -22.2278 -22
1179400 -22.1229 -22
1179500 -21.953 -22
1179600 -21.4587 -22
1179700 -21.63 -22
1179800 -21.73 -22
1179900 -21.4835 -22
1180000 -21.1224 -22
1180100 -21.292 -22
1180200 -21.6602 -22
1180300 -21.7651 -22
1180400 -21.7046 -22
1180500 -22.0284 -22
1180600 -22.307 -22
1180700 -22.3064 -22
1180800 -22.1985 -22
1180900 -21.8699 -22
1181000 -21.7735 -22
1181100 -21.6815 -22
1181200 -21.6216 -22
1181300 -21.9154 -22
1181400 -22.0821 -22
1181500 -22.0185 -22
1181600 -22.1385 -22
1181700 -22.1961 -22
1181800 -22.3086 -22
1181900 -22.2371 -22
1182000 -21.9294 -22
1182100 -21.7684 -22
1182200 -21.9429 -22
1182300 -22.1125 -22
1182400 -21.9605 -22
1182500 -21.7865 -22
1182600 -21.632 -22
1182700 -21.4148 -22
1182800 -21.4855 -22
1182900 -21.6863 -22
1183000 -21.8657 -22
1183100 -21.8784 -22
1183200 -22.1295 -22
1183300 -22.3021 -22
1183400 -22.2267 -22
1183500 -21.9959 -22
1183600 -22.1944 -22
1183700 -22.2612 -22
1183800 -22.3448 -22
1183900 -22.2639 -22
1184000 -22.0705 -22
1184100 -21.9284 -22
1184200 -22.0072 -22
1184300 -22.1647 -22
1184400 -21.9245 -22
1184500 -21.7604 -22
1184600 -21.432 -22
1184700 -21.6198 -22
1184800 -21.8732 -22
1184900 -22.1142 -22
1185000 -22.3256 -22
1185100 -22.3904 -22
1185200 -22.1497 -22
1185300 -22.0539 -22
1185400 -22.2795 -22
1185500 -22.5128 -22
1185600 -22.3891 -22
1185700 -22.4737 -22
1185800 -22.3385 -22
1185900 -21.9349 -22
1186000 -21.6214 -22
1186100 -21.5648 -22
1186200 -21.5766 -22
1186300 -21.4517 -22
1186400 -21.4172 -22
1186500 -21.3601 -22
1186600 -21.1473 -22
1186700 -21.2076 -22
1186800 -21.3578 -22
1186900 -21.9868 -22
1187000 -22.4464 -22
1187100 -22.1898 -22
1187200 -22.114 -22
1187300 -22.0025 -22
1187400 -21.6735 -22
1187500 -21.4118 -22
1187600 -21.6856 -22
1187700 -22.0426 -22
1187800 -22.168 -22
1187900 -22.3042 -22
1188000 -22.344 -22
1188100 -22.2903 -22
1188200 -22.2421 -22
1188300 -22.2123 -22
1188400 -22.2116 -22
1188500 -21.9931 -22
1188600 -22.2565 -22
1188700 -22.2555 -22
1188800 -21.9805 -22
1188900 -21.749 -22
1189000 -21.7517 -22
1189100 -22.0744 -22
1189200 -22.3808 -22
1189300 -22.6539 -22
1189400 -22.5311 -22
1189500 -22.2124 -22
1189600 -22.0632 -22
1189700 -21.9906 -22
1189800 -22.092 -22
1189900 -22.3536 -22
1190000 -22.4809 -22
1190100 -22.3219 -22
1190200 -21.9039 -22
1190300 -21.9111 -22
1190400 -21.876 -22
1190500 -21.9313 -22
1190600 -21.9373 -22
1190700 -21.9532 -22
1190800 -21.9862 -22
1190900 -22.0378 -22
1191000 -21.8213 -22
1191100 -21.7507 -22
1191200 -21.7309 -22
1191300 -22.066 -22
1191400 -22.3218 -22
1191500 -22.4385 -22
1191600 -22.928 -22
1191700 -22.9584 -22
1191800 -23.0192 -22
1191900 -22.5754 -22
1192000 -22.0506 -22
1192100 -21.8669 -22
1192200 -21.9665 -22
1192300 -21.9109 -22
1192400 -22.2649 -22
1192500 -22.2074 -22
1192600 -22.2393 -22
1192700 -22.6582 -22
1192800 -22.4407 -22
1192900 -22.2813 -22
1193000 -21.9491 -22
1193100 -21.5068 -22
1193200 -21.4421 -22
1193300 -21.5728 -22
1193400 -21.7557 -22
1193500 -22.0349 -22
1193600 -22.1608 -22
1193700 -22.0975 -22
1193800 -22.1206 -22
1193900 -22.3184 -22
1194000 -22.2934 -22
1194100 -21.869 -22
1194200 -21.7865 -22
1194300 -22.1901 -22
1194400 -22.0723 -22
1194500 -21.8254 -22
1194600 -21.8001 -22
1194700 -21.9612 -22
1194800 -22.1872 -22
1194900 -22.1091 -22
1195000 -21.978 -22
1195100 -21.6734 -22
1195200 -21.703 -22
1195300 -21.555 -22
1195400 -21.5334 -22
1195500 -21.8787 -22
1195600 -22.2697 -22
1195700 -22.5043 -22
1195800 -22.4252 -22
1195900 -22.422 -22
1196000 -22.2923 -22
1196100 -22.1676 -22
1196200 -22.2354 -22
1196300 -22.2363 -22
1196400 -22.7236 -22
1196500 -22.7433 -22
1196600 -22.2863 -22
1196700 -22.0731 -22
1196800 -21.8874 -22
1196900 -21.9816 -22
1197000 -22.211 -22
1197100 -22.0914 -22
1197200 -22.1038 -22
1197300 -22.2394 -22
1197400 -22.34 -22
1197500 -22.383 -22
1197600 -22.1952 -22
1197700 -21.9577 -22
1197800 -22.0001 -22
1197900 -21.9405 -22
1198000 -21.8487 -22
1198100 -22.1902 -22
1198200 -22.1082 -22
1198300 -21.8543 -22
1198400 -21.9242 -22
1198500 -21.9945 -22
1198600 -22.042 -22
1198700 -22.271 -22
1198800 -22.4096 -22
1198900 -22.6321 -22
1199000 -22.4989 -22
1199100 -22.4353 -22
1199200 -22.3354 -22
1199300 -22.3217 -22
1199400 -21.8773 -22
1199500 -22.101 -22
1199600 -22.3779 -22
1199700 -22.4324 -22
1199800 -22.3959 -22
1199900 -22.4603 -22
1200000 -22.5079 -22
