# Time-averaged data for fix myat1
# TimeStep v_xave v_xdes
7000100 -6.93046 -7
7000200 -6.94653 -7
7000300 -6.79536 -7
7000400 -6.85947 -7
7000500 -6.81153 -7
7000600 -6.89828 -7
7000700 -7.25737 -7
7000800 -7.69972 -7
7000900 -7.55934 -7
7001000 -7.2746 -7
7001100 -7.02395 -7
7001200 -7.10537 -7
7001300 -7.29289 -7
7001400 -7.34618 -7
7001500 -7.39232 -7
7001600 -7.37122 -7
7001700 -7.21207 -7
7001800 -7.17986 -7
7001900 -7.0409 -7
7002000 -7.02964 -7
7002100 -7.34011 -7
7002200 -7.2342 -7
7002300 -7.09873 -7
7002400 -7.1969 -7
7002500 -7.18652 -7
7002600 -7.5213 -7
7002700 -7.72061 -7
7002800 -7.52522 -7
7002900 -7.48724 -7
7003000 -7.7939 -7
7003100 -7.71773 -7
7003200 -7.40536 -7
7003300 -7.0989 -7
7003400 -7.10627 -7
7003500 -7.0544 -7
7003600 -6.9574 -7
7003700 -7.12339 -7
7003800 -7.11893 -7
7003900 -7.24205 -7
7004000 -7.20594 -7
7004100 -7.21437 -7
7004200 -7.24896 -7
7004300 -7.52743 -7
7004400 -7.73355 -7
7004500 -7.90346 -7
7004600 -7.5999 -7
7004700 -7.35047 -7
7004800 -7.05774 -7
7004900 -6.82259 -7
7005000 -6.88886 -7
7005100 -6.83458 -7
7005200 -6.98419 -7
7005300 -6.95524 -7
7005400 -7.08051 -7
7005500 -6.88833 -7
7005600 -6.77661 -7
7005700 -6.76282 -7
7005800 -6.54506 -7
7005900 -6.65207 -7
7006000 -6.98953 -7
7006100 -7.33465 -7
7006200 -7.44653 -7
7006300 -7.14174 -7
7006400 -6.91599 -7
7006500 -7.09895 -7
7006600 -6.79974 -7
7006700 -6.72655 -7
7006800 -7.10047 -7
7006900 -7.09146 -7
7007000 -7.05344 -7
7007100 -7.21933 -7
7007200 -7.31074 -7
7007300 -7.30843 -7
7007400 -7.03532 -7
7007500 -7.28723 -7
7007600 -7.48977 -7
7007700 -7.43977 -7
7007800 -7.05855 -7
7007900 -7.00875 -7
7008000 -7.29926 -7
7008100 -7.24322 -7
7008200 -7.04876 -7
7008300 -7.2582 -7
7008400 -7.68811 -7
7008500 -7.59566 -7
7008600 -7.40489 -7
7008700 -7.73758 -7
7008800 -7.88259 -7
7008900 -7.70742 -7
7009000 -7.59593 -7
7009100 -7.61792 -7
7009200 -7.80099 -7
7009300 -7.7654 -7
7009400 -7.78926 -7
7009500 -7.48647 -7
7009600 -7.40784 -7
7009700 -7.081 -7
7009800 -7.05212 -7
7009900 -7.28764 -7
7010000 -7.18977 -7
7010100 -7.08729 -7
7010200 -6.83579 -7
7010300 -7.09309 -7
7010400 -7.23942 -7
7010500 -7.52061 -7
7010600 -7.62143 -7
7010700 -7.65118 -7
7010800 -7.57059 -7
7010900 -7.57943 -7
7011000 -7.37889 -7
7011100 -7.05393 -7
7011200 -6.8634 -7
7011300 -6.90347 -7
7011400 -6.8557 -7
7011500 -6.70104 -7
7011600 -6.77004 -7
7011700 -6.74993 -7
7011800 -6.52523 -7
7011900 -6.30856 -7
7012000 -6.3961 -7
7012100 -6.63221 -7
7012200 -6.77723 -7
7012300 -6.70452 -7
7012400 -6.46172 -7
7012500 -6.57053 -7
7012600 -6.87495 -7
7012700 -7.13861 -7
7012800 -7.24652 -7
7012900 -7.20172 -7
7013000 -7.0395 -7
7013100 -6.89347 -7
7013200 -6.90223 -7
7013300 -6.80476 -7
7013400 -6.64082 -7
7013500 -6.76049 -7
7013600 -6.88489 -7
7013700 -7.14635 -7
7013800 -7.3906 -7
7013900 -7.5521 -7
7014000 -7.33344 -7
7014100 -7.15456 -7
7014200 -7.13373 -7
7014300 -7.15592 -7
7014400 -7.16754 -7
7014500 -7.01944 -7
7014600 -7.119 -7
7014700 -7.16286 -7
7014800 -7.39295 -7
7014900 -7.35185 -7
7015000 -6.99969 -7
7015100 -7.06278 -7
7015200 -7.02925 -7
7015300 -6.6331 -7
7015400 -6.36583 -7
7015500 -6.79615 -7
7015600 -7.27804 -7
7015700 -7.27581 -7
7015800 -7.32948 -7
7015900 -7.30334 -7
7016000 -7.27525 -7
7016100 -7.07062 -7
7016200 -7.35126 -7
7016300 -7.51739 -7
7016400 -7.1168 -7
7016500 -6.47698 -7
7016600 -6.53093 -7
7016700 -6.90777 -7
7016800 -6.98574 -7
7016900 -6.7917 -7
7017000 -6.85634 -7
7017100 -7.06144 -7
7017200 -7.11112 -7
7017300 -7.35061 -7
7017400 -7.36918 -7
7017500 -7.29127 -7
7017600 -7.3747 -7
7017700 -7.35727 -7
7017800 -7.33521 -7
7017900 -7.16003 -7
7018000 -7.21444 -7
7018100 -7.09751 -7
7018200 -7.06419 -7
7018300 -7.46523 -7
7018400 -7.58233 -7
7018500 -7.21738 -7
7018600 -6.75159 -7
7018700 -6.54003 -7
7018800 -6.52855 -7
7018900 -6.64114 -7
7019000 -6.84209 -7
7019100 -6.75591 -7
7019200 -6.50624 -7
7019300 -6.67098 -7
7019400 -6.86224 -7
7019500 -6.94 -7
7019600 -6.96339 -7
7019700 -7.07647 -7
7019800 -7.30185 -7
7019900 -7.2368 -7
7020000 -7.34749 -7
7020100 -7.41355 -7
7020200 -7.2895 -7
7020300 -7.02144 -7
7020400 -7.0344 -7
7020500 -7.37444 -7
7020600 -7.59651 -7
7020700 -7.33564 -7
7020800 -7.35282 -7
7020900 -7.17161 -7
7021000 -7.16045 -7
7021100 -7.32692 -7
7021200 -7.32626 -7
7021300 -7.10593 -7
7021400 -6.93017 -7
7021500 -7.082 -7
7021600 -7.06878 -7
7021700 -6.85745 -7
7021800 -7.2462 -7
7021900 -7.69936 -7
7022000 -7.64429 -7
7022100 -7.45577 -7
7022200 -7.31054 -7
7022300 -7.06162 -7
7022400 -6.98531 -7
7022500 -6.96313 -7
7022600 -7.00972 -7
7022700 -6.7902 -7
7022800 -6.61607 -7
7022900 -6.77757 -7
7023000 -6.86462 -7
7023100 -6.82186 -7
7023200 -6.73725 -7
7023300 -7.12472 -7
7023400 -7.01195 -7
7023500 -6.83766 -7
7023600 -7.18571 -7
7023700 -7.14005 -7
7023800 -7.06359 -7
7023900 -7.19306 -7
7024000 -7.26867 -7
7024100 -7.40632 -7
7024200 -7.10094 -7
7024300 -6.88344 -7
7024400 -6.78899 -7
7024500 -6.75412 -7
7024600 -6.77012 -7
7024700 -6.90012 -7
7024800 -7.31034 -7
7024900 -7.42248 -7
7025000 -7.37956 -7
7025100 -7.44025 -7
7025200 -7.443 -7
7025300 -7.48572 -7
7025400 -7.3693 -7
7025500 -7.0543 -7
7025600 -6.85127 -7
7025700 -6.64682 -7
7025800 -6.70775 -7
7025900 -6.92735 -7
7026000 -7.1757 -7
7026100 -7.26763 -7
7026200 -7.40142 -7
7026300 -7.33409 -7
7026400 -7.07712 -7
7026500 -7.13275 -7
7026600 -7.14715 -7
7026700 -7.27726 -7
7026800 -7.27273 -7
7026900 -7.5253 -7
7027000 -7.48814 -7
7027100 -7.09128 -7
7027200 -6.90308 -7
7027300 -7.00184 -7
7027400 -7.31143 -7
7027500 -7.42224 -7
7027600 -7.42361 -7
7027700 -7.52039 -7
7027800 -7.4621 -7
7027900 -7.50043 -7
7028000 -7.37863 -7
7028100 -7.26922 -7
7028200 -7.28799 -7
7028300 -7.35177 -7
7028400 -7.47076 -7
7028500 -7.55111 -7
7028600 -7.64603 -7
7028700 -7.54827 -7
7028800 -7.27206 -7
7028900 -7.56873 -7
7029000 -7.51469 -7
7029100 -7.21974 -7
7029200 -6.98621 -7
7029300 -7.1909 -7
7029400 -7.28894 -7
7029500 -6.94084 -7
7029600 -6.88241 -7
7029700 -7.13438 -7
7029800 -7.06666 -7
7029900 -7.10721 -7
7030000 -7.33646 -7
7030100 -7.51032 -7
7030200 -7.45645 -7
7030300 -7.27614 -7
7030400 -7.13096 -7
7030500 -7.0142 -7
7030600 -7.1013 -7
7030700 -6.91325 -7
7030800 -6.9872 -7
7030900 -7.18738 -7
7031000 -7.30984 -7
7031100 -7.19069 -7
7031200 -7.07388 -7
7031300 -6.92841 -7
7031400 -6.8885 -7
7031500 -6.82661 -7
7031600 -6.93423 -7
7031700 -7.04033 -7
7031800 -7.17227 -7
7031900 -7.41587 -7
7032000 -7.37392 -7
7032100 -7.39496 -7
7032200 -7.23973 -7
7032300 -7.24918 -7
7032400 -7.09647 -7
7032500 -7.21115 -7
7032600 -7.20142 -7
7032700 -7.35757 -7
7032800 -7.42125 -7
7032900 -7.40235 -7
7033000 -7.34637 -7
7033100 -7.20519 -7
7033200 -7.46999 -7
7033300 -7.71123 -7
7033400 -7.7523 -7
7033500 -7.85468 -7
7033600 -7.67167 -7
7033700 -7.51028 -7
7033800 -7.34012 -7
7033900 -7.57419 -7
7034000 -7.62762 -7
7034100 -7.46875 -7
7034200 -7.40053 -7
7034300 -7.30184 -7
7034400 -7.00685 -7
7034500 -6.64079 -7
7034600 -6.55225 -7
7034700 -6.3636 -7
7034800 -6.40076 -7
7034900 -6.54409 -7
7035000 -6.73832 -7
7035100 -6.64266 -7
7035200 -6.51385 -7
7035300 -6.56348 -7
7035400 -6.72945 -7
7035500 -6.90065 -7
7035600 -6.72205 -7
7035700 -6.71968 -7
7035800 -6.99541 -7
7035900 -6.86414 -7
7036000 -6.95441 -7
7036100 -6.91877 -7
7036200 -6.78209 -7
7036300 -6.56648 -7
7036400 -6.82639 -7
7036500 -7.1261 -7
7036600 -7.34619 -7
7036700 -7.27695 -7
7036800 -7.09105 -7
7036900 -7.16501 -7
7037000 -7.07298 -7
7037100 -7.2007 -7
7037200 -7.34968 -7
7037300 -7.42379 -7
7037400 -7.45016 -7
7037500 -7.54552 -7
7037600 -7.54357 -7
7037700 -7.41338 -7
7037800 -7.05824 -7
7037900 -6.98139 -7
7038000 -7.13347 -7
7038100 -7.25523 -7
7038200 -7.3264 -7
7038300 -7.31645 -7
7038400 -7.26712 -7
7038500 -6.89189 -7
7038600 -7.11092 -7
7038700 -7.38432 -7
7038800 -7.15535 -7
7038900 -7.00067 -7
7039000 -7.04407 -7
7039100 -7.40158 -7
7039200 -7.47696 -7
7039300 -6.90976 -7
7039400 -6.76379 -7
7039500 -6.88668 -7
7039600 -6.84026 -7
7039700 -6.84315 -7
7039800 -6.81675 -7
7039900 -7.04436 -7
7040000 -7.40213 -7
7040100 -7.47013 -7
7040200 -7.36499 -7
7040300 -7.15114 -7
7040400 -7.00009 -7
7040500 -7.09712 -7
7040600 -7.06127 -7
7040700 -6.69493 -7
7040800 -6.67627 -7
7040900 -6.92201 -7
7041000 -6.98751 -7
7041100 -7.01589 -7
7041200 -7.05201 -7
7041300 -7.21751 -7
7041400 -7.16293 -7
7041500 -7.04371 -7
7041600 -7.49443 -7
7041700 -7.71264 -7
7041800 -7.42382 -7
7041900 -7.57404 -7
7042000 -7.77962 -7
7042100 -7.68786 -7
7042200 -7.4528 -7
7042300 -7.30153 -7
7042400 -7.52449 -7
7042500 -7.87824 -7
7042600 -7.73588 -7
7042700 -7.63705 -7
7042800 -7.57094 -7
7042900 -7.68846 -7
7043000 -7.48101 -7
7043100 -7.52722 -7
7043200 -7.51292 -7
7043300 -7.44845 -7
7043400 -7.62016 -7
7043500 -7.56903 -7
7043600 -7.81433 -7
7043700 -7.84379 -7
7043800 -7.68796 -7
7043900 -7.43112 -7
7044000 -7.13848 -7
7044100 -7.19123 -7
7044200 -6.87619 -7
7044300 -7.11259 -7
7044400 -7.62875 -7
7044500 -7.96151 -7
7044600 -7.87298 -7
7044700 -7.84948 -7
7044800 -7.95297 -7
7044900 -8.12037 -7
7045000 -8.28512 -7
7045100 -8.17605 -7
7045200 -8.01515 -7
7045300 -7.88658 -7
7045400 -7.5099 -7
7045500 -7.36274 -7
7045600 -7.61752 -7
7045700 -7.76456 -7
7045800 -7.65754 -7
7045900 -7.46214 -7
7046000 -7.31091 -7
7046100 -7.19087 -7
7046200 -7.15717 -7
7046300 -7.52936 -7
7046400 -7.58333 -7
7046500 -7.22832 -7
7046600 -7.22241 -7
7046700 -7.39511 -7
7046800 -7.58637 -7
7046900 -7.29981 -7
7047000 -6.86435 -7
7047100 -6.61092 -7
7047200 -6.48159 -7
7047300 -6.65619 -7
7047400 -7.0009 -7
7047500 -7.242 -7
7047600 -7.2402 -7
7047700 -6.90011 -7
7047800 -7.06629 -7
7047900 -7.3307 -7
7048000 -7.53994 -7
7048100 -7.17301 -7
7048200 -7.02892 -7
7048300 -7.20801 -7
7048400 -7.27332 -7
7048500 -7.36423 -7
7048600 -7.28966 -7
7048700 -7.16357 -7
7048800 -6.9762 -7
7048900 -6.86825 -7
7049000 -7.09299 -7
7049100 -7.32319 -7
7049200 -7.56812 -7
7049300 -7.66477 -7
7049400 -7.45026 -7
7049500 -7.36077 -7
7049600 -7.00912 -7
7049700 -6.92796 -7
7049800 -6.93257 -7
7049900 -6.86265 -7
7050000 -6.68564 -7
7050100 -6.68828 -7
7050200 -6.40083 -7
7050300 -6.05528 -7
7050400 -6.03193 -7
7050500 -6.28435 -7
7050600 -6.58269 -7
7050700 -6.48966 -7
7050800 -6.77058 -7
7050900 -7.05251 -7
7051000 -7.30582 -7
7051100 -7.28157 -7
7051200 -7.39482 -7
7051300 -7.40596 -7
7051400 -7.04758 -7
7051500 -7.044 -7
7051600 -7.08993 -7
7051700 -7.17501 -7
7051800 -7.23388 -7
7051900 -7.31167 -7
7052000 -7.3202 -7
7052100 -7.41979 -7
7052200 -7.82368 -7
7052300 -7.73559 -7
7052400 -7.47262 -7
7052500 -6.99858 -7
7052600 -6.95055 -7
7052700 -7.38005 -7
7052800 -7.57468 -7
7052900 -7.58337 -7
7053000 -7.49733 -7
7053100 -7.75871 -7
7053200 -7.68455 -7
7053300 -7.44339 -7
7053400 -7.42576 -7
7053500 -7.45172 -7
7053600 -7.2854 -7
7053700 -6.93837 -7
7053800 -6.79786 -7
7053900 -6.75544 -7
7054000 -7.17978 -7
7054100 -7.04522 -7
7054200 -6.75149 -7
7054300 -6.44492 -7
7054400 -6.45464 -7
7054500 -6.57664 -7
7054600 -6.50749 -7
7054700 -6.76471 -7
7054800 -6.92938 -7
7054900 -6.92319 -7
7055000 -7.19731 -7
7055100 -7.53001 -7
7055200 -7.44052 -7
7055300 -7.43515 -7
7055400 -7.36886 -7
7055500 -7.33609 -7
7055600 -6.8683 -7
7055700 -6.2871 -7
7055800 -6.49311 -7
7055900 -6.94178 -7
7056000 -7.26717 -7
7056100 -7.07112 -7
7056200 -7.00158 -7
7056300 -7.07923 -7
7056400 -6.70601 -7
7056500 -6.93994 -7
7056600 -7.24061 -7
7056700 -7.14674 -7
7056800 -7.22994 -7
7056900 -7.36804 -7
7057000 -7.26199 -7
7057100 -7.43173 -7
7057200 -7.35879 -7
7057300 -7.23001 -7
7057400 -7.147 -7
7057500 -7.18593 -7
7057600 -7.54366 -7
7057700 -7.69886 -7
7057800 -7.4599 -7
7057900 -7.51845 -7
7058000 -7.8925 -7
7058100 -7.82942 -7
7058200 -7.51226 -7
7058300 -7.24342 -7
7058400 -7.13714 -7
7058500 -7.11526 -7
7058600 -6.76578 -7
7058700 -6.40336 -7
7058800 -6.24889 -7
7058900 -6.59704 -7
7059000 -6.90216 -7
7059100 -6.80689 -7
7059200 -6.70083 -7
7059300 -6.58873 -7
7059400 -6.64874 -7
7059500 -6.73957 -7
7059600 -6.94605 -7
7059700 -7.06971 -7
7059800 -7.05161 -7
7059900 -7.04848 -7
7060000 -6.70306 -7
7060100 -6.61393 -7
7060200 -6.92434 -7
7060300 -7.18725 -7
7060400 -7.5238 -7
7060500 -7.85492 -7
7060600 -7.98311 -7
7060700 -7.77436 -7
7060800 -7.58542 -7
7060900 -7.36093 -7
7061000 -7.45851 -7
7061100 -7.63941 -7
7061200 -7.6783 -7
7061300 -7.64873 -7
7061400 -7.19903 -7
7061500 -6.91796 -7
7061600 -6.91344 -7
7061700 -6.93964 -7
7061800 -7.19564 -7
7061900 -7.52947 -7
7062000 -7.60488 -7
7062100 -7.24944 -7
7062200 -6.92211 -7
7062300 -6.8412 -7
7062400 -6.97457 -7
7062500 -7.14039 -7
7062600 -7.21761 -7
7062700 -7.09781 -7
7062800 -6.7816 -7
7062900 -6.45378 -7
7063000 -6.69133 -7
7063100 -6.73633 -7
7063200 -7.08065 -7
7063300 -7.38549 -7
7063400 -7.45297 -7
7063500 -7.46419 -7
7063600 -7.46244 -7
7063700 -7.30984 -7
7063800 -6.71108 -7
7063900 -6.68228 -7
7064000 -6.82077 -7
7064100 -6.84921 -7
7064200 -6.79043 -7
7064300 -6.71287 -7
7064400 -6.90911 -7
7064500 -6.78597 -7
7064600 -6.91529 -7
7064700 -7.19623 -7
7064800 -7.13931 -7
7064900 -7.30272 -7
7065000 -7.18437 -7
7065100 -7.08957 -7
7065200 -7.08907 -7
7065300 -7.18069 -7
7065400 -7.1812 -7
7065500 -7.17394 -7
7065600 -7.11187 -7
7065700 -6.75335 -7
7065800 -6.43682 -7
7065900 -6.74676 -7
7066000 -6.9831 -7
7066100 -6.77639 -7
7066200 -6.7978 -7
7066300 -7.13588 -7
7066400 -7.75028 -7
7066500 -7.79344 -7
7066600 -7.61682 -7
7066700 -7.04687 -7
7066800 -7.03918 -7
7066900 -7.03773 -7
7067000 -7.4327 -7
7067100 -7.74577 -7
7067200 -7.78832 -7
7067300 -7.69288 -7
7067400 -7.38798 -7
7067500 -7.2596 -7
7067600 -7.04307 -7
7067700 -7.04497 -7
7067800 -7.20987 -7
7067900 -7.14166 -7
7068000 -7.17799 -7
7068100 -7.03642 -7
7068200 -6.77973 -7
7068300 -6.90281 -7
7068400 -6.94527 -7
7068500 -6.99886 -7
7068600 -6.96794 -7
7068700 -7.14546 -7
7068800 -7.09126 -7
7068900 -7.24447 -7
7069000 -7.08165 -7
7069100 -6.90496 -7
7069200 -6.97455 -7
7069300 -6.7792 -7
7069400 -6.83812 -7
7069500 -6.99889 -7
7069600 -7.32777 -7
7069700 -7.22563 -7
7069800 -6.8312 -7
7069900 -7.30907 -7
7070000 -7.68632 -7
7070100 -7.66553 -7
7070200 -7.48505 -7
7070300 -7.27394 -7
7070400 -7.13929 -7
7070500 -7.33945 -7
7070600 -7.49053 -7
7070700 -7.32282 -7
7070800 -7.28525 -7
7070900 -7.24302 -7
7071000 -7.04895 -7
7071100 -6.64069 -7
7071200 -6.41992 -7
7071300 -6.47491 -7
7071400 -6.88205 -7
7071500 -7.0579 -7
7071600 -7.13143 -7
7071700 -7.22426 -7
7071800 -6.9957 -7
7071900 -6.86652 -7
7072000 -6.70549 -7
7072100 -6.78929 -7
7072200 -6.82373 -7
7072300 -6.70395 -7
7072400 -6.55289 -7
7072500 -6.99165 -7
7072600 -7.27223 -7
7072700 -7.54958 -7
7072800 -7.54005 -7
7072900 -7.74614 -7
7073000 -7.76216 -7
7073100 -7.38592 -7
7073200 -7.45998 -7
7073300 -7.59693 -7
7073400 -7.39453 -7
7073500 -7.38359 -7
7073600 -7.68172 -7
7073700 -7.86875 -7
7073800 -7.81706 -7
7073900 -7.70855 -7
7074000 -7.66242 -7
7074100 -7.64404 -7
7074200 -8.01807 -7
7074300 -8.09339 -7
7074400 -7.98736 -7
7074500 -7.73865 -7
7074600 -7.67521 -7
7074700 -7.70098 -7
7074800 -7.63686 -7
7074900 -7.7381 -7
7075000 -7.86357 -7
7075100 -7.73039 -7
7075200 -7.42443 -7
7075300 -6.92591 -7
7075400 -6.47377 -7
7075500 -6.50167 -7
7075600 -7.14344 -7
7075700 -7.57461 -7
7075800 -7.61278 -7
7075900 -7.04496 -7
7076000 -6.62913 -7
7076100 -6.55044 -7
7076200 -6.41733 -7
7076300 -6.78682 -7
7076400 -6.811 -7
7076500 -6.72423 -7
7076600 -6.64372 -7
7076700 -6.84797 -7
7076800 -7.16114 -7
7076900 -7.49332 -7
7077000 -7.39562 -7
7077100 -7.13299 -7
7077200 -7.00266 -7
7077300 -6.95864 -7
7077400 -7.26071 -7
7077500 -7.25123 -7
7077600 -7.29189 -7
7077700 -7.30399 -7
7077800 -7.52325 -7
7077900 -7.52693 -7
7078000 -7.14835 -7
7078100 -7.13124 -7
7078200 -6.79574 -7
7078300 -6.61994 -7
7078400 -7.00294 -7
7078500 -7.29347 -7
7078600 -7.12389 -7
7078700 -7.08333 -7
7078800 -7.13875 -7
7078900 -6.82629 -7
7079000 -6.59926 -7
7079100 -6.96679 -7
7079200 -7.46422 -7
7079300 -7.55905 -7
7079400 -7.74489 -7
7079500 -8.05841 -7
7079600 -7.99538 -7
7079700 -7.55174 -7
7079800 -7.48702 -7
7079900 -7.6063 -7
7080000 -7.51102 -7
7080100 -7.50629 -7
7080200 -7.46924 -7
7080300 -7.49386 -7
7080400 -7.62106 -7
7080500 -7.37107 -7
7080600 -7.38221 -7
7080700 -7.53861 -7
7080800 -7.51705 -7
7080900 -7.33963 -7
7081000 -7.33091 -7
7081100 -7.41317 -7
7081200 -7.52747 -7
7081300 -7.32619 -7
7081400 -7.2129 -7
7081500 -7.36011 -7
7081600 -7.13444 -7
7081700 -6.94678 -7
7081800 -6.65903 -7
7081900 -6.51124 -7
7082000 -6.56057 -7
7082100 -6.85857 -7
7082200 -7.05546 -7
7082300 -7.25083 -7
7082400 -7.2816 -7
7082500 -7.21322 -7
7082600 -7.0452 -7
7082700 -7.06633 -7
7082800 -6.79047 -7
7082900 -6.96264 -7
7083000 -7.05559 -7
7083100 -6.80783 -7
7083200 -7.06849 -7
7083300 -7.3421 -7
7083400 -7.35956 -7
7083500 -7.21636 -7
7083600 -6.93025 -7
7083700 -6.73704 -7
7083800 -6.66742 -7
7083900 -6.80013 -7
7084000 -6.95942 -7
7084100 -7.12364 -7
7084200 -7.18968 -7
7084300 -7.4497 -7
7084400 -7.76668 -7
7084500 -7.42379 -7
7084600 -6.9806 -7
7084700 -7.05159 -7
7084800 -7.24539 -7
7084900 -7.02791 -7
7085000 -6.91626 -7
7085100 -6.70048 -7
7085200 -6.84281 -7
7085300 -7.13879 -7
7085400 -7.12072 -7
7085500 -7.04174 -7
7085600 -7.05963 -7
7085700 -7.14395 -7
7085800 -7.5631 -7
7085900 -7.71203 -7
7086000 -7.36221 -7
7086100 -7.29554 -7
7086200 -7.17377 -7
7086300 -7.69012 -7
7086400 -7.79718 -7
7086500 -7.64015 -7
7086600 -7.36594 -7
7086700 -7.33601 -7
7086800 -7.34469 -7
7086900 -7.31321 -7
7087000 -7.29536 -7
7087100 -7.37115 -7
7087200 -7.25546 -7
7087300 -6.99765 -7
7087400 -6.78753 -7
7087500 -6.75623 -7
7087600 -6.5895 -7
7087700 -6.63419 -7
7087800 -7.02028 -7
7087900 -6.82754 -7
7088000 -6.59907 -7
7088100 -6.95441 -7
7088200 -7.39203 -7
7088300 -7.39168 -7
7088400 -7.07483 -7
7088500 -7.14242 -7
7088600 -7.25243 -7
7088700 -7.37051 -7
7088800 -7.34253 -7
7088900 -7.42351 -7
7089000 -7.49977 -7
7089100 -7.46499 -7
7089200 -7.28405 -7
7089300 -7.45997 -7
7089400 -7.51217 -7
7089500 -7.36182 -7
7089600 -7.42216 -7
7089700 -7.51025 -7
7089800 -7.93976 -7
7089900 -8.08296 -7
7090000 -8.02202 -7
7090100 -7.8741 -7
7090200 -7.61045 -7
7090300 -7.74742 -7
7090400 -7.7427 -7
7090500 -7.5903 -7
7090600 -7.30116 -7
7090700 -7.08478 -7
7090800 -6.97867 -7
7090900 -7.28406 -7
7091000 -7.39074 -7
7091100 -7.01964 -7
7091200 -6.82758 -7
7091300 -7.06652 -7
7091400 -7.2923 -7
7091500 -7.32874 -7
7091600 -7.26439 -7
7091700 -7.21709 -7
7091800 -7.34109 -7
7091900 -7.52338 -7
7092000 -7.78346 -7
7092100 -8.00047 -7
7092200 -7.85416 -7
7092300 -7.87579 -7
7092400 -7.94788 -7
7092500 -7.7571 -7
7092600 -7.43252 -7
7092700 -6.94624 -7
7092800 -6.86645 -7
7092900 -7.05099 -7
7093000 -6.94717 -7
7093100 -6.98151 -7
7093200 -7.08873 -7
7093300 -7.42385 -7
7093400 -7.51984 -7
7093500 -7.54311 -7
7093600 -7.50096 -7
7093700 -7.58064 -7
7093800 -7.4707 -7
7093900 -7.28196 -7
7094000 -7.51879 -7
7094100 -7.75297 -7
7094200 -7.31784 -7
7094300 -7.19204 -7
7094400 -7.21138 -7
7094500 -7.35543 -7
7094600 -7.57705 -7
7094700 -7.33151 -7
7094800 -7.09247 -7
7094900 -7.49146 -7
7095000 -7.27644 -7
7095100 -7.09938 -7
7095200 -7.12192 -7
7095300 -7.4779 -7
7095400 -7.7197 -7
7095500 -7.75154 -7
7095600 -7.33074 -7
7095700 -7.13278 -7
7095800 -7.10225 -7
7095900 -7.24279 -7
7096000 -7.06735 -7
7096100 -6.6076 -7
7096200 -6.93472 -7
7096300 -6.99177 -7
7096400 -6.53575 -7
7096500 -6.57497 -7
7096600 -7.09671 -7
7096700 -7.33113 -7
7096800 -7.19965 -7
7096900 -6.71522 -7
7097000 -6.70278 -7
7097100 -6.82609 -7
7097200 -6.81437 -7
7097300 -6.98123 -7
7097400 -7.19291 -7
7097500 -7.36447 -7
7097600 -7.45961 -7
7097700 -7.51094 -7
7097800 -7.59233 -7
7097900 -7.78363 -7
7098000 -7.76237 -7
7098100 -7.43079 -7
7098200 -7.06101 -7
7098300 -6.9252 -7
7098400 -7.07052 -7
7098500 -7.08493 -7
7098600 -6.86333 -7
7098700 -6.93734 -7
7098800 -6.97973 -7
7098900 -7.32426 -7
7099000 -7.60718 -7
7099100 -7.50986 -7
7099200 -7.34965 -7
7099300 -7.17288 -7
7099400 -6.92668 -7
7099500 -6.72025 -7
7099600 -7.11516 -7
7099700 -7.17071 -7
7099800 -7.14568 -7
7099900 -7.22759 -7
7100000 -7.24202 -7
7100100 -7.19296 -7
7100200 -7.03936 -7
7100300 -7.30125 -7
7100400 -7.36609 -7
7100500 -7.35601 -7
7100600 -7.48193 -7
7100700 -7.70326 -7
7100800 -7.87391 -7
7100900 -7.73795 -7
7101000 -7.60963 -7
7101100 -7.46659 -7
7101200 -7.24926 -7
7101300 -7.26279 -7
7101400 -7.11575 -7
7101500 -6.98689 -7
7101600 -6.84581 -7
7101700 -6.99024 -7
7101800 -7.17481 -7
7101900 -7.2451 -7
7102000 -7.2265 -7
7102100 -7.37965 -7
7102200 -7.66325 -7
7102300 -7.79742 -7
7102400 -7.37717 -7
7102500 -7.57375 -7
7102600 -7.84751 -7
7102700 -7.72542 -7
7102800 -7.78656 -7
7102900 -7.57841 -7
7103000 -7.11488 -7
7103100 -6.93369 -7
7103200 -6.89382 -7
7103300 -6.96366 -7
7103400 -6.95812 -7
7103500 -7.02647 -7
7103600 -6.96061 -7
7103700 -7.01247 -7
7103800 -6.97241 -7
7103900 -6.75276 -7
7104000 -6.41181 -7
7104100 -6.29003 -7
7104200 -6.50923 -7
7104300 -6.66369 -7
7104400 -7.01987 -7
7104500 -7.40095 -7
7104600 -7.37038 -7
7104700 -7.18768 -7
7104800 -7.10698 -7
7104900 -7.1982 -7
7105000 -7.12718 -7
7105100 -6.97802 -7
7105200 -6.82906 -7
7105300 -7.23058 -7
7105400 -7.43039 -7
7105500 -7.22384 -7
7105600 -7.06467 -7
7105700 -7.13604 -7
7105800 -7.00748 -7
7105900 -7.04748 -7
7106000 -7.16545 -7
7106100 -7.15575 -7
7106200 -7.51314 -7
7106300 -7.46965 -7
7106400 -7.31889 -7
7106500 -7.4315 -7
7106600 -7.30084 -7
7106700 -6.99001 -7
7106800 -6.94345 -7
7106900 -7.19897 -7
7107000 -7.07607 -7
7107100 -6.85125 -7
7107200 -6.91197 -7
7107300 -6.80148 -7
7107400 -6.83313 -7
7107500 -6.93648 -7
7107600 -7.06376 -7
7107700 -7.35996 -7
7107800 -7.16548 -7
7107900 -6.99294 -7
7108000 -6.92334 -7
7108100 -7.05642 -7
7108200 -7.08971 -7
7108300 -7.18575 -7
7108400 -7.15448 -7
7108500 -7.24636 -7
7108600 -7.06824 -7
7108700 -6.9287 -7
7108800 -7.11897 -7
7108900 -7.14604 -7
7109000 -7.55695 -7
7109100 -7.66261 -7
7109200 -7.44151 -7
7109300 -7.50358 -7
7109400 -7.67757 -7
7109500 -7.5982 -7
7109600 -7.44342 -7
7109700 -7.33235 -7
7109800 -7.40749 -7
7109900 -7.35522 -7
7110000 -6.97803 -7
7110100 -6.84115 -7
7110200 -7.32566 -7
7110300 -7.46896 -7
7110400 -7.48684 -7
7110500 -7.37867 -7
7110600 -7.19727 -7
7110700 -7.05741 -7
7110800 -6.95938 -7
7110900 -6.95563 -7
7111000 -6.94694 -7
7111100 -7.27486 -7
7111200 -7.00655 -7
7111300 -6.75597 -7
7111400 -6.6595 -7
7111500 -6.68125 -7
7111600 -6.62228 -7
7111700 -6.37382 -7
7111800 -6.43634 -7
7111900 -6.91312 -7
7112000 -6.97779 -7
7112100 -7.06292 -7
7112200 -7.17184 -7
7112300 -7.43193 -7
7112400 -7.12154 -7
7112500 -7.07978 -7
7112600 -6.98468 -7
7112700 -6.91706 -7
7112800 -6.76304 -7
7112900 -6.72439 -7
7113000 -6.90595 -7
7113100 -7.09219 -7
7113200 -7.09066 -7
7113300 -6.91973 -7
7113400 -6.78221 -7
7113500 -7.0026 -7
7113600 -6.94841 -7
7113700 -6.9385 -7
7113800 -7.2882 -7
7113900 -7.58768 -7
7114000 -7.6585 -7
7114100 -7.33703 -7
7114200 -7.38972 -7
7114300 -7.42167 -7
7114400 -7.39739 -7
7114500 -7.30289 -7
7114600 -7.24399 -7
7114700 -7.49309 -7
7114800 -7.61561 -7
7114900 -7.64958 -7
7115000 -7.72611 -7
7115100 -7.67099 -7
7115200 -7.21268 -7
7115300 -6.99828 -7
7115400 -7.03449 -7
7115500 -7.13974 -7
7115600 -6.79977 -7
7115700 -6.87802 -7
7115800 -6.87094 -7
7115900 -7.12653 -7
7116000 -7.25261 -7
7116100 -7.09689 -7
7116200 -7.2293 -7
7116300 -7.36186 -7
7116400 -7.35651 -7
7116500 -7.14997 -7
7116600 -7.22529 -7
7116700 -7.09318 -7
7116800 -7.04964 -7
7116900 -6.89997 -7
7117000 -6.93018 -7
7117100 -6.68155 -7
7117200 -6.4863 -7
7117300 -6.67102 -7
7117400 -6.61129 -7
7117500 -6.60952 -7
7117600 -6.84397 -7
7117700 -7.17309 -7
7117800 -7.34617 -7
7117900 -7.31203 -7
7118000 -7.06181 -7
7118100 -7.14262 -7
7118200 -7.17751 -7
7118300 -7.29292 -7
7118400 -7.30052 -7
7118500 -7.26645 -7
7118600 -7.25624 -7
7118700 -7.14509 -7
7118800 -7.11112 -7
7118900 -6.94647 -7
7119000 -7.13767 -7
7119100 -6.93939 -7
7119200 -6.76005 -7
7119300 -6.88163 -7
7119400 -7.07929 -7
7119500 -6.95731 -7
7119600 -6.95664 -7
7119700 -7.06814 -7
7119800 -7.37666 -7
7119900 -7.45061 -7
7120000 -7.35142 -7
7120100 -7.29235 -7
7120200 -7.207 -7
7120300 -7.27421 -7
7120400 -7.29038 -7
7120500 -7.48861 -7
7120600 -7.56925 -7
7120700 -7.48599 -7
7120800 -7.52544 -7
7120900 -7.41503 -7
7121000 -7.16595 -7
7121100 -7.10855 -7
7121200 -7.01971 -7
7121300 -7.11735 -7
7121400 -7.16017 -7
7121500 -7.29579 -7
7121600 -7.25434 -7
7121700 -7.00296 -7
7121800 -6.72039 -7
7121900 -6.6433 -7
7122000 -6.77657 -7
7122100 -6.76883 -7
7122200 -7.04271 -7
7122300 -7.2167 -7
7122400 -6.78927 -7
7122500 -6.37105 -7
7122600 -6.54864 -7
7122700 -6.93789 -7
7122800 -7.13639 -7
7122900 -7.33216 -7
7123000 -7.45244 -7
7123100 -7.45526 -7
7123200 -7.71481 -7
7123300 -7.37098 -7
7123400 -7.1726 -7
7123500 -7.24348 -7
7123600 -7.29955 -7
7123700 -7.73714 -7
7123800 -7.54352 -7
7123900 -7.4935 -7
7124000 -7.30339 -7
7124100 -7.02947 -7
7124200 -6.76574 -7
7124300 -6.52745 -7
7124400 -6.78811 -7
7124500 -7.05388 -7
7124600 -7.27244 -7
7124700 -7.24224 -7
7124800 -7.28666 -7
7124900 -7.58404 -7
7125000 -7.87438 -7
7125100 -7.73965 -7
7125200 -7.59084 -7
7125300 -7.66103 -7
7125400 -7.49202 -7
7125500 -7.3498 -7
7125600 -7.15148 -7
7125700 -7.14415 -7
7125800 -6.95104 -7
7125900 -6.78346 -7
7126000 -6.70967 -7
7126100 -6.7545 -7
7126200 -7.09902 -7
7126300 -7.0738 -7
7126400 -7.06226 -7
7126500 -7.17304 -7
7126600 -7.15 -7
7126700 -7.09426 -7
7126800 -7.0554 -7
7126900 -7.03455 -7
7127000 -7.09399 -7
7127100 -7.41862 -7
7127200 -7.69185 -7
7127300 -7.95402 -7
7127400 -7.86829 -7
7127500 -7.69705 -7
7127600 -7.28465 -7
7127700 -7.09994 -7
7127800 -6.89866 -7
7127900 -6.94135 -7
7128000 -6.81393 -7
7128100 -6.92156 -7
7128200 -6.93031 -7
7128300 -7.05105 -7
7128400 -7.40156 -7
7128500 -7.61637 -7
7128600 -7.36841 -7
7128700 -7.40762 -7
7128800 -7.57649 -7
7128900 -7.57708 -7
7129000 -7.58039 -7
7129100 -7.35707 -7
7129200 -7.13934 -7
7129300 -7.03677 -7
7129400 -6.7919 -7
7129500 -6.72828 -7
7129600 -6.68321 -7
7129700 -6.90355 -7
7129800 -7.10804 -7
7129900 -7.38868 -7
7130000 -7.4427 -7
7130100 -7.24969 -7
7130200 -6.90574 -7
7130300 -6.55484 -7
7130400 -6.62067 -7
7130500 -6.51026 -7
7130600 -6.53549 -7
7130700 -6.94901 -7
7130800 -6.92923 -7
7130900 -6.85229 -7
7131000 -6.97153 -7
7131100 -7.29973 -7
7131200 -7.57407 -7
7131300 -7.37955 -7
7131400 -7.42166 -7
7131500 -7.43297 -7
7131600 -7.3924 -7
7131700 -7.42302 -7
7131800 -7.43636 -7
7131900 -7.18678 -7
7132000 -6.90855 -7
7132100 -6.87391 -7
7132200 -6.72394 -7
7132300 -6.48965 -7
7132400 -6.21392 -7
7132500 -6.13511 -7
7132600 -6.12219 -7
7132700 -6.0881 -7
7132800 -6.19039 -7
7132900 -6.37888 -7
7133000 -6.45969 -7
7133100 -6.51454 -7
7133200 -6.69136 -7
7133300 -6.83408 -7
7133400 -6.74795 -7
7133500 -7.06419 -7
7133600 -7.41822 -7
7133700 -7.44898 -7
7133800 -7.72106 -7
7133900 -7.75287 -7
7134000 -7.70037 -7
7134100 -7.55161 -7
7134200 -7.66164 -7
7134300 -7.71028 -7
7134400 -7.5342 -7
7134500 -7.58208 -7
7134600 -7.40239 -7
7134700 -7.37102 -7
7134800 -7.12479 -7
7134900 -6.78439 -7
7135000 -6.95761 -7
7135100 -7.58114 -7
7135200 -7.84048 -7
7135300 -7.93972 -7
7135400 -7.92129 -7
7135500 -7.57231 -7
7135600 -7.86243 -7
7135700 -7.76505 -7
7135800 -7.32604 -7
7135900 -7.16148 -7
7136000 -7.14888 -7
7136100 -7.40617 -7
7136200 -7.38908 -7
7136300 -7.33936 -7
7136400 -7.0872 -7
7136500 -7.26233 -7
7136600 -7.51053 -7
7136700 -8.1376 -7
7136800 -8.10876 -7
7136900 -8.05545 -7
7137000 -8.09731 -7
7137100 -7.65381 -7
7137200 -7.22309 -7
7137300 -7.10682 -7
7137400 -7.2629 -7
7137500 -7.38434 -7
7137600 -7.47581 -7
7137700 -7.52237 -7
7137800 -7.43571 -7
7137900 -7.42922 -7
7138000 -7.3653 -7
7138100 -7.27004 -7
7138200 -7.41164 -7
7138300 -7.43806 -7
7138400 -7.13908 -7
7138500 -6.92615 -7
7138600 -6.83578 -7
7138700 -6.96129 -7
7138800 -6.89351 -7
7138900 -6.61502 -7
7139000 -6.55148 -7
7139100 -6.49901 -7
7139200 -6.36493 -7
7139300 -6.33674 -7
7139400 -6.27491 -7
7139500 -6.42873 -7
7139600 -6.63597 -7
7139700 -6.38755 -7
7139800 -6.5143 -7
7139900 -6.43806 -7
7140000 -6.51838 -7
7140100 -6.55397 -7
7140200 -6.57088 -7
7140300 -6.67526 -7
7140400 -7.0215 -7
7140500 -7.45308 -7
7140600 -7.82309 -7
7140700 -8.28158 -7
7140800 -8.11663 -7
7140900 -7.74403 -7
7141000 -7.53936 -7
7141100 -7.47287 -7
7141200 -7.49152 -7
7141300 -7.28915 -7
7141400 -7.62962 -7
7141500 -7.62494 -7
7141600 -7.7855 -7
7141700 -7.59656 -7
7141800 -7.48275 -7
7141900 -7.31889 -7
7142000 -7.18557 -7
7142100 -7.11472 -7
7142200 -6.83204 -7
7142300 -6.53583 -7
7142400 -6.76861 -7
7142500 -6.81784 -7
7142600 -6.8421 -7
7142700 -6.97302 -7
7142800 -7.17147 -7
7142900 -6.96367 -7
7143000 -6.68084 -7
7143100 -6.89809 -7
7143200 -6.87773 -7
7143300 -6.90347 -7
7143400 -6.94002 -7
7143500 -7.16015 -7
7143600 -7.13615 -7
7143700 -6.9619 -7
7143800 -7.1154 -7
7143900 -7.51617 -7
7144000 -7.68296 -7
7144100 -7.42272 -7
7144200 -7.1937 -7
7144300 -7.17697 -7
7144400 -7.00474 -7
7144500 -6.86326 -7
7144600 -6.91565 -7
7144700 -6.67049 -7
7144800 -6.50839 -7
7144900 -6.74922 -7
7145000 -6.70471 -7
7145100 -6.52577 -7
7145200 -6.73592 -7
7145300 -7.23836 -7
7145400 -7.37123 -7
7145500 -7.53176 -7
7145600 -7.64718 -7
7145700 -7.95109 -7
7145800 -7.76405 -7
7145900 -7.44699 -7
7146000 -7.22322 -7
7146100 -7.25356 -7
7146200 -7.13836 -7
7146300 -7.06432 -7
7146400 -7.07772 -7
7146500 -7.08513 -7
7146600 -6.99276 -7
7146700 -7.15701 -7
7146800 -7.1449 -7
7146900 -7.03744 -7
7147000 -7.12962 -7
7147100 -7.06207 -7
7147200 -7.15194 -7
7147300 -7.21325 -7
7147400 -7.03997 -7
7147500 -7.09819 -7
7147600 -6.8735 -7
7147700 -6.85657 -7
7147800 -7.04832 -7
7147900 -7.23991 -7
7148000 -7.32185 -7
7148100 -7.38295 -7
7148200 -7.44202 -7
7148300 -7.3989 -7
7148400 -7.42123 -7
7148500 -7.53037 -7
7148600 -7.28903 -7
7148700 -7.20589 -7
7148800 -6.93918 -7
7148900 -6.55097 -7
7149000 -6.35259 -7
7149100 -6.54825 -7
7149200 -6.84286 -7
7149300 -6.9928 -7
7149400 -6.81257 -7
7149500 -6.82746 -7
7149600 -6.97239 -7
7149700 -7.07854 -7
7149800 -7.19924 -7
7149900 -7.3113 -7
7150000 -7.1497 -7
7150100 -7.22408 -7
7150200 -7.04494 -7
7150300 -6.9979 -7
7150400 -7.06353 -7
7150500 -7.2693 -7
7150600 -7.4115 -7
7150700 -7.48081 -7
7150800 -7.52904 -7
7150900 -7.49948 -7
7151000 -7.34092 -7
7151100 -7.06502 -7
7151200 -7.26993 -7
7151300 -7.69087 -7
7151400 -7.71413 -7
7151500 -7.77748 -7
7151600 -7.59472 -7
7151700 -7.59802 -7
7151800 -7.43372 -7
7151900 -7.16125 -7
7152000 -6.94815 -7
7152100 -7.17736 -7
7152200 -7.27198 -7
7152300 -7.50954 -7
7152400 -7.61537 -7
7152500 -7.52633 -7
7152600 -7.5647 -7
7152700 -7.57429 -7
7152800 -7.40955 -7
7152900 -7.32879 -7
7153000 -7.3192 -7
7153100 -7.36381 -7
7153200 -7.03201 -7
7153300 -7.13409 -7
7153400 -7.36337 -7
7153500 -7.32202 -7
7153600 -7.00888 -7
7153700 -6.99788 -7
7153800 -7.12794 -7
7153900 -7.29221 -7
7154000 -7.39778 -7
7154100 -7.4533 -7
7154200 -7.39332 -7
7154300 -7.55379 -7
7154400 -7.71784 -7
7154500 -7.81966 -7
7154600 -7.36375 -7
7154700 -7.06345 -7
7154800 -7.25642 -7
7154900 -7.39005 -7
7155000 -7.50678 -7
7155100 -7.40762 -7
7155200 -7.17002 -7
7155300 -7.03199 -7
7155400 -6.99012 -7
7155500 -7.05565 -7
7155600 -7.10957 -7
7155700 -7.10971 -7
7155800 -7.07974 -7
7155900 -7.31396 -7
7156000 -7.55477 -7
7156100 -7.67141 -7
7156200 -7.68392 -7
7156300 -7.40948 -7
7156400 -7.30562 -7
7156500 -7.24967 -7
7156600 -7.41045 -7
7156700 -7.26189 -7
7156800 -7.09702 -7
7156900 -6.86522 -7
7157000 -6.74304 -7
7157100 -6.53312 -7
7157200 -6.42969 -7
7157300 -6.30198 -7
7157400 -6.23037 -7
7157500 -6.29037 -7
7157600 -6.44596 -7
7157700 -6.72252 -7
7157800 -6.86944 -7
7157900 -6.85575 -7
7158000 -6.92561 -7
7158100 -6.80141 -7
7158200 -6.72081 -7
7158300 -7.01916 -7
7158400 -7.2179 -7
7158500 -7.19557 -7
7158600 -7.32997 -7
7158700 -7.17322 -7
7158800 -6.83111 -7
7158900 -6.9594 -7
7159000 -7.61316 -7
7159100 -7.82163 -7
7159200 -7.51292 -7
7159300 -7.22045 -7
7159400 -7.04614 -7
7159500 -7.04266 -7
7159600 -7.03177 -7
7159700 -7.20569 -7
7159800 -7.34976 -7
7159900 -7.70605 -7
7160000 -7.24843 -7
7160100 -6.94661 -7
7160200 -6.7143 -7
7160300 -6.68704 -7
7160400 -6.84456 -7
7160500 -7.2875 -7
7160600 -7.26404 -7
7160700 -7.13306 -7
7160800 -6.77469 -7
7160900 -6.85253 -7
7161000 -6.96001 -7
7161100 -7.0559 -7
7161200 -7.20897 -7
7161300 -6.99059 -7
7161400 -7.0218 -7
7161500 -7.30199 -7
7161600 -7.35931 -7
7161700 -7.00314 -7
7161800 -6.84977 -7
7161900 -6.68523 -7
7162000 -6.8394 -7
7162100 -7.27217 -7
7162200 -7.40263 -7
7162300 -7.50267 -7
7162400 -7.63043 -7
7162500 -7.79409 -7
7162600 -7.68222 -7
7162700 -7.55639 -7
7162800 -7.58388 -7
7162900 -7.5222 -7
7163000 -7.09762 -7
7163100 -6.99403 -7
7163200 -7.07688 -7
7163300 -7.14492 -7
7163400 -6.90883 -7
7163500 -6.81964 -7
7163600 -7.10045 -7
7163700 -7.30423 -7
7163800 -7.27282 -7
7163900 -7.0386 -7
7164000 -6.92135 -7
7164100 -7.203 -7
7164200 -7.46166 -7
7164300 -7.65169 -7
7164400 -7.71589 -7
7164500 -7.57204 -7
7164600 -7.38849 -7
7164700 -7.17426 -7
7164800 -7.00777 -7
7164900 -7.08397 -7
7165000 -7.18132 -7
7165100 -6.75603 -7
7165200 -6.6088 -7
7165300 -6.95792 -7
7165400 -7.30114 -7
7165500 -7.37559 -7
7165600 -7.52129 -7
7165700 -7.29554 -7
7165800 -7.13466 -7
7165900 -7.21717 -7
7166000 -7.20419 -7
7166100 -7.11516 -7
7166200 -7.16131 -7
7166300 -7.00028 -7
7166400 -6.81262 -7
7166500 -6.74873 -7
7166600 -6.74619 -7
7166700 -6.77835 -7
7166800 -6.7274 -7
7166900 -6.65262 -7
7167000 -6.72119 -7
7167100 -6.77904 -7
7167200 -7.07692 -7
7167300 -7.08546 -7
7167400 -7.28602 -7
7167500 -7.23724 -7
7167600 -7.54354 -7
7167700 -7.92375 -7
7167800 -7.80989 -7
7167900 -7.44627 -7
7168000 -7.30119 -7
7168100 -7.12267 -7
7168200 -7.10382 -7
7168300 -7.27881 -7
7168400 -7.28753 -7
7168500 -6.98321 -7
7168600 -6.68544 -7
7168700 -6.66929 -7
7168800 -6.76138 -7
7168900 -6.61157 -7
7169000 -6.48076 -7
7169100 -6.6048 -7
7169200 -6.77332 -7
7169300 -6.59885 -7
7169400 -6.47003 -7
7169500 -6.2713 -7
7169600 -6.60268 -7
7169700 -7.03385 -7
7169800 -7.17997 -7
7169900 -7.18812 -7
7170000 -7.30778 -7
7170100 -7.44093 -7
7170200 -7.25205 -7
7170300 -7.10299 -7
7170400 -6.92591 -7
7170500 -6.59443 -7
7170600 -6.67787 -7
7170700 -6.86237 -7
7170800 -6.96125 -7
7170900 -7.25656 -7
7171000 -7.18931 -7
7171100 -6.9509 -7
7171200 -6.98229 -7
7171300 -7.2769 -7
7171400 -7.34862 -7
7171500 -7.36625 -7
7171600 -7.27683 -7
7171700 -7.18242 -7
7171800 -7.01791 -7
7171900 -7.00285 -7
7172000 -7.23005 -7
7172100 -7.40281 -7
7172200 -7.21749 -7
7172300 -7.31499 -7
7172400 -7.73097 -7
7172500 -7.74472 -7
7172600 -7.65342 -7
7172700 -7.56906 -7
7172800 -7.20596 -7
7172900 -7.17313 -7
7173000 -7.24929 -7
7173100 -7.11711 -7
7173200 -7.12404 -7
7173300 -7.15384 -7
7173400 -7.20393 -7
7173500 -7.50878 -7
7173600 -7.71314 -7
7173700 -7.73577 -7
7173800 -7.83362 -7
7173900 -7.70772 -7
7174000 -7.38112 -7
7174100 -7.02556 -7
7174200 -6.90537 -7
7174300 -6.97226 -7
7174400 -6.66898 -7
7174500 -6.90895 -7
7174600 -6.90588 -7
7174700 -6.63097 -7
7174800 -6.37122 -7
7174900 -6.38577 -7
7175000 -6.57142 -7
7175100 -6.62549 -7
7175200 -6.85165 -7
7175300 -6.87433 -7
7175400 -6.89359 -7
7175500 -6.59881 -7
7175600 -6.47095 -7
7175700 -6.63283 -7
7175800 -7.22197 -7
7175900 -7.45722 -7
7176000 -7.49955 -7
7176100 -7.49811 -7
7176200 -7.52156 -7
7176300 -7.4346 -7
7176400 -7.45076 -7
7176500 -7.46838 -7
7176600 -7.21247 -7
7176700 -7.17044 -7
7176800 -7.3034 -7
7176900 -7.15033 -7
7177000 -6.96027 -7
7177100 -6.79246 -7
7177200 -6.51738 -7
7177300 -6.62096 -7
7177400 -6.62786 -7
7177500 -6.91478 -7
7177600 -7.32484 -7
7177700 -7.32959 -7
7177800 -7.10378 -7
7177900 -7.09486 -7
7178000 -7.14991 -7
7178100 -7.18378 -7
7178200 -6.93841 -7
7178300 -6.85436 -7
7178400 -6.6037 -7
7178500 -6.71025 -7
7178600 -6.88095 -7
7178700 -7.1776 -7
7178800 -7.18744 -7
7178900 -7.26218 -7
7179000 -7.34194 -7
7179100 -7.21078 -7
7179200 -7.07731 -7
7179300 -6.83546 -7
7179400 -6.56141 -7
7179500 -6.36595 -7
7179600 -6.57121 -7
7179700 -6.70623 -7
7179800 -6.76274 -7
7179900 -6.99408 -7
7180000 -7.2278 -7
7180100 -7.53816 -7
7180200 -7.63471 -7
7180300 -7.82046 -7
7180400 -7.63 -7
7180500 -7.63689 -7
7180600 -7.86777 -7
7180700 -7.89199 -7
7180800 -7.70968 -7
7180900 -7.48388 -7
7181000 -7.13055 -7
7181100 -7.08648 -7
7181200 -6.94192 -7
7181300 -6.75429 -7
7181400 -6.7252 -7
7181500 -6.41537 -7
7181600 -6.46172 -7
7181700 -6.63904 -7
7181800 -6.92828 -7
7181900 -7.00047 -7
7182000 -6.91705 -7
7182100 -7.19218 -7
7182200 -7.45378 -7
7182300 -7.40793 -7
7182400 -6.87717 -7
7182500 -6.78207 -7
7182600 -7.31547 -7
7182700 -7.15974 -7
7182800 -6.76147 -7
7182900 -6.69653 -7
7183000 -6.64302 -7
7183100 -6.80868 -7
7183200 -7.07184 -7
7183300 -7.36548 -7
7183400 -7.42253 -7
7183500 -7.38253 -7
7183600 -7.52473 -7
7183700 -7.32774 -7
7183800 -6.95098 -7
7183900 -6.90798 -7
7184000 -7.01354 -7
7184100 -6.73643 -7
7184200 -6.58921 -7
7184300 -6.85123 -7
7184400 -7.07749 -7
7184500 -7.19344 -7
7184600 -7.14064 -7
7184700 -6.95409 -7
7184800 -6.56829 -7
7184900 -6.57048 -7
7185000 -6.6742 -7
7185100 -6.65677 -7
7185200 -6.70218 -7
7185300 -6.832 -7
7185400 -6.84717 -7
7185500 -6.92456 -7
7185600 -7.13554 -7
7185700 -7.10822 -7
7185800 -7.06186 -7
7185900 -7.08384 -7
7186000 -7.16933 -7
7186100 -7.08577 -7
7186200 -7.22951 -7
7186300 -7.18496 -7
7186400 -7.01897 -7
7186500 -7.03159 -7
7186600 -6.9031 -7
7186700 -6.62332 -7
7186800 -6.21809 -7
7186900 -6.34653 -7
7187000 -6.82263 -7
7187100 -7.35642 -7
7187200 -7.52058 -7
7187300 -7.48732 -7
7187400 -7.19222 -7
7187500 -6.80445 -7
7187600 -6.69135 -7
7187700 -7.14183 -7
7187800 -7.49922 -7
7187900 -7.56281 -7
7188000 -7.2035 -7
7188100 -6.69385 -7
7188200 -6.31067 -7
7188300 -6.32833 -7
7188400 -6.58773 -7
7188500 -6.89968 -7
7188600 -7.14417 -7
7188700 -7.21131 -7
7188800 -7.41077 -7
7188900 -7.21926 -7
7189000 -6.86417 -7
7189100 -6.83214 -7
7189200 -6.99105 -7
7189300 -6.82619 -7
7189400 -6.75395 -7
7189500 -6.66669 -7
7189600 -6.57923 -7
7189700 -6.76655 -7
7189800 -6.84686 -7
7189900 -7.08965 -7
7190000 -7.07315 -7
7190100 -7.04216 -7
7190200 -7.05568 -7
7190300 -7.28304 -7
7190400 -7.03534 -7
7190500 -6.85366 -7
7190600 -6.67591 -7
7190700 -6.60973 -7
7190800 -7.10603 -7
7190900 -7.23541 -7
7191000 -7.25381 -7
7191100 -7.28274 -7
7191200 -7.48881 -7
7191300 -7.44754 -7
7191400 -7.79733 -7
7191500 -8.00478 -7
7191600 -7.90375 -7
7191700 -7.7851 -7
7191800 -7.68457 -7
7191900 -7.46755 -7
7192000 -7.23937 -7
7192100 -7.20179 -7
7192200 -7.37332 -7
7192300 -7.1588 -7
7192400 -6.92772 -7
7192500 -6.9451 -7
7192600 -6.96 -7
7192700 -6.64857 -7
7192800 -6.43871 -7
7192900 -6.6293 -7
7193000 -7.01676 -7
7193100 -7.33425 -7
7193200 -7.40265 -7
7193300 -7.42007 -7
7193400 -7.33174 -7
7193500 -7.17401 -7
7193600 -7.05911 -7
7193700 -7.02253 -7
7193800 -7.48137 -7
7193900 -7.70845 -7
7194000 -7.75576 -7
7194100 -7.60971 -7
7194200 -7.57877 -7
7194300 -7.39235 -7
7194400 -7.26692 -7
7194500 -6.96881 -7
7194600 -6.55979 -7
7194700 -6.52314 -7
7194800 -6.66029 -7
7194900 -6.8864 -7
7195000 -7.33688 -7
7195100 -7.32216 -7
7195200 -7.22327 -7
7195300 -7.2606 -7
7195400 -6.92679 -7
7195500 -6.9087 -7
7195600 -7.01846 -7
7195700 -6.85334 -7
7195800 -6.79856 -7
7195900 -6.54688 -7
7196000 -6.53274 -7
7196100 -7.00391 -7
7196200 -7.13562 -7
7196300 -7.2715 -7
7196400 -7.22615 -7
7196500 -7.27982 -7
7196600 -7.41009 -7
7196700 -7.12941 -7
7196800 -6.73258 -7
7196900 -6.39491 -7
7197000 -6.53608 -7
7197100 -6.76383 -7
7197200 -6.7374 -7
7197300 -6.86771 -7
7197400 -6.9069 -7
7197500 -7.05002 -7
7197600 -6.99861 -7
7197700 -6.84003 -7
7197800 -6.73593 -7
7197900 -6.74362 -7
7198000 -7.03036 -7
7198100 -6.9844 -7
7198200 -6.72143 -7
7198300 -6.96587 -7
7198400 -7.46918 -7
7198500 -7.47691 -7
7198600 -7.20167 -7
7198700 -7.36851 -7
7198800 -7.35004 -7
7198900 -7.44669 -7
7199000 -7.64683 -7
7199100 -7.56003 -7
7199200 -7.34304 -7
7199300 -7.44775 -7
7199400 -7.31353 -7
7199500 -7.21778 -7
7199600 -7.18477 -7
7199700 -7.31373 -7
7199800 -7.3152 -7
7199900 -7.26835 -7
7200000 -7.57389 -7
