# Time-averaged data for fix myat1
# TimeStep v_xave v_xdes
6600100 -8.2038 -8
6600200 -8.27647 -8
6600300 -8.25657 -8
6600400 -8.21217 -8
6600500 -8.41546 -8
6600600 -8.22023 -8
6600700 -8.18731 -8
6600800 -8.15978 -8
6600900 -7.89943 -8
6601000 -8.21776 -8
6601100 -8.14964 -8
6601200 -8.1466 -8
6601300 -7.95721 -8
6601400 -7.9123 -8
6601500 -8.24186 -8
6601600 -8.40783 -8
6601700 -8.93929 -8
6601800 -8.92509 -8
6601900 -8.73998 -8
6602000 -8.86187 -8
6602100 -8.66401 -8
6602200 -8.6434 -8
6602300 -8.7991 -8
6602400 -8.40565 -8
6602500 -7.94847 -8
6602600 -7.47362 -8
6602700 -7.51982 -8
6602800 -7.59762 -8
6602900 -7.72921 -8
6603000 -7.92622 -8
6603100 -8.11863 -8
6603200 -8.26047 -8
6603300 -8.15585 -8
6603400 -8.11876 -8
6603500 -8.05006 -8
6603600 -7.89093 -8
6603700 -8.05379 -8
6603800 -8.15996 -8
6603900 -8.26952 -8
6604000 -8.57371 -8
6604100 -8.52412 -8
6604200 -8.35639 -8
6604300 -7.77654 -8
6604400 -7.7281 -8
6604500 -7.80892 -8
6604600 -7.65061 -8
6604700 -7.61457 -8
6604800 -7.57205 -8
6604900 -7.83586 -8
6605000 -7.90622 -8
6605100 -8.18671 -8
6605200 -8.09125 -8
6605300 -8.03664 -8
6605400 -8.00218 -8
6605500 -7.96864 -8
6605600 -7.95433 -8
6605700 -8.19545 -8
6605800 -8.11826 -8
6605900 -8.04508 -8
6606000 -7.68995 -8
6606100 -7.47799 -8
6606200 -7.27561 -8
6606300 -7.36988 -8
6606400 -7.45275 -8
6606500 -7.62469 -8
6606600 -7.6746 -8
6606700 -7.54353 -8
6606800 -7.57462 -8
6606900 -7.62688 -8
6607000 -7.88593 -8
6607100 -8.12739 -8
6607200 -8.65399 -8
6607300 -8.78806 -8
6607400 -8.95292 -8
6607500 -8.82719 -8
6607600 -8.8152 -8
6607700 -8.65841 -8
6607800 -8.63565 -8
6607900 -8.48919 -8
6608000 -8.36133 -8
6608100 -8.06929 -8
6608200 -7.84887 -8
6608300 -7.90904 -8
6608400 -8.19293 -8
6608500 -8.23746 -8
6608600 -8.18489 -8
6608700 -8.15373 -8
6608800 -7.96336 -8
6608900 -7.86779 -8
6609000 -7.81981 -8
6609100 -7.62904 -8
6609200 -7.47501 -8
6609300 -7.49921 -8
6609400 -7.78774 -8
6609500 -8.01263 -8
6609600 -7.90512 -8
6609700 -7.85057 -8
6609800 -8.14682 -8
6609900 -8.20911 -8
6610000 -8.03562 -8
6610100 -7.81888 -8
6610200 -7.94764 -8
6610300 -8.10051 -8
6610400 -8.12679 -8
6610500 -7.90209 -8
6610600 -7.58182 -8
6610700 -7.4197 -8
6610800 -7.58369 -8
6610900 -7.68496 -8
6611000 -7.87135 -8
6611100 -8.07499 -8
6611200 -8.26773 -8
6611300 -8.27101 -8
6611400 -7.99756 -8
6611500 -7.58789 -8
6611600 -7.12978 -8
6611700 -6.99666 -8
6611800 -7.12786 -8
6611900 -7.30676 -8
6612000 -7.59004 -8
6612100 -7.69478 -8
6612200 -7.7596 -8
6612300 -7.70961 -8
6612400 -7.70622 -8
6612500 -7.45257 -8
6612600 -7.42601 -8
6612700 -7.54343 -8
6612800 -7.81419 -8
6612900 -8.3324 -8
6613000 -8.48116 -8
6613100 -8.71296 -8
6613200 -8.7152 -8
6613300 -8.53418 -8
6613400 -8.29605 -8
6613500 -7.85723 -8
6613600 -8.01055 -8
6613700 -8.08344 -8
6613800 -8.08171 -8
6613900 -8.09152 -8
6614000 -7.97624 -8
6614100 -7.77348 -8
6614200 -7.33909 -8
6614300 -7.40645 -8
6614400 -7.72218 -8
6614500 -8.21412 -8
6614600 -8.24282 -8
6614700 -8.02528 -8
6614800 -7.92995 -8
6614900 -8.05677 -8
6615000 -7.99094 -8
6615100 -7.55184 -8
6615200 -7.46927 -8
6615300 -7.78993 -8
6615400 -7.83707 -8
6615500 -7.65919 -8
6615600 -7.67529 -8
6615700 -7.92648 -8
6615800 -8.25128 -8
6615900 -8.31412 -8
6616000 -8.41112 -8
6616100 -8.31909 -8
6616200 -8.4084 -8
6616300 -8.5899 -8
6616400 -8.54178 -8
6616500 -8.49805 -8
6616600 -8.72571 -8
6616700 -8.66868 -8
6616800 -8.53988 -8
6616900 -8.40466 -8
6617000 -8.07457 -8
6617100 -7.83784 -8
6617200 -7.75627 -8
6617300 -7.77618 -8
6617400 -7.96997 -8
6617500 -7.98055 -8
6617600 -7.81562 -8
6617700 -7.75944 -8
6617800 -7.87047 -8
6617900 -7.89472 -8
6618000 -7.81681 -8
6618100 -7.78656 -8
6618200 -7.89438 -8
6618300 -7.90821 -8
6618400 -7.85025 -8
6618500 -7.55013 -8
6618600 -7.28611 -8
6618700 -7.34957 -8
6618800 -7.68861 -8
6618900 -7.87914 -8
6619000 -7.70259 -8
6619100 -7.36697 -8
6619200 -7.13086 -8
6619300 -7.20294 -8
6619400 -7.39035 -8
6619500 -7.5096 -8
6619600 -7.85253 -8
6619700 -7.86255 -8
6619800 -7.9899 -8
6619900 -8.28542 -8
6620000 -8.77892 -8
6620100 -8.84765 -8
6620200 -8.72527 -8
6620300 -8.83942 -8
6620400 -8.95973 -8
6620500 -8.65166 -8
6620600 -8.33483 -8
6620700 -8.00511 -8
6620800 -7.93203 -8
6620900 -8.15501 -8
6621000 -8.13344 -8
6621100 -8.01583 -8
6621200 -8.4021 -8
6621300 -8.65946 -8
6621400 -8.59044 -8
6621500 -8.55936 -8
6621600 -8.67064 -8
6621700 -8.59124 -8
6621800 -8.13972 -8
6621900 -7.84043 -8
6622000 -7.59219 -8
6622100 -7.58686 -8
6622200 -7.8215 -8
6622300 -7.73398 -8
6622400 -7.60856 -8
6622500 -7.67069 -8
6622600 -7.65005 -8
6622700 -7.63372 -8
6622800 -7.96623 -8
6622900 -8.1241 -8
6623000 -8.16067 -8
6623100 -7.9077 -8
6623200 -7.76484 -8
6623300 -7.61016 -8
6623400 -7.86487 -8
6623500 -7.80966 -8
6623600 -7.47879 -8
6623700 -7.4943 -8
6623800 -7.50105 -8
6623900 -7.7097 -8
6624000 -7.91567 -8
6624100 -8.03208 -8
6624200 -8.12131 -8
6624300 -8.44789 -8
6624400 -8.52415 -8
6624500 -8.14797 -8
6624600 -7.82852 -8
6624700 -7.80036 -8
6624800 -7.64797 -8
6624900 -7.87231 -8
6625000 -8.26736 -8
6625100 -8.17922 -8
6625200 -8.15051 -8
6625300 -8.09471 -8
6625400 -8.16681 -8
6625500 -8.14616 -8
6625600 -8.03582 -8
6625700 -8.0108 -8
6625800 -8.14196 -8
6625900 -8.12393 -8
6626000 -8.15088 -8
6626100 -7.93021 -8
6626200 -7.8918 -8
6626300 -8.14529 -8
6626400 -7.93808 -8
6626500 -7.88439 -8
6626600 -7.98052 -8
6626700 -8.04455 -8
6626800 -8.28497 -8
6626900 -8.49414 -8
6627000 -8.3256 -8
6627100 -8.50878 -8
6627200 -8.72751 -8
6627300 -8.96462 -8
6627400 -9.05368 -8
6627500 -8.90479 -8
6627600 -8.90222 -8
6627700 -8.53652 -8
6627800 -8.17638 -8
6627900 -8.14105 -8
6628000 -8.46863 -8
6628100 -8.68012 -8
6628200 -8.48241 -8
6628300 -8.59306 -8
6628400 -8.76142 -8
6628500 -8.56125 -8
6628600 -8.4506 -8
6628700 -8.5246 -8
6628800 -8.28007 -8
6628900 -8.41928 -8
6629000 -8.46891 -8
6629100 -8.3225 -8
6629200 -8.16 -8
6629300 -8.08896 -8
6629400 -8.11682 -8
6629500 -7.65162 -8
6629600 -7.5783 -8
6629700 -7.61747 -8
6629800 -7.79165 -8
6629900 -7.90591 -8
6630000 -8.29844 -8
6630100 -8.7179 -8
6630200 -8.84553 -8
6630300 -8.63569 -8
6630400 -8.42033 -8
6630500 -8.12721 -8
6630600 -8.19468 -8
6630700 -8.09505 -8
6630800 -8.36099 -8
6630900 -8.53755 -8
6631000 -8.65889 -8
6631100 -8.50262 -8
6631200 -8.32845 -8
6631300 -8.09894 -8
6631400 -8.0818 -8
6631500 -8.23276 -8
6631600 -8.47629 -8
6631700 -8.49899 -8
6631800 -8.58123 -8
6631900 -8.43037 -8
6632000 -8.53016 -8
6632100 -8.51107 -8
6632200 -8.61077 -8
6632300 -8.53803 -8
6632400 -8.458 -8
6632500 -8.39235 -8
6632600 -8.68147 -8
6632700 -8.48939 -8
6632800 -8.53137 -8
6632900 -8.79133 -8
6633000 -8.51579 -8
6633100 -8.39654 -8
6633200 -8.30421 -8
6633300 -8.12882 -8
6633400 -8.09901 -8
6633500 -8.14126 -8
6633600 -8.17751 -8
6633700 -7.99031 -8
6633800 -8.09331 -8
6633900 -8.12769 -8
6634000 -8.13411 -8
6634100 -8.40999 -8
6634200 -8.52991 -8
6634300 -8.77765 -8
6634400 -8.60883 -8
6634500 -8.38086 -8
6634600 -8.2883 -8
6634700 -8.39897 -8
6634800 -8.19864 -8
6634900 -8.13507 -8
6635000 -8.23847 -8
6635100 -8.18988 -8
6635200 -7.98007 -8
6635300 -7.93771 -8
6635400 -8.24363 -8
6635500 -8.32696 -8
6635600 -8.26172 -8
6635700 -8.06324 -8
6635800 -8.31836 -8
6635900 -8.61857 -8
6636000 -8.23717 -8
6636100 -7.8731 -8
6636200 -7.64603 -8
6636300 -8.04755 -8
6636400 -8.17768 -8
6636500 -8.10051 -8
6636600 -7.6686 -8
6636700 -7.58456 -8
6636800 -7.62753 -8
6636900 -7.5786 -8
6637000 -7.67999 -8
6637100 -7.67462 -8
6637200 -7.83003 -8
6637300 -7.79623 -8
6637400 -7.38637 -8
6637500 -7.09678 -8
6637600 -7.3591 -8
6637700 -7.88245 -8
6637800 -8.08613 -8
6637900 -8.02345 -8
6638000 -8.02201 -8
6638100 -8.05748 -8
6638200 -8.16189 -8
6638300 -8.16593 -8
6638400 -8.09412 -8
6638500 -7.73279 -8
6638600 -7.67293 -8
6638700 -7.64171 -8
6638800 -7.88036 -8
6638900 -7.82547 -8
6639000 -7.7041 -8
6639100 -7.69569 -8
6639200 -7.88688 -8
6639300 -8.06419 -8
6639400 -8.23801 -8
6639500 -8.3157 -8
6639600 -8.40883 -8
6639700 -8.43344 -8
6639800 -7.95372 -8
6639900 -7.55023 -8
6640000 -7.43815 -8
6640100 -7.44369 -8
6640200 -7.79769 -8
6640300 -7.9273 -8
6640400 -8.06738 -8
6640500 -8.09596 -8
6640600 -7.71613 -8
6640700 -7.4249 -8
6640800 -7.47079 -8
6640900 -7.68264 -8
6641000 -7.91926 -8
6641100 -8.1583 -8
6641200 -7.96683 -8
6641300 -7.63107 -8
6641400 -7.47245 -8
6641500 -7.57012 -8
6641600 -7.82914 -8
6641700 -8.06178 -8
6641800 -8.09067 -8
6641900 -7.94477 -8
6642000 -7.61755 -8
6642100 -7.37942 -8
6642200 -7.2596 -8
6642300 -7.4152 -8
6642400 -7.46303 -8
6642500 -7.86898 -8
6642600 -8.42694 -8
6642700 -8.29723 -8
6642800 -8.16228 -8
6642900 -8.22966 -8
6643000 -8.44298 -8
6643100 -8.12495 -8
6643200 -7.82305 -8
6643300 -7.80535 -8
6643400 -7.77306 -8
6643500 -7.87254 -8
6643600 -7.70686 -8
6643700 -7.52555 -8
6643800 -7.69897 -8
6643900 -7.41749 -8
6644000 -7.6511 -8
6644100 -8.1261 -8
6644200 -8.16735 -8
6644300 -7.76701 -8
6644400 -7.76173 -8
6644500 -8.11616 -8
6644600 -8.56392 -8
6644700 -8.60433 -8
6644800 -8.59941 -8
6644900 -8.57155 -8
6645000 -8.50592 -8
6645100 -8.44892 -8
6645200 -8.50547 -8
6645300 -8.78369 -8
6645400 -8.76793 -8
6645500 -8.30031 -8
6645600 -8.42917 -8
6645700 -8.49814 -8
6645800 -8.45096 -8
6645900 -8.34444 -8
6646000 -8.45661 -8
6646100 -7.95367 -8
6646200 -7.83829 -8
6646300 -8.2814 -8
6646400 -8.24757 -8
6646500 -8.21945 -8
6646600 -8.3628 -8
6646700 -8.35621 -8
6646800 -8.16786 -8
6646900 -7.85475 -8
6647000 -7.68048 -8
6647100 -7.68493 -8
6647200 -7.81095 -8
6647300 -7.9995 -8
6647400 -7.99464 -8
6647500 -8.01878 -8
6647600 -7.98641 -8
6647700 -8.19855 -8
6647800 -7.95444 -8
6647900 -7.83977 -8
6648000 -8.29345 -8
6648100 -8.23002 -8
6648200 -8.25566 -8
6648300 -8.34384 -8
6648400 -8.69335 -8
6648500 -8.55595 -8
6648600 -8.29084 -8
6648700 -8.18088 -8
6648800 -7.90184 -8
6648900 -7.37258 -8
6649000 -7.43506 -8
6649100 -7.85351 -8
6649200 -8.20241 -8
6649300 -8.28082 -8
6649400 -8.2618 -8
6649500 -8.1307 -8
6649600 -8.14029 -8
6649700 -8.17184 -8
6649800 -8.21998 -8
6649900 -8.35761 -8
6650000 -8.49442 -8
6650100 -8.50664 -8
6650200 -8.3933 -8
6650300 -8.2504 -8
6650400 -8.29065 -8
6650500 -8.23425 -8
6650600 -7.83108 -8
6650700 -7.48696 -8
6650800 -7.83342 -8
6650900 -8.05767 -8
6651000 -7.81075 -8
6651100 -7.59426 -8
6651200 -7.59487 -8
6651300 -7.40396 -8
6651400 -7.42157 -8
6651500 -7.28911 -8
6651600 -7.04958 -8
6651700 -7.38359 -8
6651800 -7.60179 -8
6651900 -7.85416 -8
6652000 -8.12712 -8
6652100 -7.96526 -8
6652200 -7.57412 -8
6652300 -7.56244 -8
6652400 -7.83268 -8
6652500 -7.80404 -8
6652600 -7.61778 -8
6652700 -7.78964 -8
6652800 -8.00249 -8
6652900 -8.06275 -8
6653000 -8.08027 -8
6653100 -8.13542 -8
6653200 -8.14012 -8
6653300 -7.98026 -8
6653400 -7.93981 -8
6653500 -8.31706 -8
6653600 -8.51041 -8
6653700 -8.59796 -8
6653800 -8.5959 -8
6653900 -8.1937 -8
6654000 -8.20738 -8
6654100 -8.05661 -8
6654200 -7.86234 -8
6654300 -7.99226 -8
6654400 -7.80397 -8
6654500 -7.8408 -8
6654600 -7.91238 -8
6654700 -8.06849 -8
6654800 -8.04568 -8
6654900 -8.00934 -8
6655000 -8.0866 -8
6655100 -7.81047 -8
6655200 -7.57139 -8
6655300 -7.63625 -8
6655400 -7.68755 -8
6655500 -7.6809 -8
6655600 -7.7146 -8
6655700 -8.13895 -8
6655800 -8.19607 -8
6655900 -7.99455 -8
6656000 -8.04461 -8
6656100 -7.7195 -8
6656200 -7.60388 -8
6656300 -7.6947 -8
6656400 -7.58522 -8
6656500 -7.58263 -8
6656600 -7.56746 -8
6656700 -7.68124 -8
6656800 -8.06466 -8
6656900 -8.2588 -8
6657000 -8.08766 -8
6657100 -7.80026 -8
6657200 -7.67561 -8
6657300 -7.49384 -8
6657400 -7.38322 -8
6657500 -7.36095 -8
6657600 -7.32003 -8
6657700 -7.45642 -8
6657800 -7.51103 -8
6657900 -7.7861 -8
6658000 -8.20636 -8
6658100 -8.63323 -8
6658200 -8.73993 -8
6658300 -8.64773 -8
6658400 -8.33772 -8
6658500 -7.88083 -8
6658600 -7.55956 -8
6658700 -7.57426 -8
6658800 -7.79403 -8
6658900 -8.00314 -8
6659000 -7.92269 -8
6659100 -7.82168 -8
6659200 -8.02058 -8
6659300 -8.16233 -8
6659400 -8.07154 -8
6659500 -8.28591 -8
6659600 -8.58266 -8
6659700 -8.53112 -8
6659800 -8.17306 -8
6659900 -7.99645 -8
6660000 -7.45318 -8
6660100 -7.18615 -8
6660200 -7.25524 -8
6660300 -7.40613 -8
6660400 -7.4402 -8
6660500 -7.30496 -8
6660600 -7.32173 -8
6660700 -7.25073 -8
6660800 -7.03451 -8
6660900 -7.23585 -8
6661000 -7.47519 -8
6661100 -7.54703 -8
6661200 -7.45401 -8
6661300 -7.36856 -8
6661400 -7.39482 -8
6661500 -7.52159 -8
6661600 -7.49582 -8
6661700 -7.53536 -8
6661800 -7.79462 -8
6661900 -8.01092 -8
6662000 -8.20625 -8
6662100 -7.88598 -8
6662200 -7.62769 -8
6662300 -7.79433 -8
6662400 -7.7077 -8
6662500 -7.67065 -8
6662600 -7.66357 -8
6662700 -7.37866 -8
6662800 -7.06053 -8
6662900 -7.38833 -8
6663000 -7.5269 -8
6663100 -7.88301 -8
6663200 -8.04295 -8
6663300 -8.09594 -8
6663400 -8.07298 -8
6663500 -8.07681 -8
6663600 -8.26917 -8
6663700 -8.44905 -8
6663800 -8.41211 -8
6663900 -8.2064 -8
6664000 -7.6702 -8
6664100 -7.49818 -8
6664200 -7.38797 -8
6664300 -7.45719 -8
6664400 -7.59984 -8
6664500 -7.78659 -8
6664600 -7.9483 -8
6664700 -8.19541 -8
6664800 -8.45786 -8
6664900 -8.26496 -8
6665000 -7.88762 -8
6665100 -7.8451 -8
6665200 -8.28055 -8
6665300 -8.486 -8
6665400 -8.37107 -8
6665500 -8.31619 -8
6665600 -8.34176 -8
6665700 -7.96607 -8
6665800 -7.67641 -8
6665900 -7.4402 -8
6666000 -7.75149 -8
6666100 -8.02536 -8
6666200 -8.02117 -8
6666300 -8.14633 -8
6666400 -8.50933 -8
6666500 -8.84964 -8
6666600 -8.96969 -8
6666700 -8.8011 -8
6666800 -8.40768 -8
6666900 -8.13931 -8
6667000 -7.99911 -8
6667100 -7.9921 -8
6667200 -7.83625 -8
6667300 -7.89804 -8
6667400 -7.8921 -8
6667500 -7.6876 -8
6667600 -7.72261 -8
6667700 -7.83555 -8
6667800 -7.77383 -8
6667900 -7.71475 -8
6668000 -7.71742 -8
6668100 -7.99482 -8
6668200 -7.95501 -8
6668300 -8.18913 -8
6668400 -8.24625 -8
6668500 -8.13298 -8
6668600 -8.06907 -8
6668700 -7.92739 -8
6668800 -7.94066 -8
6668900 -8.19307 -8
6669000 -8.22224 -8
6669100 -7.93386 -8
6669200 -7.68923 -8
6669300 -7.95561 -8
6669400 -8.37358 -8
6669500 -8.38555 -8
6669600 -8.06533 -8
6669700 -8.59081 -8
6669800 -8.64074 -8
6669900 -8.29354 -8
6670000 -8.19752 -8
6670100 -8.28882 -8
6670200 -8.40958 -8
6670300 -7.97887 -8
6670400 -7.58653 -8
6670500 -7.65315 -8
6670600 -7.57693 -8
6670700 -7.65957 -8
6670800 -7.61459 -8
6670900 -7.54652 -8
6671000 -7.77148 -8
6671100 -7.99968 -8
6671200 -8.39517 -8
6671300 -8.77301 -8
6671400 -8.85393 -8
6671500 -8.73293 -8
6671600 -8.36875 -8
6671700 -7.97533 -8
6671800 -8.21036 -8
6671900 -8.62985 -8
6672000 -8.73739 -8
6672100 -8.28066 -8
6672200 -8.07906 -8
6672300 -7.97455 -8
6672400 -7.70191 -8
6672500 -7.98224 -8
6672600 -8.04089 -8
6672700 -8.23309 -8
6672800 -8.18032 -8
6672900 -7.99562 -8
6673000 -7.84435 -8
6673100 -7.93319 -8
6673200 -8.29034 -8
6673300 -8.44795 -8
6673400 -8.47662 -8
6673500 -8.60188 -8
6673600 -8.61115 -8
6673700 -8.32809 -8
6673800 -8.29234 -8
6673900 -8.56349 -8
6674000 -8.70014 -8
6674100 -8.32691 -8
6674200 -8.02198 -8
6674300 -7.82964 -8
6674400 -7.91899 -8
6674500 -7.69576 -8
6674600 -7.58577 -8
6674700 -7.73941 -8
6674800 -7.81052 -8
6674900 -7.69367 -8
6675000 -7.66596 -8
6675100 -7.63416 -8
6675200 -7.79976 -8
6675300 -8.06455 -8
6675400 -8.16962 -8
6675500 -7.83639 -8
6675600 -7.90729 -8
6675700 -8.04952 -8
6675800 -8.31558 -8
6675900 -8.2899 -8
6676000 -8.46803 -8
6676100 -8.4146 -8
6676200 -8.35262 -8
6676300 -8.37116 -8
6676400 -8.51262 -8
6676500 -8.55056 -8
6676600 -8.41437 -8
6676700 -8.09771 -8
6676800 -8.06523 -8
6676900 -8.68079 -8
6677000 -8.51709 -8
6677100 -8.15901 -8
6677200 -8.26316 -8
6677300 -8.29149 -8
6677400 -8.39939 -8
6677500 -8.58184 -8
6677600 -8.46938 -8
6677700 -8.0157 -8
6677800 -8.01316 -8
6677900 -8.03846 -8
6678000 -8.21347 -8
6678100 -8.23883 -8
6678200 -8.03937 -8
6678300 -8.26465 -8
6678400 -8.55432 -8
6678500 -8.58943 -8
6678600 -8.29623 -8
6678700 -8.12494 -8
6678800 -8.09556 -8
6678900 -8.0848 -8
6679000 -8.2014 -8
6679100 -8.38085 -8
6679200 -8.28784 -8
6679300 -8.36238 -8
6679400 -8.32118 -8
6679500 -8.39344 -8
6679600 -8.15962 -8
6679700 -8.03232 -8
6679800 -8.0487 -8
6679900 -8.02544 -8
6680000 -7.91895 -8
6680100 -7.72604 -8
6680200 -7.86236 -8
6680300 -8.29186 -8
6680400 -8.6716 -8
6680500 -8.66248 -8
6680600 -8.74838 -8
6680700 -8.64613 -8
6680800 -8.02238 -8
6680900 -7.53541 -8
6681000 -7.34683 -8
6681100 -7.40465 -8
6681200 -7.48341 -8
6681300 -7.55109 -8
6681400 -7.74047 -8
6681500 -8.19978 -8
6681600 -8.24242 -8
6681700 -7.81191 -8
6681800 -7.80527 -8
6681900 -8.06369 -8
6682000 -7.9027 -8
6682100 -7.78912 -8
6682200 -7.77415 -8
6682300 -7.71652 -8
6682400 -7.54173 -8
6682500 -7.52925 -8
6682600 -7.84495 -8
6682700 -8.13072 -8
6682800 -8.09647 -8
6682900 -8.31178 -8
6683000 -8.29335 -8
6683100 -8.24295 -8
6683200 -8.29179 -8
6683300 -8.33529 -8
6683400 -8.03365 -8
6683500 -7.72577 -8
6683600 -7.5397 -8
6683700 -7.40224 -8
6683800 -7.435 -8
6683900 -7.43853 -8
6684000 -7.68227 -8
6684100 -7.53464 -8
6684200 -7.79543 -8
6684300 -8.13648 -8
6684400 -8.32376 -8
6684500 -8.17784 -8
6684600 -7.79652 -8
6684700 -7.60545 -8
6684800 -7.33567 -8
6684900 -7.29185 -8
6685000 -7.41968 -8
6685100 -7.616 -8
6685200 -7.66852 -8
6685300 -7.79625 -8
6685400 -7.90903 -8
6685500 -8.30283 -8
6685600 -8.23257 -8
6685700 -8.34315 -8
6685800 -8.43959 -8
6685900 -8.09673 -8
6686000 -7.94598 -8
6686100 -8.13489 -8
6686200 -8.03749 -8
6686300 -7.79445 -8
6686400 -7.48102 -8
6686500 -7.75472 -8
6686600 -7.93791 -8
6686700 -7.60158 -8
6686800 -7.36473 -8
6686900 -7.24788 -8
6687000 -7.26122 -8
6687100 -7.59078 -8
6687200 -7.97629 -8
6687300 -8.16469 -8
6687400 -8.17149 -8
6687500 -8.03573 -8
6687600 -8.32781 -8
6687700 -8.59094 -8
6687800 -8.54513 -8
6687900 -8.46502 -8
6688000 -8.25911 -8
6688100 -8.02719 -8
6688200 -7.92961 -8
6688300 -8.14803 -8
6688400 -8.22529 -8
6688500 -8.11197 -8
6688600 -8.24632 -8
6688700 -8.40601 -8
6688800 -8.30235 -8
6688900 -8.02867 -8
6689000 -7.95942 -8
6689100 -7.98742 -8
6689200 -7.98634 -8
6689300 -8.07998 -8
6689400 -7.94983 -8
6689500 -8.17651 -8
6689600 -8.51562 -8
6689700 -8.61665 -8
6689800 -8.38307 -8
6689900 -8.22717 -8
6690000 -8.04358 -8
6690100 -7.70161 -8
6690200 -7.72221 -8
6690300 -7.70678 -8
6690400 -7.76857 -8
6690500 -7.77472 -8
6690600 -7.41003 -8
6690700 -7.13044 -8
6690800 -7.32076 -8
6690900 -7.34183 -8
6691000 -7.67927 -8
6691100 -7.74727 -8
6691200 -7.73128 -8
6691300 -7.84275 -8
6691400 -8.04421 -8
6691500 -8.21195 -8
6691600 -7.93912 -8
6691700 -7.82526 -8
6691800 -7.99103 -8
6691900 -8.0478 -8
6692000 -7.67001 -8
6692100 -7.5741 -8
6692200 -7.80962 -8
6692300 -8.04607 -8
6692400 -8.03663 -8
6692500 -7.58456 -8
6692600 -7.7361 -8
6692700 -8.01885 -8
6692800 -8.14859 -8
6692900 -7.57914 -8
6693000 -7.37333 -8
6693100 -7.23528 -8
6693200 -7.27891 -8
6693300 -7.63297 -8
6693400 -7.87169 -8
6693500 -7.92903 -8
6693600 -8.02653 -8
6693700 -8.17611 -8
6693800 -8.09836 -8
6693900 -7.7213 -8
6694000 -7.517 -8
6694100 -7.50233 -8
6694200 -7.75625 -8
6694300 -7.77902 -8
6694400 -7.92024 -8
6694500 -7.90327 -8
6694600 -7.90552 -8
6694700 -8.1155 -8
6694800 -8.27787 -8
6694900 -8.3979 -8
6695000 -8.32315 -8
6695100 -8.35787 -8
6695200 -8.19457 -8
6695300 -7.87448 -8
6695400 -7.91027 -8
6695500 -8.05907 -8
6695600 -8.10415 -8
6695700 -8.10335 -8
6695800 -8.2232 -8
6695900 -8.07332 -8
6696000 -8.07805 -8
6696100 -7.99526 -8
6696200 -7.81685 -8
6696300 -7.86212 -8
6696400 -8.22707 -8
6696500 -8.27557 -8
6696600 -8.08056 -8
6696700 -8.04235 -8
6696800 -8.10598 -8
6696900 -8.05384 -8
6697000 -7.92743 -8
6697100 -8.0834 -8
6697200 -8.42858 -8
6697300 -8.22666 -8
6697400 -8.02892 -8
6697500 -8.00639 -8
6697600 -7.8328 -8
6697700 -7.76593 -8
6697800 -7.87405 -8
6697900 -7.84921 -8
6698000 -7.87086 -8
6698100 -7.89635 -8
6698200 -7.68008 -8
6698300 -7.68938 -8
6698400 -7.71792 -8
6698500 -7.95464 -8
6698600 -8.20225 -8
6698700 -8.18778 -8
6698800 -8.00847 -8
6698900 -7.89388 -8
6699000 -8.1514 -8
6699100 -8.18765 -8
6699200 -8.12746 -8
6699300 -8.16902 -8
6699400 -8.20195 -8
6699500 -8.0144 -8
6699600 -7.72357 -8
6699700 -7.5212 -8
6699800 -7.58765 -8
6699900 -7.87744 -8
6700000 -7.94718 -8
6700100 -8.04874 -8
6700200 -8.25512 -8
6700300 -8.29731 -8
6700400 -8.05531 -8
6700500 -8.04997 -8
6700600 -7.76235 -8
6700700 -7.90998 -8
6700800 -8.15254 -8
6700900 -8.37813 -8
6701000 -8.14838 -8
6701100 -8.11192 -8
6701200 -8.18329 -8
6701300 -8.18269 -8
6701400 -8.20018 -8
6701500 -7.98943 -8
6701600 -8.03658 -8
6701700 -8.16731 -8
6701800 -8.43505 -8
6701900 -8.33193 -8
6702000 -8.29507 -8
6702100 -8.24871 -8
6702200 -8.45453 -8
6702300 -8.11566 -8
6702400 -8.19664 -8
6702500 -8.57774 -8
6702600 -8.79139 -8
6702700 -8.61647 -8
6702800 -8.83104 -8
6702900 -8.72048 -8
6703000 -8.91405 -8
6703100 -9.05447 -8
6703200 -9.2051 -8
6703300 -8.90715 -8
6703400 -8.43337 -8
6703500 -8.09507 -8
6703600 -7.73437 -8
6703700 -7.99792 -8
6703800 -8.16879 -8
6703900 -8.01715 -8
6704000 -7.77071 -8
6704100 -8.04764 -8
6704200 -8.30865 -8
6704300 -8.23961 -8
6704400 -7.99282 -8
6704500 -7.92636 -8
6704600 -7.96786 -8
6704700 -7.89571 -8
6704800 -8.03841 -8
6704900 -7.98407 -8
6705000 -7.96337 -8
6705100 -8.07979 -8
6705200 -8.0795 -8
6705300 -8.08117 -8
6705400 -8.21873 -8
6705500 -8.42252 -8
6705600 -8.47708 -8
6705700 -8.10537 -8
6705800 -7.8521 -8
6705900 -7.77618 -8
6706000 -7.91391 -8
6706100 -8.00122 -8
6706200 -8.15819 -8
6706300 -8.29711 -8
6706400 -8.17947 -8
6706500 -8.20854 -8
6706600 -8.06876 -8
6706700 -7.90705 -8
6706800 -7.42852 -8
6706900 -7.36768 -8
6707000 -7.24771 -8
6707100 -7.43167 -8
6707200 -7.50087 -8
6707300 -7.90843 -8
6707400 -8.14094 -8
6707500 -8.21819 -8
6707600 -8.32692 -8
6707700 -8.48585 -8
6707800 -8.36044 -8
6707900 -8.15416 -8
6708000 -8.09409 -8
6708100 -7.71519 -8
6708200 -7.56786 -8
6708300 -7.36089 -8
6708400 -7.33011 -8
6708500 -7.33729 -8
6708600 -7.36033 -8
6708700 -7.47436 -8
6708800 -7.29518 -8
6708900 -7.30768 -8
6709000 -7.56596 -8
6709100 -7.91434 -8
6709200 -7.83758 -8
6709300 -7.67441 -8
6709400 -7.43408 -8
6709500 -7.21489 -8
6709600 -7.07234 -8
6709700 -7.12292 -8
6709800 -7.10951 -8
6709900 -7.31282 -8
6710000 -7.87012 -8
6710100 -7.95435 -8
6710200 -8.0442 -8
6710300 -8.12371 -8
6710400 -8.11398 -8
6710500 -7.77922 -8
6710600 -7.86942 -8
6710700 -8.34198 -8
6710800 -8.20675 -8
6710900 -8.27104 -8
6711000 -8.06926 -8
6711100 -7.60821 -8
6711200 -7.45682 -8
6711300 -7.79779 -8
6711400 -7.80522 -8
6711500 -7.76712 -8
6711600 -7.77336 -8
6711700 -7.68024 -8
6711800 -7.5135 -8
6711900 -7.68626 -8
6712000 -7.81699 -8
6712100 -7.98435 -8
6712200 -7.89621 -8
6712300 -7.97028 -8
6712400 -7.68067 -8
6712500 -7.50882 -8
6712600 -7.58692 -8
6712700 -7.70843 -8
6712800 -7.90453 -8
6712900 -8.06852 -8
6713000 -8.12674 -8
6713100 -8.18298 -8
6713200 -8.17982 -8
6713300 -7.90947 -8
6713400 -7.51942 -8
6713500 -7.22408 -8
6713600 -7.37049 -8
6713700 -7.66442 -8
6713800 -7.77224 -8
6713900 -8.06611 -8
6714000 -8.27362 -8
6714100 -8.31629 -8
6714200 -8.52734 -8
6714300 -8.62788 -8
6714400 -8.36471 -8
6714500 -8.25035 -8
6714600 -8.31157 -8
6714700 -8.10664 -8
6714800 -7.91268 -8
6714900 -7.95209 -8
6715000 -8.00375 -8
6715100 -7.66026 -8
6715200 -7.71864 -8
6715300 -8.14425 -8
6715400 -8.61543 -8
6715500 -8.75317 -8
6715600 -8.46734 -8
6715700 -8.06374 -8
6715800 -7.68516 -8
6715900 -7.82796 -8
6716000 -7.76944 -8
6716100 -7.55714 -8
6716200 -7.74023 -8
6716300 -7.84392 -8
6716400 -7.79182 -8
6716500 -8.08589 -8
6716600 -8.20756 -8
6716700 -8.16829 -8
6716800 -8.08441 -8
6716900 -8.04854 -8
6717000 -8.16424 -8
6717100 -8.35551 -8
6717200 -8.42063 -8
6717300 -8.33233 -8
6717400 -8.39433 -8
6717500 -8.43764 -8
6717600 -8.3567 -8
6717700 -8.6132 -8
6717800 -8.76869 -8
6717900 -8.60304 -8
6718000 -8.33398 -8
6718100 -7.85725 -8
6718200 -7.99323 -8
6718300 -8.40635 -8
6718400 -8.77968 -8
6718500 -8.96657 -8
6718600 -8.76907 -8
6718700 -8.65995 -8
6718800 -8.78886 -8
6718900 -8.8086 -8
6719000 -8.53498 -8
6719100 -8.34873 -8
6719200 -8.31233 -8
6719300 -8.27811 -8
6719400 -8.33382 -8
6719500 -8.29409 -8
6719600 -8.49277 -8
6719700 -8.70239 -8
6719800 -9.00599 -8
6719900 -8.80243 -8
6720000 -8.4412 -8
6720100 -8.18082 -8
6720200 -8.1255 -8
6720300 -8.12676 -8
6720400 -8.31567 -8
6720500 -8.25667 -8
6720600 -8.08058 -8
6720700 -8.12858 -8
6720800 -8.32084 -8
6720900 -8.33308 -8
6721000 -8.43161 -8
6721100 -8.54926 -8
6721200 -8.66203 -8
6721300 -8.75096 -8
6721400 -9.06615 -8
6721500 -9.0774 -8
6721600 -8.80661 -8
6721700 -8.56647 -8
6721800 -8.44577 -8
6721900 -8.35729 -8
6722000 -8.14517 -8
6722100 -8.47211 -8
6722200 -8.74562 -8
6722300 -8.53787 -8
6722400 -8.71809 -8
6722500 -8.65221 -8
6722600 -8.25 -8
6722700 -8.0152 -8
6722800 -7.97581 -8
6722900 -8.33204 -8
6723000 -8.44603 -8
6723100 -8.35223 -8
6723200 -8.35409 -8
6723300 -8.11484 -8
6723400 -8.00908 -8
6723500 -7.70003 -8
6723600 -7.51735 -8
6723700 -7.93312 -8
6723800 -8.19601 -8
6723900 -7.97807 -8
6724000 -7.92594 -8
6724100 -7.99276 -8
6724200 -8.12381 -8
6724300 -8.11741 -8
6724400 -8.04426 -8
6724500 -7.90764 -8
6724600 -7.94437 -8
6724700 -7.54093 -8
6724800 -7.63915 -8
6724900 -8.14467 -8
6725000 -8.14719 -8
6725100 -7.85267 -8
6725200 -7.55467 -8
6725300 -7.37372 -8
6725400 -7.51212 -8
6725500 -7.76404 -8
6725600 -7.83218 -8
6725700 -7.84971 -8
6725800 -8.23469 -8
6725900 -8.47609 -8
6726000 -8.46389 -8
6726100 -8.45606 -8
6726200 -8.46061 -8
6726300 -8.37592 -8
6726400 -8.27204 -8
6726500 -8.34137 -8
6726600 -8.40228 -8
6726700 -8.45327 -8
6726800 -8.3038 -8
6726900 -8.28202 -8
6727000 -8.43203 -8
6727100 -8.38732 -8
6727200 -8.36452 -8
6727300 -8.45949 -8
6727400 -8.36874 -8
6727500 -8.02707 -8
6727600 -7.82385 -8
6727700 -7.6488 -8
6727800 -8.03452 -8
6727900 -8.55533 -8
6728000 -8.45585 -8
6728100 -8.14953 -8
6728200 -8.28317 -8
6728300 -8.30343 -8
6728400 -8.01379 -8
6728500 -7.79425 -8
6728600 -7.7346 -8
6728700 -7.8071 -8
6728800 -7.75266 -8
6728900 -7.92902 -8
6729000 -8.17661 -8
6729100 -8.66578 -8
6729200 -9.14776 -8
6729300 -9.07244 -8
6729400 -8.59756 -8
6729500 -8.43034 -8
6729600 -8.3262 -8
6729700 -8.16956 -8
6729800 -7.8591 -8
6729900 -7.69058 -8
6730000 -7.56233 -8
6730100 -7.4972 -8
6730200 -7.33843 -8
6730300 -7.55443 -8
6730400 -8.03693 -8
6730500 -8.48558 -8
6730600 -8.45985 -8
6730700 -8.52076 -8
6730800 -8.36357 -8
6730900 -8.42312 -8
6731000 -8.39576 -8
6731100 -8.44192 -8
6731200 -8.50363 -8
6731300 -8.2399 -8
6731400 -8.28864 -8
6731500 -8.51539 -8
6731600 -8.42857 -8
6731700 -8.06844 -8
6731800 -8.07433 -8
6731900 -8.12051 -8
6732000 -8.13956 -8
6732100 -8.27888 -8
6732200 -8.00808 -8
6732300 -7.81182 -8
6732400 -7.84081 -8
6732500 -7.95859 -8
6732600 -8.25169 -8
6732700 -8.48727 -8
6732800 -8.49264 -8
6732900 -8.64319 -8
6733000 -8.74276 -8
6733100 -8.95125 -8
6733200 -8.95506 -8
6733300 -8.90252 -8
6733400 -8.6995 -8
6733500 -8.27016 -8
6733600 -7.84742 -8
6733700 -7.59964 -8
6733800 -7.32124 -8
6733900 -7.26056 -8
6734000 -7.6275 -8
6734100 -7.87858 -8
6734200 -7.79649 -8
6734300 -8.20735 -8
6734400 -8.19564 -8
6734500 -8.27676 -8
6734600 -8.52326 -8
6734700 -8.73124 -8
6734800 -8.43558 -8
6734900 -8.34319 -8
6735000 -8.18165 -8
6735100 -8.10627 -8
6735200 -8.20645 -8
6735300 -8.07143 -8
6735400 -8.08971 -8
6735500 -8.21852 -8
6735600 -8.46246 -8
6735700 -8.70453 -8
6735800 -8.57127 -8
6735900 -8.37355 -8
6736000 -8.12873 -8
6736100 -8.10124 -8
6736200 -8.24391 -8
6736300 -8.01188 -8
6736400 -7.65648 -8
6736500 -7.42085 -8
6736600 -7.4834 -8
6736700 -7.78496 -8
6736800 -7.99491 -8
6736900 -7.98579 -8
6737000 -7.83693 -8
6737100 -8.22382 -8
6737200 -8.45685 -8
6737300 -8.334 -8
6737400 -8.30372 -8
6737500 -8.29434 -8
6737600 -8.41508 -8
6737700 -8.39203 -8
6737800 -8.3184 -8
6737900 -8.12706 -8
6738000 -8.14845 -8
6738100 -8.18751 -8
6738200 -8.2424 -8
6738300 -7.95597 -8
6738400 -7.67386 -8
6738500 -7.99066 -8
6738600 -7.98754 -8
6738700 -8.06826 -8
6738800 -8.21825 -8
6738900 -8.13662 -8
6739000 -8.20869 -8
6739100 -8.22266 -8
6739200 -8.07117 -8
6739300 -7.4963 -8
6739400 -7.14845 -8
6739500 -7.20583 -8
6739600 -7.13816 -8
6739700 -7.16633 -8
6739800 -7.40074 -8
6739900 -7.36582 -8
6740000 -7.71711 -8
6740100 -7.69206 -8
6740200 -7.84153 -8
6740300 -7.95252 -8
6740400 -8.12158 -8
6740500 -8.36136 -8
6740600 -8.53388 -8
6740700 -8.4824 -8
6740800 -8.45802 -8
6740900 -8.09887 -8
6741000 -8.00234 -8
6741100 -8.06579 -8
6741200 -8.17221 -8
6741300 -7.87675 -8
6741400 -7.86444 -8
6741500 -7.80303 -8
6741600 -7.96517 -8
6741700 -8.17073 -8
6741800 -8.15238 -8
6741900 -8.14873 -8
6742000 -8.06895 -8
6742100 -7.92614 -8
6742200 -7.7174 -8
6742300 -7.7176 -8
6742400 -7.65103 -8
6742500 -7.82673 -8
6742600 -7.96898 -8
6742700 -8.12544 -8
6742800 -8.26941 -8
6742900 -8.58301 -8
6743000 -8.36065 -8
6743100 -8.2611 -8
6743200 -8.3308 -8
6743300 -8.11369 -8
6743400 -7.92253 -8
6743500 -8.03367 -8
6743600 -8.07819 -8
6743700 -8.52305 -8
6743800 -8.70081 -8
6743900 -8.61746 -8
6744000 -8.38453 -8
6744100 -8.23156 -8
6744200 -8.47364 -8
6744300 -8.8278 -8
6744400 -8.75094 -8
6744500 -8.56068 -8
6744600 -7.99247 -8
6744700 -7.72905 -8
6744800 -7.6405 -8
6744900 -7.81252 -8
6745000 -7.85976 -8
6745100 -7.7963 -8
6745200 -7.80999 -8
6745300 -7.97045 -8
6745400 -8.14856 -8
6745500 -8.01853 -8
6745600 -8.11471 -8
6745700 -8.12721 -8
6745800 -8.11159 -8
6745900 -8.10028 -8
6746000 -7.86127 -8
6746100 -7.79004 -8
6746200 -7.55446 -8
6746300 -7.81519 -8
6746400 -8.32677 -8
6746500 -8.44963 -8
6746600 -8.121 -8
6746700 -7.99408 -8
6746800 -7.95446 -8
6746900 -8.23289 -8
6747000 -8.16197 -8
6747100 -8.1507 -8
6747200 -8.36122 -8
6747300 -8.40408 -8
6747400 -8.33233 -8
6747500 -8.32828 -8
6747600 -8.36525 -8
6747700 -8.22776 -8
6747800 -8.028 -8
6747900 -8.04667 -8
6748000 -7.8591 -8
6748100 -7.9031 -8
6748200 -7.84672 -8
6748300 -7.90992 -8
6748400 -8.21353 -8
6748500 -8.40083 -8
6748600 -8.24626 -8
6748700 -8.14172 -8
6748800 -7.78961 -8
6748900 -7.82938 -8
6749000 -7.99072 -8
6749100 -7.76976 -8
6749200 -7.9156 -8
6749300 -8.00191 -8
6749400 -8.35929 -8
6749500 -8.6445 -8
6749600 -8.44926 -8
6749700 -7.95188 -8
6749800 -8.06222 -8
6749900 -8.34222 -8
6750000 -8.41527 -8
6750100 -8.48907 -8
6750200 -8.66547 -8
6750300 -8.78856 -8
6750400 -8.42411 -8
6750500 -7.84331 -8
6750600 -7.66737 -8
6750700 -7.42582 -8
6750800 -7.5753 -8
6750900 -7.47164 -8
6751000 -7.9746 -8
6751100 -8.30193 -8
6751200 -8.28537 -8
6751300 -8.39201 -8
6751400 -8.72063 -8
6751500 -8.71645 -8
6751600 -8.44669 -8
6751700 -8.26437 -8
6751800 -7.91959 -8
6751900 -7.71324 -8
6752000 -7.78594 -8
6752100 -8.10283 -8
6752200 -8.43456 -8
6752300 -8.53669 -8
6752400 -8.77885 -8
6752500 -8.89851 -8
6752600 -8.53385 -8
6752700 -8.2102 -8
6752800 -7.92362 -8
6752900 -7.76066 -8
6753000 -7.6766 -8
6753100 -7.59998 -8
6753200 -7.89597 -8
6753300 -8.19472 -8
6753400 -8.29998 -8
6753500 -8.56809 -8
6753600 -8.73254 -8
6753700 -8.75419 -8
6753800 -8.70872 -8
6753900 -8.39026 -8
6754000 -8.13518 -8
6754100 -7.93209 -8
6754200 -7.76939 -8
6754300 -7.57031 -8
6754400 -7.86379 -8
6754500 -8.21583 -8
6754600 -8.01862 -8
6754700 -7.69064 -8
6754800 -7.64892 -8
6754900 -7.50412 -8
6755000 -7.41838 -8
6755100 -7.76177 -8
6755200 -7.92823 -8
6755300 -8.03604 -8
6755400 -8.31665 -8
6755500 -8.22306 -8
6755600 -7.77775 -8
6755700 -8.02535 -8
6755800 -8.24498 -8
6755900 -8.03487 -8
6756000 -8.34519 -8
6756100 -8.6262 -8
6756200 -8.72 -8
6756300 -8.54767 -8
6756400 -8.24111 -8
6756500 -7.93406 -8
6756600 -7.93773 -8
6756700 -8.26163 -8
6756800 -8.50081 -8
6756900 -8.4357 -8
6757000 -7.75313 -8
6757100 -7.48124 -8
6757200 -7.87796 -8
6757300 -8.1587 -8
6757400 -7.98232 -8
6757500 -7.84768 -8
6757600 -7.85311 -8
6757700 -8.01421 -8
6757800 -8.3347 -8
6757900 -8.17562 -8
6758000 -8.04804 -8
6758100 -8.06496 -8
6758200 -7.91839 -8
6758300 -8.08027 -8
6758400 -8.08763 -8
6758500 -8.05294 -8
6758600 -8.18746 -8
6758700 -7.97914 -8
6758800 -7.55602 -8
6758900 -7.75566 -8
6759000 -8.25749 -8
6759100 -8.69128 -8
6759200 -8.90837 -8
6759300 -8.52807 -8
6759400 -8.37435 -8
6759500 -8.306 -8
6759600 -8.41677 -8
6759700 -8.41419 -8
6759800 -8.05303 -8
6759900 -8.05386 -8
6760000 -8.35333 -8
6760100 -8.40532 -8
6760200 -8.14358 -8
6760300 -8.18316 -8
6760400 -8.38856 -8
6760500 -8.75349 -8
6760600 -8.65222 -8
6760700 -8.46432 -8
6760800 -8.44415 -8
6760900 -8.41724 -8
6761000 -8.22729 -8
6761100 -8.24647 -8
6761200 -8.2551 -8
6761300 -8.12229 -8
6761400 -8.05727 -8
6761500 -7.92392 -8
6761600 -7.74916 -8
6761700 -7.65025 -8
6761800 -7.68542 -8
6761900 -7.61444 -8
6762000 -7.61906 -8
6762100 -7.68638 -8
6762200 -7.9849 -8
6762300 -7.7776 -8
6762400 -7.89123 -8
6762500 -8.18936 -8
6762600 -8.33988 -8
6762700 -8.27969 -8
6762800 -8.23963 -8
6762900 -8.70208 -8
6763000 -8.74962 -8
6763100 -8.49776 -8
6763200 -8.18832 -8
6763300 -8.01152 -8
6763400 -7.85104 -8
6763500 -7.97919 -8
6763600 -8.26748 -8
6763700 -8.42885 -8
6763800 -8.09063 -8
6763900 -7.86994 -8
6764000 -8.02519 -8
6764100 -8.06777 -8
6764200 -8.10884 -8
6764300 -8.23323 -8
6764400 -8.3262 -8
6764500 -8.45295 -8
6764600 -8.64615 -8
6764700 -8.37992 -8
6764800 -8.1074 -8
6764900 -7.78502 -8
6765000 -7.86906 -8
6765100 -8.03298 -8
6765200 -7.92349 -8
6765300 -7.94041 -8
6765400 -8.24901 -8
6765500 -8.4647 -8
6765600 -8.30219 -8
6765700 -8.28856 -8
6765800 -8.42701 -8
6765900 -8.36068 -8
6766000 -8.26636 -8
6766100 -8.28808 -8
6766200 -8.23313 -8
6766300 -7.83206 -8
6766400 -7.66569 -8
6766500 -7.88633 -8
6766600 -7.77287 -8
6766700 -7.64266 -8
6766800 -7.78549 -8
6766900 -7.86385 -8
6767000 -7.82519 -8
6767100 -7.84702 -8
6767200 -7.90478 -8
6767300 -8.00032 -8
6767400 -7.85435 -8
6767500 -7.87094 -8
6767600 -7.62417 -8
6767700 -7.4939 -8
6767800 -7.64814 -8
6767900 -8.01284 -8
6768000 -7.9907 -8
6768100 -7.57606 -8
6768200 -7.58193 -8
6768300 -7.77191 -8
6768400 -8.01855 -8
6768500 -8.02711 -8
6768600 -8.13472 -8
6768700 -8.42546 -8
6768800 -8.70858 -8
6768900 -8.76122 -8
6769000 -8.75544 -8
6769100 -8.45306 -8
6769200 -8.27463 -8
6769300 -7.88748 -8
6769400 -7.61742 -8
6769500 -7.6333 -8
6769600 -7.50142 -8
6769700 -7.2256 -8
6769800 -7.4777 -8
6769900 -7.47872 -8
6770000 -7.5547 -8
6770100 -7.60965 -8
6770200 -7.81694 -8
6770300 -7.69554 -8
6770400 -7.72222 -8
6770500 -8.0277 -8
6770600 -8.28108 -8
6770700 -8.0222 -8
6770800 -8.16925 -8
6770900 -8.34586 -8
6771000 -8.25702 -8
6771100 -8.48339 -8
6771200 -8.94602 -8
6771300 -9.02867 -8
6771400 -8.84888 -8
6771500 -8.42518 -8
6771600 -8.03019 -8
6771700 -8.00251 -8
6771800 -7.99575 -8
6771900 -7.90198 -8
6772000 -7.86649 -8
6772100 -8.04008 -8
6772200 -7.78982 -8
6772300 -7.83966 -8
6772400 -7.89036 -8
6772500 -7.85004 -8
6772600 -7.74753 -8
6772700 -7.96912 -8
6772800 -8.03243 -8
6772900 -7.71647 -8
6773000 -7.64185 -8
6773100 -7.93793 -8
6773200 -8.24754 -8
6773300 -8.42449 -8
6773400 -8.61171 -8
6773500 -8.70665 -8
6773600 -8.85205 -8
6773700 -8.90596 -8
6773800 -8.93234 -8
6773900 -8.73767 -8
6774000 -8.39725 -8
6774100 -8.07075 -8
6774200 -8.23144 -8
6774300 -8.23901 -8
6774400 -8.11488 -8
6774500 -8.32209 -8
6774600 -8.50299 -8
6774700 -8.54951 -8
6774800 -8.39653 -8
6774900 -8.29293 -8
6775000 -8.3416 -8
6775100 -8.23608 -8
6775200 -8.0158 -8
6775300 -8.12671 -8
6775400 -7.90236 -8
6775500 -7.81039 -8
6775600 -7.7436 -8
6775700 -7.91195 -8
6775800 -8.13116 -8
6775900 -8.06733 -8
6776000 -8.39432 -8
6776100 -8.69272 -8
6776200 -8.36995 -8
6776300 -8.30744 -8
6776400 -8.44183 -8
6776500 -8.49326 -8
6776600 -8.69338 -8
6776700 -8.69938 -8
6776800 -8.75909 -8
6776900 -8.7475 -8
6777000 -8.48196 -8
6777100 -8.1766 -8
6777200 -8.22309 -8
6777300 -8.33051 -8
6777400 -8.34428 -8
6777500 -8.20071 -8
6777600 -8.45772 -8
6777700 -8.8375 -8
6777800 -8.29022 -8
6777900 -7.9879 -8
6778000 -7.95157 -8
6778100 -8.22392 -8
6778200 -8.29638 -8
6778300 -8.05966 -8
6778400 -8.0571 -8
6778500 -7.8911 -8
6778600 -8.00108 -8
6778700 -8.1238 -8
6778800 -8.03677 -8
6778900 -7.93325 -8
6779000 -7.59562 -8
6779100 -7.62141 -8
6779200 -7.99467 -8
6779300 -8.29458 -8
6779400 -8.12689 -8
6779500 -7.97597 -8
6779600 -7.73926 -8
6779700 -7.97631 -8
6779800 -8.04866 -8
6779900 -8.01338 -8
6780000 -8.20895 -8
6780100 -8.17832 -8
6780200 -7.87096 -8
6780300 -8.08077 -8
6780400 -8.10691 -8
6780500 -7.93001 -8
6780600 -7.8811 -8
6780700 -7.63166 -8
6780800 -7.67755 -8
6780900 -7.83873 -8
6781000 -7.98345 -8
6781100 -7.96637 -8
6781200 -7.8538 -8
6781300 -7.72548 -8
6781400 -7.78578 -8
6781500 -7.5321 -8
6781600 -7.80735 -8
6781700 -7.99935 -8
6781800 -8.15226 -8
6781900 -8.15296 -8
6782000 -8.13309 -8
6782100 -7.91065 -8
6782200 -7.96888 -8
6782300 -8.29713 -8
6782400 -8.15099 -8
6782500 -8.07801 -8
6782600 -8.44138 -8
6782700 -8.4808 -8
6782800 -8.39152 -8
6782900 -8.00829 -8
6783000 -8.00782 -8
6783100 -7.78239 -8
6783200 -7.62661 -8
6783300 -7.76455 -8
6783400 -8.17378 -8
6783500 -8.46958 -8
6783600 -8.37161 -8
6783700 -8.49215 -8
6783800 -8.43137 -8
6783900 -8.06984 -8
6784000 -7.9186 -8
6784100 -8.11721 -8
6784200 -8.53154 -8
6784300 -8.52694 -8
6784400 -8.37736 -8
6784500 -8.56535 -8
6784600 -8.40933 -8
6784700 -8.18573 -8
6784800 -8.27359 -8
6784900 -8.29087 -8
6785000 -8.61564 -8
6785100 -8.77547 -8
6785200 -8.67945 -8
6785300 -8.90533 -8
6785400 -8.83453 -8
6785500 -8.67347 -8
6785600 -8.47084 -8
6785700 -8.39543 -8
6785800 -8.11842 -8
6785900 -8.01177 -8
6786000 -7.76702 -8
6786100 -7.73507 -8
6786200 -7.77052 -8
6786300 -7.68552 -8
6786400 -7.92949 -8
6786500 -8.06311 -8
6786600 -8.02357 -8
6786700 -7.67971 -8
6786800 -7.42957 -8
6786900 -7.60794 -8
6787000 -7.9987 -8
6787100 -8.25352 -8
6787200 -8.25906 -8
6787300 -8.05138 -8
6787400 -7.80529 -8
6787500 -8.15426 -8
6787600 -8.37672 -8
6787700 -8.4404 -8
6787800 -8.32748 -8
6787900 -8.05154 -8
6788000 -7.81616 -8
6788100 -7.60527 -8
6788200 -7.40329 -8
6788300 -7.84323 -8
6788400 -8.33874 -8
6788500 -8.75709 -8
6788600 -9.04704 -8
6788700 -9.12959 -8
6788800 -8.94132 -8
6788900 -8.80721 -8
6789000 -8.86981 -8
6789100 -8.97607 -8
6789200 -8.43654 -8
6789300 -8.10404 -8
6789400 -8.56283 -8
6789500 -8.57234 -8
6789600 -8.41984 -8
6789700 -8.46789 -8
6789800 -8.65512 -8
6789900 -8.63619 -8
6790000 -8.43217 -8
6790100 -8.11411 -8
6790200 -8.02128 -8
6790300 -8.22882 -8
6790400 -8.37598 -8
6790500 -8.14908 -8
6790600 -8.1649 -8
6790700 -8.43064 -8
6790800 -8.18659 -8
6790900 -8.21238 -8
6791000 -8.08023 -8
6791100 -7.96661 -8
6791200 -8.08918 -8
6791300 -8.3899 -8
6791400 -8.21526 -8
6791500 -8.33491 -8
6791600 -8.7092 -8
6791700 -9.01343 -8
6791800 -8.55497 -8
6791900 -8.23149 -8
6792000 -8.50868 -8
6792100 -8.51569 -8
6792200 -8.3673 -8
6792300 -8.52153 -8
6792400 -8.49671 -8
6792500 -8.6591 -8
6792600 -8.88066 -8
6792700 -8.64887 -8
6792800 -8.43404 -8
6792900 -8.21759 -8
6793000 -7.81084 -8
6793100 -7.81113 -8
6793200 -7.95514 -8
6793300 -8.10193 -8
6793400 -8.26216 -8
6793500 -8.43674 -8
6793600 -8.26434 -8
6793700 -8.18202 -8
6793800 -8.03994 -8
6793900 -8.21636 -8
6794000 -8.45249 -8
6794100 -8.46768 -8
6794200 -8.67887 -8
6794300 -8.79202 -8
6794400 -8.55614 -8
6794500 -8.58669 -8
6794600 -8.19018 -8
6794700 -7.86537 -8
6794800 -8.19554 -8
6794900 -8.35346 -8
6795000 -8.40205 -8
6795100 -8.54926 -8
6795200 -8.82335 -8
6795300 -8.65326 -8
6795400 -8.49021 -8
6795500 -8.37788 -8
6795600 -8.15353 -8
6795700 -7.75518 -8
6795800 -7.58463 -8
6795900 -8.11769 -8
6796000 -8.49909 -8
6796100 -8.16024 -8
6796200 -7.9434 -8
6796300 -8.23654 -8
6796400 -8.09284 -8
6796500 -8.11639 -8
6796600 -8.54055 -8
6796700 -8.97052 -8
6796800 -9.09008 -8
6796900 -8.95725 -8
6797000 -8.74299 -8
6797100 -8.62989 -8
6797200 -8.59457 -8
6797300 -8.58414 -8
6797400 -8.36691 -8
6797500 -7.69858 -8
6797600 -7.30138 -8
6797700 -7.61264 -8
6797800 -7.61579 -8
6797900 -7.66388 -8
6798000 -7.43041 -8
6798100 -7.42451 -8
6798200 -7.80876 -8
6798300 -8.31963 -8
6798400 -8.53546 -8
6798500 -8.56212 -8
6798600 -8.46106 -8
6798700 -8.33208 -8
6798800 -8.16048 -8
6798900 -7.87262 -8
6799000 -7.69335 -8
6799100 -7.83471 -8
6799200 -8.04625 -8
6799300 -8.42268 -8
6799400 -8.55415 -8
6799500 -8.76779 -8
6799600 -8.87287 -8
6799700 -8.75849 -8
6799800 -8.43409 -8
6799900 -8.3908 -8
6800000 -8.15748 -8
