# Time-averaged data for fix myat1
# TimeStep v_xave v_xdes
8200100 -5.91221 -4
8200200 -5.5802 -4
8200300 -5.72533 -4
8200400 -5.83076 -4
8200500 -5.99416 -4
8200600 -5.96594 -4
8200700 -5.75152 -4
8200800 -5.30138 -4
8200900 -5.51643 -4
8201000 -5.6128 -4
8201100 -5.63198 -4
8201200 -5.36648 -4
8201300 -5.78374 -4
8201400 -5.60274 -4
8201500 -5.24564 -4
8201600 -5.3495 -4
8201700 -5.58612 -4
8201800 -5.66433 -4
8201900 -5.79689 -4
8202000 -5.71975 -4
8202100 -5.4212 -4
8202200 -5.55105 -4
8202300 -5.72877 -4
8202400 -5.91758 -4
8202500 -5.89437 -4
8202600 -5.76696 -4
8202700 -5.6867 -4
8202800 -5.38994 -4
8202900 -5.34266 -4
8203000 -5.29108 -4
8203100 -5.33548 -4
8203200 -5.15315 -4
8203300 -5.57203 -4
8203400 -5.63378 -4
8203500 -5.74178 -4
8203600 -5.72737 -4
8203700 -5.65374 -4
8203800 -5.53444 -4
8203900 -5.58928 -4
8204000 -5.56823 -4
8204100 -5.27842 -4
8204200 -5.4606 -4
8204300 -5.55952 -4
8204400 -5.61188 -4
8204500 -5.58761 -4
8204600 -5.49997 -4
8204700 -5.47425 -4
8204800 -5.51102 -4
8204900 -5.44 -4
8205000 -5.43379 -4
8205100 -5.64956 -4
8205200 -5.69014 -4
8205300 -5.37895 -4
8205400 -5.32975 -4
8205500 -5.66106 -4
8205600 -5.625 -4
8205700 -5.50741 -4
8205800 -5.47841 -4
8205900 -5.59426 -4
8206000 -5.8555 -4
8206100 -5.5365 -4
8206200 -5.54359 -4
8206300 -5.61134 -4
8206400 -5.3886 -4
8206500 -5.42917 -4
8206600 -5.34404 -4
8206700 -5.46184 -4
8206800 -5.71035 -4
8206900 -5.38679 -4
8207000 -5.5568 -4
8207100 -5.16146 -4
8207200 -5.244 -4
8207300 -5.42795 -4
8207400 -5.28468 -4
8207500 -5.44414 -4
8207600 -5.63192 -4
8207700 -5.48824 -4
8207800 -5.68285 -4
8207900 -5.52228 -4
8208000 -5.33983 -4
8208100 -5.34873 -4
8208200 -5.50069 -4
8208300 -5.58206 -4
8208400 -5.59042 -4
8208500 -5.37327 -4
8208600 -5.45247 -4
8208700 -5.85099 -4
8208800 -5.74071 -4
8208900 -5.74894 -4
8209000 -5.46471 -4
8209100 -5.41344 -4
8209200 -5.57488 -4
8209300 -5.57712 -4
8209400 -5.71267 -4
8209500 -5.52771 -4
8209600 -5.39086 -4
8209700 -5.68952 -4
8209800 -5.65505 -4
8209900 -5.47322 -4
8210000 -5.43645 -4
8210100 -5.56611 -4
8210200 -5.58608 -4
8210300 -5.69613 -4
8210400 -5.85697 -4
8210500 -5.82288 -4
8210600 -5.63449 -4
8210700 -5.56578 -4
8210800 -5.5625 -4
8210900 -5.61525 -4
8211000 -5.52967 -4
8211100 -5.72383 -4
8211200 -5.51563 -4
8211300 -5.39056 -4
8211400 -5.39264 -4
8211500 -5.58962 -4
8211600 -5.74676 -4
8211700 -5.31338 -4
8211800 -5.24931 -4
8211900 -5.48535 -4
8212000 -5.32839 -4
8212100 -5.38663 -4
8212200 -5.36189 -4
8212300 -5.59769 -4
8212400 -5.34991 -4
8212500 -5.12419 -4
8212600 -5.37373 -4
8212700 -5.53151 -4
8212800 -5.65127 -4
8212900 -5.84368 -4
8213000 -5.76502 -4
8213100 -5.41712 -4
8213200 -5.18953 -4
8213300 -5.24431 -4
8213400 -5.55165 -4
8213500 -5.76484 -4
8213600 -5.53827 -4
8213700 -5.34917 -4
8213800 -5.49441 -4
8213900 -5.58034 -4
8214000 -5.32786 -4
8214100 -5.42958 -4
8214200 -5.80857 -4
8214300 -5.53048 -4
8214400 -5.63407 -4
8214500 -5.39345 -4
8214600 -5.25607 -4
8214700 -5.4146 -4
8214800 -5.57113 -4
8214900 -5.68752 -4
8215000 -5.64264 -4
8215100 -5.74821 -4
8215200 -5.4818 -4
8215300 -5.42628 -4
8215400 -5.73433 -4
8215500 -5.85864 -4
8215600 -5.72787 -4
8215700 -5.64519 -4
8215800 -5.63779 -4
8215900 -5.24918 -4
8216000 -5.47188 -4
8216100 -5.67179 -4
8216200 -5.59416 -4
8216300 -5.60846 -4
8216400 -5.69945 -4
8216500 -5.86441 -4
8216600 -5.9678 -4
8216700 -5.90305 -4
8216800 -5.55578 -4
8216900 -5.41273 -4
8217000 -5.43332 -4
8217100 -5.48517 -4
8217200 -5.49698 -4
8217300 -5.61379 -4
8217400 -5.67967 -4
8217500 -5.67905 -4
8217600 -5.37788 -4
8217700 -5.57551 -4
8217800 -5.79609 -4
8217900 -5.54345 -4
8218000 -5.44778 -4
8218100 -5.51819 -4
8218200 -5.47209 -4
8218300 -5.43374 -4
8218400 -5.48229 -4
8218500 -5.71854 -4
8218600 -5.70984 -4
8218700 -5.36882 -4
8218800 -5.49872 -4
8218900 -5.72128 -4
8219000 -5.42292 -4
8219100 -5.33553 -4
8219200 -5.44086 -4
8219300 -5.56805 -4
8219400 -5.77253 -4
8219500 -5.72522 -4
8219600 -5.50475 -4
8219700 -5.52348 -4
8219800 -5.57109 -4
8219900 -5.60918 -4
8220000 -5.46789 -4
8220100 -5.37327 -4
8220200 -5.54658 -4
8220300 -5.72711 -4
8220400 -5.83964 -4
8220500 -5.65665 -4
8220600 -5.6519 -4
8220700 -5.74141 -4
8220800 -5.60854 -4
8220900 -5.35266 -4
8221000 -5.47811 -4
8221100 -5.70725 -4
8221200 -5.45838 -4
8221300 -5.24494 -4
8221400 -5.34626 -4
8221500 -5.40884 -4
8221600 -5.3551 -4
8221700 -5.43863 -4
8221800 -5.55998 -4
8221900 -5.4859 -4
8222000 -5.48188 -4
8222100 -5.21495 -4
8222200 -5.36042 -4
8222300 -5.34982 -4
8222400 -5.61671 -4
8222500 -5.64114 -4
8222600 -5.77844 -4
8222700 -5.78587 -4
8222800 -5.47226 -4
8222900 -5.29465 -4
8223000 -5.21361 -4
8223100 -5.50459 -4
8223200 -5.5312 -4
8223300 -5.62738 -4
8223400 -5.70911 -4
8223500 -5.69768 -4
8223600 -5.5502 -4
8223700 -5.38669 -4
8223800 -5.42388 -4
8223900 -5.40947 -4
8224000 -5.69645 -4
8224100 -5.76947 -4
8224200 -5.6228 -4
8224300 -5.50856 -4
8224400 -5.39325 -4
8224500 -5.45024 -4
8224600 -5.55578 -4
8224700 -5.69817 -4
8224800 -5.60407 -4
8224900 -5.80952 -4
8225000 -5.72066 -4
8225100 -5.80395 -4
8225200 -5.58524 -4
8225300 -5.65876 -4
8225400 -5.53584 -4
8225500 -5.46237 -4
8225600 -5.35605 -4
8225700 -5.63982 -4
8225800 -5.61891 -4
8225900 -5.47583 -4
8226000 -5.47187 -4
8226100 -5.5016 -4
8226200 -5.57507 -4
8226300 -5.35368 -4
8226400 -5.45879 -4
8226500 -5.50044 -4
8226600 -5.44295 -4
8226700 -5.53232 -4
8226800 -5.3691 -4
8226900 -5.14639 -4
8227000 -5.40306 -4
8227100 -5.44704 -4
8227200 -5.62006 -4
8227300 -5.627 -4
8227400 -5.20332 -4
8227500 -5.30326 -4
8227600 -5.31923 -4
8227700 -5.70034 -4
8227800 -5.86742 -4
8227900 -6.06256 -4
8228000 -6.23089 -4
8228100 -6.05352 -4
8228200 -6.18213 -4
8228300 -5.80919 -4
8228400 -5.44632 -4
8228500 -5.63093 -4
8228600 -5.78262 -4
8228700 -5.71063 -4
8228800 -5.76517 -4
8228900 -5.66806 -4
8229000 -5.61301 -4
8229100 -5.43517 -4
8229200 -5.62331 -4
8229300 -5.19899 -4
8229400 -5.30246 -4
8229500 -5.55631 -4
8229600 -5.50523 -4
8229700 -5.69144 -4
8229800 -5.49017 -4
8229900 -5.26232 -4
8230000 -5.20335 -4
8230100 -5.27989 -4
8230200 -5.59599 -4
8230300 -5.4705 -4
8230400 -5.33619 -4
8230500 -5.25298 -4
8230600 -5.22938 -4
8230700 -5.4476 -4
8230800 -5.78792 -4
8230900 -5.90721 -4
8231000 -5.45674 -4
8231100 -5.44833 -4
8231200 -5.45994 -4
8231300 -5.25718 -4
8231400 -4.94767 -4
8231500 -5.04235 -4
8231600 -5.56065 -4
8231700 -5.67398 -4
8231800 -5.63085 -4
8231900 -5.41826 -4
8232000 -5.25308 -4
8232100 -5.08883 -4
8232200 -5.43243 -4
8232300 -5.75922 -4
8232400 -5.60591 -4
8232500 -5.4085 -4
8232600 -5.45585 -4
8232700 -5.40552 -4
8232800 -5.57459 -4
8232900 -5.85776 -4
8233000 -5.9876 -4
8233100 -5.75271 -4
8233200 -5.46399 -4
8233300 -5.6265 -4
8233400 -5.46845 -4
8233500 -5.5009 -4
8233600 -5.6075 -4
8233700 -5.61694 -4
8233800 -5.7962 -4
8233900 -6.17768 -4
8234000 -6.22666 -4
8234100 -5.83472 -4
8234200 -5.33129 -4
8234300 -5.53158 -4
8234400 -5.83843 -4
8234500 -5.66308 -4
8234600 -5.28093 -4
8234700 -5.37161 -4
8234800 -5.62123 -4
8234900 -5.72426 -4
8235000 -5.80214 -4
8235100 -5.66938 -4
8235200 -5.64453 -4
8235300 -5.78786 -4
8235400 -5.70204 -4
8235500 -5.87612 -4
8235600 -5.73446 -4
8235700 -5.52983 -4
8235800 -5.404 -4
8235900 -5.4354 -4
8236000 -5.64161 -4
8236100 -5.79721 -4
8236200 -5.51762 -4
8236300 -5.45557 -4
8236400 -5.57846 -4
8236500 -5.58352 -4
8236600 -5.5905 -4
8236700 -5.63482 -4
8236800 -5.52839 -4
8236900 -5.26742 -4
8237000 -5.33583 -4
8237100 -5.54683 -4
8237200 -5.54939 -4
8237300 -5.44048 -4
8237400 -5.38977 -4
8237500 -5.71085 -4
8237600 -5.61839 -4
8237700 -5.82938 -4
8237800 -5.83607 -4
8237900 -5.51382 -4
8238000 -5.34953 -4
8238100 -5.47801 -4
8238200 -5.59826 -4
8238300 -5.26374 -4
8238400 -5.21334 -4
8238500 -5.2378 -4
8238600 -5.21806 -4
8238700 -5.19346 -4
8238800 -5.48848 -4
8238900 -5.41492 -4
8239000 -5.11386 -4
8239100 -5.09481 -4
8239200 -5.28268 -4
8239300 -5.42565 -4
8239400 -5.51234 -4
8239500 -5.52683 -4
8239600 -5.55254 -4
8239700 -5.83885 -4
8239800 -5.47297 -4
8239900 -5.4357 -4
8240000 -5.44321 -4
8240100 -5.66674 -4
8240200 -5.53736 -4
8240300 -5.39017 -4
8240400 -5.36979 -4
8240500 -5.5776 -4
8240600 -5.69288 -4
8240700 -5.42998 -4
8240800 -5.5932 -4
8240900 -5.60629 -4
8241000 -5.63073 -4
8241100 -5.52361 -4
8241200 -5.26385 -4
8241300 -5.63921 -4
8241400 -5.91193 -4
8241500 -5.83383 -4
8241600 -5.84621 -4
8241700 -5.72346 -4
8241800 -5.50669 -4
8241900 -5.44921 -4
8242000 -5.62864 -4
8242100 -5.82341 -4
8242200 -5.88234 -4
8242300 -5.58949 -4
8242400 -5.75606 -4
8242500 -5.46888 -4
8242600 -5.35699 -4
8242700 -5.5693 -4
8242800 -5.99237 -4
8242900 -5.86737 -4
8243000 -5.68948 -4
8243100 -5.55549 -4
8243200 -5.59416 -4
8243300 -5.58594 -4
8243400 -5.78886 -4
8243500 -5.78681 -4
8243600 -5.41991 -4
8243700 -5.35936 -4
8243800 -5.52669 -4
8243900 -5.38846 -4
8244000 -5.19135 -4
8244100 -5.38589 -4
8244200 -5.45278 -4
8244300 -5.45178 -4
8244400 -5.3399 -4
8244500 -5.52565 -4
8244600 -5.40523 -4
8244700 -5.60754 -4
8244800 -5.41121 -4
8244900 -5.37197 -4
8245000 -5.5511 -4
8245100 -5.60056 -4
8245200 -5.57083 -4
8245300 -5.57083 -4
8245400 -5.66477 -4
8245500 -5.66962 -4
8245600 -5.61949 -4
8245700 -5.59211 -4
8245800 -5.58418 -4
8245900 -5.45728 -4
8246000 -5.51849 -4
8246100 -5.64363 -4
8246200 -5.43268 -4
8246300 -5.32895 -4
8246400 -5.6003 -4
8246500 -5.95937 -4
8246600 -6.16907 -4
8246700 -5.96212 -4
8246800 -5.47346 -4
8246900 -5.32592 -4
8247000 -5.59902 -4
8247100 -5.47928 -4
8247200 -5.42494 -4
8247300 -5.51482 -4
8247400 -5.76305 -4
8247500 -5.68486 -4
8247600 -5.34083 -4
8247700 -5.28776 -4
8247800 -5.16414 -4
8247900 -5.19319 -4
8248000 -5.41646 -4
8248100 -5.51507 -4
8248200 -5.2046 -4
8248300 -5.11119 -4
8248400 -5.30683 -4
8248500 -5.07225 -4
8248600 -5.26385 -4
8248700 -5.66344 -4
8248800 -5.67553 -4
8248900 -5.61818 -4
8249000 -5.33511 -4
8249100 -5.39975 -4
8249200 -5.04497 -4
8249300 -5.30614 -4
8249400 -5.70493 -4
8249500 -5.67011 -4
8249600 -5.24793 -4
8249700 -5.35839 -4
8249800 -5.4382 -4
8249900 -5.51058 -4
8250000 -5.4832 -4
8250100 -5.37224 -4
8250200 -5.58452 -4
8250300 -5.80207 -4
8250400 -5.6149 -4
8250500 -5.57415 -4
8250600 -5.4012 -4
8250700 -5.22919 -4
8250800 -5.20781 -4
8250900 -5.44742 -4
8251000 -5.71505 -4
8251100 -5.73683 -4
8251200 -5.57696 -4
8251300 -5.44819 -4
8251400 -5.27948 -4
8251500 -5.57624 -4
8251600 -5.60891 -4
8251700 -5.68984 -4
8251800 -5.67159 -4
8251900 -5.69173 -4
8252000 -5.41216 -4
8252100 -5.48101 -4
8252200 -5.76235 -4
8252300 -5.68568 -4
8252400 -5.61721 -4
8252500 -5.50701 -4
8252600 -5.52307 -4
8252700 -5.50598 -4
8252800 -5.56661 -4
8252900 -5.69002 -4
8253000 -5.59045 -4
8253100 -5.5152 -4
8253200 -5.76611 -4
8253300 -5.47667 -4
8253400 -5.37323 -4
8253500 -5.67207 -4
8253600 -5.48228 -4
8253700 -5.61137 -4
8253800 -5.5722 -4
8253900 -5.28923 -4
8254000 -5.26971 -4
8254100 -5.53126 -4
8254200 -5.53981 -4
8254300 -5.57954 -4
8254400 -5.66067 -4
8254500 -5.58719 -4
8254600 -5.67068 -4
8254700 -5.79213 -4
8254800 -5.91484 -4
8254900 -6.05082 -4
8255000 -5.49891 -4
8255100 -5.15424 -4
8255200 -5.41118 -4
8255300 -5.44254 -4
8255400 -5.45541 -4
8255500 -5.43638 -4
8255600 -5.6328 -4
8255700 -5.49241 -4
8255800 -5.32545 -4
8255900 -5.39164 -4
8256000 -5.53612 -4
8256100 -5.57333 -4
8256200 -5.65505 -4
8256300 -5.86374 -4
8256400 -5.68636 -4
8256500 -5.44419 -4
8256600 -5.62133 -4
8256700 -5.58493 -4
8256800 -5.64506 -4
8256900 -5.57756 -4
8257000 -5.35082 -4
8257100 -5.49255 -4
8257200 -5.86872 -4
8257300 -6.0346 -4
8257400 -5.80982 -4
8257500 -5.79833 -4
8257600 -5.4918 -4
8257700 -5.3687 -4
8257800 -5.4726 -4
8257900 -5.40403 -4
8258000 -5.39601 -4
8258100 -5.3963 -4
8258200 -5.65303 -4
8258300 -5.69362 -4
8258400 -5.94071 -4
8258500 -5.71214 -4
8258600 -5.48836 -4
8258700 -5.49966 -4
8258800 -5.51086 -4
8258900 -5.73204 -4
8259000 -5.37785 -4
8259100 -5.39588 -4
8259200 -5.49432 -4
8259300 -5.59684 -4
8259400 -5.37651 -4
8259500 -5.31337 -4
8259600 -5.44195 -4
8259700 -5.42266 -4
8259800 -5.4603 -4
8259900 -5.69934 -4
8260000 -5.83024 -4
8260100 -5.23899 -4
8260200 -4.90191 -4
8260300 -5.39278 -4
8260400 -5.36732 -4
8260500 -5.55224 -4
8260600 -5.39802 -4
8260700 -5.40919 -4
8260800 -5.52699 -4
8260900 -5.49287 -4
8261000 -5.47135 -4
8261100 -5.43244 -4
8261200 -5.36702 -4
8261300 -5.51661 -4
8261400 -5.84314 -4
8261500 -5.79808 -4
8261600 -5.8429 -4
8261700 -5.90124 -4
8261800 -5.57502 -4
8261900 -5.3677 -4
8262000 -5.51529 -4
8262100 -5.79118 -4
8262200 -5.76652 -4
8262300 -5.52895 -4
8262400 -5.62476 -4
8262500 -5.6053 -4
8262600 -5.63089 -4
8262700 -5.57959 -4
8262800 -5.36917 -4
8262900 -5.1789 -4
8263000 -5.31733 -4
8263100 -5.52267 -4
8263200 -5.39613 -4
8263300 -5.44066 -4
8263400 -5.50816 -4
8263500 -5.43475 -4
8263600 -5.35576 -4
8263700 -5.45745 -4
8263800 -5.29853 -4
8263900 -5.64726 -4
8264000 -5.73797 -4
8264100 -5.72913 -4
8264200 -5.64544 -4
8264300 -5.40021 -4
8264400 -5.39422 -4
8264500 -5.58144 -4
8264600 -5.567 -4
8264700 -5.51844 -4
8264800 -5.52536 -4
8264900 -5.31357 -4
8265000 -5.28576 -4
8265100 -5.58736 -4
8265200 -5.87522 -4
8265300 -5.80958 -4
8265400 -5.36227 -4
8265500 -5.36551 -4
8265600 -5.3974 -4
8265700 -5.44374 -4
8265800 -5.78728 -4
8265900 -6.0694 -4
8266000 -6.01734 -4
8266100 -5.58239 -4
8266200 -5.34469 -4
8266300 -5.53329 -4
8266400 -5.45837 -4
8266500 -5.49148 -4
8266600 -5.55745 -4
8266700 -5.59262 -4
8266800 -5.50063 -4
8266900 -5.50059 -4
8267000 -5.48644 -4
8267100 -5.5414 -4
8267200 -5.66187 -4
8267300 -5.51685 -4
8267400 -5.43062 -4
8267500 -5.194 -4
8267600 -5.29935 -4
8267700 -5.52107 -4
8267800 -5.59881 -4
8267900 -5.49589 -4
8268000 -5.33269 -4
8268100 -5.4136 -4
8268200 -5.59408 -4
8268300 -5.60478 -4
8268400 -5.42769 -4
8268500 -5.53382 -4
8268600 -5.32531 -4
8268700 -5.26667 -4
8268800 -5.42393 -4
8268900 -5.75366 -4
8269000 -5.58095 -4
8269100 -5.32066 -4
8269200 -5.48216 -4
8269300 -5.74431 -4
8269400 -5.61724 -4
8269500 -5.52678 -4
8269600 -5.64206 -4
8269700 -5.60494 -4
8269800 -5.84276 -4
8269900 -5.95981 -4
8270000 -5.74388 -4
8270100 -5.55382 -4
8270200 -5.3688 -4
8270300 -5.37208 -4
8270400 -5.53114 -4
8270500 -5.53968 -4
8270600 -5.64324 -4
8270700 -5.50993 -4
8270800 -5.36672 -4
8270900 -5.5589 -4
8271000 -5.63165 -4
8271100 -5.66335 -4
8271200 -5.64593 -4
8271300 -5.5579 -4
8271400 -5.49715 -4
8271500 -5.59782 -4
8271600 -5.51824 -4
8271700 -5.51814 -4
8271800 -5.24208 -4
8271900 -5.44113 -4
8272000 -5.52233 -4
8272100 -5.43992 -4
8272200 -5.38901 -4
8272300 -5.34281 -4
8272400 -5.54689 -4
8272500 -5.66951 -4
8272600 -5.58694 -4
8272700 -5.80345 -4
8272800 -5.77101 -4
8272900 -5.37945 -4
8273000 -5.2477 -4
8273100 -5.312 -4
8273200 -5.49878 -4
8273300 -5.61637 -4
8273400 -5.66525 -4
8273500 -5.75858 -4
8273600 -5.56759 -4
8273700 -5.49388 -4
8273800 -5.47465 -4
8273900 -5.54652 -4
8274000 -5.6156 -4
8274100 -5.48773 -4
8274200 -5.33817 -4
8274300 -5.27871 -4
8274400 -5.56296 -4
8274500 -5.99468 -4
8274600 -5.69954 -4
8274700 -5.49762 -4
8274800 -5.38604 -4
8274900 -5.21802 -4
8275000 -5.28538 -4
8275100 -5.58406 -4
8275200 -5.59218 -4
8275300 -5.60157 -4
8275400 -5.69906 -4
8275500 -5.43207 -4
8275600 -5.17903 -4
8275700 -5.40227 -4
8275800 -5.7048 -4
8275900 -5.74217 -4
8276000 -5.61778 -4
8276100 -5.48708 -4
8276200 -5.57919 -4
8276300 -5.87871 -4
8276400 -5.86359 -4
8276500 -5.68384 -4
8276600 -5.60424 -4
8276700 -5.47202 -4
8276800 -5.15591 -4
8276900 -5.41637 -4
8277000 -5.46596 -4
8277100 -5.50549 -4
8277200 -5.36764 -4
8277300 -5.34964 -4
8277400 -5.46342 -4
8277500 -5.64424 -4
8277600 -5.55602 -4
8277700 -5.47108 -4
8277800 -5.6557 -4
8277900 -5.41827 -4
8278000 -5.63727 -4
8278100 -5.85855 -4
8278200 -5.64389 -4
8278300 -5.53538 -4
8278400 -5.51474 -4
8278500 -5.64555 -4
8278600 -5.74617 -4
8278700 -5.62205 -4
8278800 -5.49578 -4
8278900 -5.32593 -4
8279000 -5.37789 -4
8279100 -5.64562 -4
8279200 -5.81397 -4
8279300 -5.64942 -4
8279400 -5.77885 -4
8279500 -5.71906 -4
8279600 -5.5576 -4
8279700 -5.4223 -4
8279800 -5.42219 -4
8279900 -5.90314 -4
8280000 -5.82812 -4
8280100 -5.41454 -4
8280200 -5.38039 -4
8280300 -5.66672 -4
8280400 -5.90875 -4
8280500 -5.67344 -4
8280600 -5.35515 -4
8280700 -5.18441 -4
8280800 -5.35223 -4
8280900 -5.53005 -4
8281000 -5.56032 -4
8281100 -5.67952 -4
8281200 -5.58014 -4
8281300 -5.36617 -4
8281400 -5.57449 -4
8281500 -5.92403 -4
8281600 -5.45162 -4
8281700 -5.39768 -4
8281800 -5.49711 -4
8281900 -5.46599 -4
8282000 -5.3988 -4
8282100 -5.29837 -4
8282200 -5.27724 -4
8282300 -5.44322 -4
8282400 -5.57897 -4
8282500 -5.52669 -4
8282600 -5.68206 -4
8282700 -5.65712 -4
8282800 -5.53767 -4
8282900 -5.39831 -4
8283000 -5.68247 -4
8283100 -5.66347 -4
8283200 -5.59221 -4
8283300 -5.60111 -4
8283400 -5.61183 -4
8283500 -5.71464 -4
8283600 -5.62795 -4
8283700 -5.63996 -4
8283800 -5.61761 -4
8283900 -5.46925 -4
8284000 -5.29913 -4
8284100 -5.62912 -4
8284200 -5.51265 -4
8284300 -5.39433 -4
8284400 -5.14106 -4
8284500 -5.36772 -4
8284600 -5.40103 -4
8284700 -5.59224 -4
8284800 -5.48808 -4
8284900 -5.35285 -4
8285000 -5.364 -4
8285100 -5.39862 -4
8285200 -5.4406 -4
8285300 -5.57338 -4
8285400 -5.45782 -4
8285500 -5.40631 -4
8285600 -5.45431 -4
8285700 -5.60507 -4
8285800 -5.65426 -4
8285900 -5.3692 -4
8286000 -5.47149 -4
8286100 -5.32377 -4
8286200 -5.45637 -4
8286300 -5.71209 -4
8286400 -5.66421 -4
8286500 -5.66535 -4
8286600 -5.65976 -4
8286700 -5.57225 -4
8286800 -5.51891 -4
8286900 -5.5947 -4
8287000 -5.5682 -4
8287100 -5.51255 -4
8287200 -5.80418 -4
8287300 -5.94168 -4
8287400 -6.00195 -4
8287500 -5.62864 -4
8287600 -5.36535 -4
8287700 -5.09089 -4
8287800 -5.39422 -4
8287900 -5.53542 -4
8288000 -5.44002 -4
8288100 -5.66843 -4
8288200 -5.76078 -4
8288300 -5.41519 -4
8288400 -5.52478 -4
8288500 -5.64292 -4
8288600 -5.51701 -4
8288700 -5.36642 -4
8288800 -5.42796 -4
8288900 -5.67461 -4
8289000 -5.57476 -4
8289100 -5.46717 -4
8289200 -5.40818 -4
8289300 -5.43556 -4
8289400 -5.34085 -4
8289500 -5.34985 -4
8289600 -5.86441 -4
8289700 -5.77961 -4
8289800 -5.60255 -4
8289900 -5.53783 -4
8290000 -5.57463 -4
8290100 -5.71584 -4
8290200 -5.72856 -4
8290300 -5.64444 -4
8290400 -5.43699 -4
8290500 -5.33669 -4
8290600 -5.51035 -4
8290700 -5.26032 -4
8290800 -5.20318 -4
8290900 -5.33477 -4
8291000 -5.31103 -4
8291100 -5.48198 -4
8291200 -5.54973 -4
8291300 -5.4992 -4
8291400 -5.32755 -4
8291500 -5.43457 -4
8291600 -5.63968 -4
8291700 -5.42542 -4
8291800 -5.37939 -4
8291900 -5.46899 -4
8292000 -5.31362 -4
8292100 -5.44226 -4
8292200 -5.4889 -4
8292300 -5.38663 -4
8292400 -5.35507 -4
8292500 -5.44686 -4
8292600 -5.5093 -4
8292700 -5.52543 -4
8292800 -5.42774 -4
8292900 -5.47147 -4
8293000 -5.55619 -4
8293100 -5.54083 -4
8293200 -5.38792 -4
8293300 -5.16097 -4
8293400 -5.15977 -4
8293500 -5.36629 -4
8293600 -5.5737 -4
8293700 -5.71338 -4
8293800 -5.37473 -4
8293900 -5.51037 -4
8294000 -5.61482 -4
8294100 -5.85522 -4
8294200 -5.82816 -4
8294300 -5.48766 -4
8294400 -5.56701 -4
8294500 -5.68234 -4
8294600 -5.63236 -4
8294700 -5.37936 -4
8294800 -5.27517 -4
8294900 -5.40763 -4
8295000 -5.57239 -4
8295100 -5.56514 -4
8295200 -5.69579 -4
8295300 -5.79373 -4
8295400 -5.56801 -4
8295500 -5.44957 -4
8295600 -5.49246 -4
8295700 -5.35889 -4
8295800 -5.3752 -4
8295900 -5.43722 -4
8296000 -5.35836 -4
8296100 -5.52601 -4
8296200 -5.95346 -4
8296300 -6.08824 -4
8296400 -6.20061 -4
8296500 -6.00531 -4
8296600 -5.99936 -4
8296700 -6.04409 -4
8296800 -5.65842 -4
8296900 -5.69041 -4
8297000 -5.8076 -4
8297100 -5.79243 -4
8297200 -5.93714 -4
8297300 -5.85961 -4
8297400 -5.53976 -4
8297500 -5.48163 -4
8297600 -5.44609 -4
8297700 -5.61855 -4
8297800 -5.61139 -4
8297900 -5.50889 -4
8298000 -5.61592 -4
8298100 -5.46374 -4
8298200 -5.42959 -4
8298300 -5.49337 -4
8298400 -5.51348 -4
8298500 -5.72993 -4
8298600 -5.4286 -4
8298700 -5.29885 -4
8298800 -5.53141 -4
8298900 -5.66408 -4
8299000 -5.57186 -4
8299100 -5.75669 -4
8299200 -5.8704 -4
8299300 -5.86661 -4
8299400 -5.69129 -4
8299500 -5.28719 -4
8299600 -5.36721 -4
8299700 -5.54318 -4
8299800 -5.6202 -4
8299900 -5.51226 -4
8300000 -5.43385 -4
8300100 -5.76082 -4
8300200 -5.54876 -4
8300300 -5.38709 -4
8300400 -5.50571 -4
8300500 -5.51239 -4
8300600 -5.40466 -4
8300700 -5.3762 -4
8300800 -5.72245 -4
8300900 -5.72038 -4
8301000 -5.8495 -4
8301100 -5.6721 -4
8301200 -5.76675 -4
8301300 -5.39999 -4
8301400 -5.34123 -4
8301500 -5.32188 -4
8301600 -5.54133 -4
8301700 -5.46414 -4
8301800 -5.26843 -4
8301900 -5.44555 -4
8302000 -5.67758 -4
8302100 -5.46979 -4
8302200 -5.518 -4
8302300 -5.3742 -4
8302400 -5.22582 -4
8302500 -5.28552 -4
8302600 -5.62528 -4
8302700 -5.87178 -4
8302800 -5.64792 -4
8302900 -5.56562 -4
8303000 -5.7805 -4
8303100 -5.82552 -4
8303200 -6.05865 -4
8303300 -5.86757 -4
8303400 -5.55634 -4
8303500 -5.44955 -4
8303600 -5.46647 -4
8303700 -5.38882 -4
8303800 -5.43147 -4
8303900 -5.60438 -4
8304000 -5.61779 -4
8304100 -5.47129 -4
8304200 -5.39384 -4
8304300 -5.63405 -4
8304400 -5.47237 -4
8304500 -5.25088 -4
8304600 -5.67919 -4
8304700 -5.70192 -4
8304800 -5.29456 -4
8304900 -5.38932 -4
8305000 -5.98779 -4
8305100 -6.15009 -4
8305200 -5.96467 -4
8305300 -5.29833 -4
8305400 -5.24953 -4
8305500 -5.45427 -4
8305600 -5.50709 -4
8305700 -5.51069 -4
8305800 -5.54328 -4
8305900 -5.48311 -4
8306000 -5.48244 -4
8306100 -5.55123 -4
8306200 -6.00511 -4
8306300 -5.97429 -4
8306400 -5.55726 -4
8306500 -5.66293 -4
8306600 -5.6375 -4
8306700 -5.49409 -4
8306800 -5.74674 -4
8306900 -5.68485 -4
8307000 -5.73461 -4
8307100 -5.67497 -4
8307200 -5.37754 -4
8307300 -5.54649 -4
8307400 -5.50854 -4
8307500 -5.28113 -4
8307600 -5.52633 -4
8307700 -5.76229 -4
8307800 -5.9046 -4
8307900 -5.96391 -4
8308000 -5.73303 -4
8308100 -5.49039 -4
8308200 -5.72247 -4
8308300 -5.60894 -4
8308400 -5.3749 -4
8308500 -5.31829 -4
8308600 -5.67443 -4
8308700 -5.96902 -4
8308800 -5.88976 -4
8308900 -5.64546 -4
8309000 -5.46741 -4
8309100 -5.2916 -4
8309200 -5.44179 -4
8309300 -5.39148 -4
8309400 -5.49415 -4
8309500 -5.67037 -4
8309600 -5.51108 -4
8309700 -5.46524 -4
8309800 -5.59838 -4
8309900 -5.1538 -4
8310000 -5.34238 -4
8310100 -5.50751 -4
8310200 -5.68149 -4
8310300 -5.55663 -4
8310400 -5.37056 -4
8310500 -5.6436 -4
8310600 -5.57886 -4
8310700 -5.37784 -4
8310800 -5.62784 -4
8310900 -5.83442 -4
8311000 -5.66888 -4
8311100 -5.27402 -4
8311200 -5.34419 -4
8311300 -5.68059 -4
8311400 -5.70053 -4
8311500 -5.48227 -4
8311600 -5.47049 -4
8311700 -5.37003 -4
8311800 -5.54665 -4
8311900 -5.76979 -4
8312000 -5.54092 -4
8312100 -5.30998 -4
8312200 -5.21965 -4
8312300 -5.71949 -4
8312400 -5.85481 -4
8312500 -5.42951 -4
8312600 -5.53723 -4
8312700 -5.64907 -4
8312800 -5.61259 -4
8312900 -5.79741 -4
8313000 -5.77988 -4
8313100 -5.30526 -4
8313200 -5.56978 -4
8313300 -5.94105 -4
8313400 -5.74028 -4
8313500 -5.646 -4
8313600 -5.50817 -4
8313700 -5.4418 -4
8313800 -5.42016 -4
8313900 -5.38474 -4
8314000 -5.32243 -4
8314100 -5.54239 -4
8314200 -6.00977 -4
8314300 -5.89275 -4
8314400 -5.49127 -4
8314500 -5.40027 -4
8314600 -5.70766 -4
8314700 -5.76591 -4
8314800 -5.69629 -4
8314900 -5.80206 -4
8315000 -5.76311 -4
8315100 -5.70678 -4
8315200 -5.70114 -4
8315300 -5.51531 -4
8315400 -5.56254 -4
8315500 -5.53232 -4
8315600 -5.5334 -4
8315700 -5.44993 -4
8315800 -5.42916 -4
8315900 -5.4836 -4
8316000 -5.41543 -4
8316100 -5.39614 -4
8316200 -5.54274 -4
8316300 -5.36727 -4
8316400 -5.62732 -4
8316500 -5.76862 -4
8316600 -5.55015 -4
8316700 -5.5484 -4
8316800 -5.52886 -4
8316900 -5.42928 -4
8317000 -5.32247 -4
8317100 -5.44866 -4
8317200 -5.40149 -4
8317300 -5.52717 -4
8317400 -5.51227 -4
8317500 -5.54578 -4
8317600 -5.61554 -4
8317700 -5.50197 -4
8317800 -5.47884 -4
8317900 -5.59316 -4
8318000 -5.54652 -4
8318100 -5.41795 -4
8318200 -5.32308 -4
8318300 -5.35081 -4
8318400 -5.6827 -4
8318500 -5.45913 -4
8318600 -5.57001 -4
8318700 -5.40586 -4
8318800 -5.46499 -4
8318900 -5.24456 -4
8319000 -5.25229 -4
8319100 -5.50309 -4
8319200 -5.7281 -4
8319300 -5.98843 -4
8319400 -5.88937 -4
8319500 -5.74167 -4
8319600 -5.75126 -4
8319700 -5.52232 -4
8319800 -5.51294 -4
8319900 -5.5611 -4
8320000 -5.52829 -4
8320100 -5.43086 -4
8320200 -5.59512 -4
8320300 -5.68176 -4
8320400 -5.5459 -4
8320500 -5.58425 -4
8320600 -5.5088 -4
8320700 -5.33926 -4
8320800 -5.47147 -4
8320900 -5.50302 -4
8321000 -5.18701 -4
8321100 -5.31881 -4
8321200 -5.36377 -4
8321300 -5.34032 -4
8321400 -5.90584 -4
8321500 -6.03333 -4
8321600 -5.7738 -4
8321700 -5.57321 -4
8321800 -5.29927 -4
8321900 -5.18655 -4
8322000 -5.45097 -4
8322100 -5.64448 -4
8322200 -5.52665 -4
8322300 -5.53857 -4
8322400 -5.42342 -4
8322500 -5.23931 -4
8322600 -5.361 -4
8322700 -5.72757 -4
8322800 -5.48725 -4
8322900 -5.37011 -4
8323000 -5.34539 -4
8323100 -5.40771 -4
8323200 -5.52729 -4
8323300 -5.5883 -4
8323400 -5.61826 -4
8323500 -5.45534 -4
8323600 -5.32478 -4
8323700 -5.50177 -4
8323800 -5.6281 -4
8323900 -5.63316 -4
8324000 -5.68344 -4
8324100 -5.54233 -4
8324200 -5.43638 -4
8324300 -5.33038 -4
8324400 -5.53583 -4
8324500 -5.66131 -4
8324600 -5.46421 -4
8324700 -5.43893 -4
8324800 -5.38594 -4
8324900 -5.44645 -4
8325000 -5.67265 -4
8325100 -5.63449 -4
8325200 -5.26381 -4
8325300 -5.18677 -4
8325400 -5.33628 -4
8325500 -5.55952 -4
8325600 -5.49108 -4
8325700 -5.53787 -4
8325800 -5.72378 -4
8325900 -5.52624 -4
8326000 -5.38194 -4
8326100 -5.0284 -4
8326200 -5.23895 -4
8326300 -5.41571 -4
8326400 -5.54843 -4
8326500 -5.53785 -4
8326600 -5.41001 -4
8326700 -5.55517 -4
8326800 -5.71922 -4
8326900 -5.49041 -4
8327000 -5.59064 -4
8327100 -5.7198 -4
8327200 -5.61454 -4
8327300 -5.64182 -4
8327400 -5.83686 -4
8327500 -5.77249 -4
8327600 -5.4615 -4
8327700 -5.60517 -4
8327800 -5.42861 -4
8327900 -5.17077 -4
8328000 -5.33316 -4
8328100 -5.29373 -4
8328200 -5.33794 -4
8328300 -5.7657 -4
8328400 -5.6392 -4
8328500 -5.50967 -4
8328600 -5.58394 -4
8328700 -5.44406 -4
8328800 -5.59104 -4
8328900 -5.65902 -4
8329000 -5.81047 -4
8329100 -5.68172 -4
8329200 -5.65858 -4
8329300 -5.5729 -4
8329400 -5.50116 -4
8329500 -5.55741 -4
8329600 -5.61103 -4
8329700 -5.61739 -4
8329800 -5.55247 -4
8329900 -5.50294 -4
8330000 -5.44707 -4
8330100 -5.48219 -4
8330200 -5.44102 -4
8330300 -5.53406 -4
8330400 -5.68711 -4
8330500 -5.59692 -4
8330600 -5.44018 -4
8330700 -5.64402 -4
8330800 -5.56978 -4
8330900 -5.5665 -4
8331000 -5.52031 -4
8331100 -5.20155 -4
8331200 -5.24024 -4
8331300 -5.55026 -4
8331400 -5.54191 -4
8331500 -5.77575 -4
8331600 -5.57997 -4
8331700 -5.39775 -4
8331800 -5.4845 -4
8331900 -5.73073 -4
8332000 -5.55354 -4
8332100 -5.30739 -4
8332200 -5.32776 -4
8332300 -5.78287 -4
8332400 -5.74582 -4
8332500 -5.39298 -4
8332600 -5.23036 -4
8332700 -5.14499 -4
8332800 -5.54608 -4
8332900 -5.58841 -4
8333000 -5.40559 -4
8333100 -5.38923 -4
8333200 -5.70224 -4
8333300 -5.47893 -4
8333400 -5.54084 -4
8333500 -5.51405 -4
8333600 -5.48203 -4
8333700 -5.68339 -4
8333800 -5.68996 -4
8333900 -5.68975 -4
8334000 -5.39384 -4
8334100 -5.30955 -4
8334200 -5.38267 -4
8334300 -5.62063 -4
8334400 -5.57205 -4
8334500 -5.30508 -4
8334600 -5.46974 -4
8334700 -5.71206 -4
8334800 -5.48213 -4
8334900 -5.62531 -4
8335000 -5.58935 -4
8335100 -5.36407 -4
8335200 -5.50261 -4
8335300 -5.81628 -4
8335400 -5.52895 -4
8335500 -5.47528 -4
8335600 -5.72394 -4
8335700 -5.70715 -4
8335800 -5.57895 -4
8335900 -5.64828 -4
8336000 -5.52846 -4
8336100 -5.32642 -4
8336200 -5.52594 -4
8336300 -5.55938 -4
8336400 -5.59577 -4
8336500 -5.78666 -4
8336600 -5.59127 -4
8336700 -5.56907 -4
8336800 -5.40677 -4
8336900 -5.33977 -4
8337000 -5.44609 -4
8337100 -5.71938 -4
8337200 -5.51541 -4
8337300 -5.54969 -4
8337400 -5.54612 -4
8337500 -5.59306 -4
8337600 -5.50637 -4
8337700 -5.42686 -4
8337800 -5.54022 -4
8337900 -5.55396 -4
8338000 -5.39354 -4
8338100 -5.16632 -4
8338200 -5.25875 -4
8338300 -5.3622 -4
8338400 -5.5214 -4
8338500 -5.55291 -4
8338600 -5.4591 -4
8338700 -5.51813 -4
8338800 -5.40997 -4
8338900 -5.38223 -4
8339000 -5.37901 -4
8339100 -5.40897 -4
8339200 -5.42453 -4
8339300 -5.66612 -4
8339400 -5.69573 -4
8339500 -5.63517 -4
8339600 -5.66055 -4
8339700 -5.50009 -4
8339800 -5.41451 -4
8339900 -5.66523 -4
8340000 -5.65535 -4
8340100 -5.31281 -4
8340200 -5.24578 -4
8340300 -5.71224 -4
8340400 -5.58641 -4
8340500 -5.5592 -4
8340600 -5.6242 -4
8340700 -5.45761 -4
8340800 -5.30639 -4
8340900 -5.34562 -4
8341000 -5.49793 -4
8341100 -5.7237 -4
8341200 -5.76108 -4
8341300 -5.86201 -4
8341400 -5.66434 -4
8341500 -5.40116 -4
8341600 -5.54233 -4
8341700 -5.5591 -4
8341800 -5.46493 -4
8341900 -5.39955 -4
8342000 -5.79511 -4
8342100 -5.75585 -4
8342200 -5.79954 -4
8342300 -5.8401 -4
8342400 -5.86193 -4
8342500 -5.61475 -4
8342600 -5.64066 -4
8342700 -5.6944 -4
8342800 -5.70094 -4
8342900 -5.44162 -4
8343000 -5.31089 -4
8343100 -5.40551 -4
8343200 -5.25037 -4
8343300 -5.31627 -4
8343400 -5.42041 -4
8343500 -5.20212 -4
8343600 -5.26274 -4
8343700 -5.40892 -4
8343800 -5.51727 -4
8343900 -5.58203 -4
8344000 -5.4443 -4
8344100 -5.52002 -4
8344200 -5.7686 -4
8344300 -5.6227 -4
8344400 -5.68759 -4
8344500 -5.44635 -4
8344600 -5.38582 -4
8344700 -5.71113 -4
8344800 -5.47272 -4
8344900 -5.16135 -4
8345000 -5.19272 -4
8345100 -5.39301 -4
8345200 -5.46543 -4
8345300 -5.17199 -4
8345400 -4.87924 -4
8345500 -5.17786 -4
8345600 -5.38205 -4
8345700 -5.5242 -4
8345800 -5.50518 -4
8345900 -5.52715 -4
8346000 -5.38236 -4
8346100 -5.57057 -4
8346200 -5.48622 -4
8346300 -5.42766 -4
8346400 -5.72216 -4
8346500 -5.76888 -4
8346600 -5.45 -4
8346700 -5.5245 -4
8346800 -5.64958 -4
8346900 -5.96913 -4
8347000 -5.71549 -4
8347100 -5.49683 -4
8347200 -5.3581 -4
8347300 -5.18976 -4
8347400 -5.26623 -4
8347500 -5.63242 -4
8347600 -5.53024 -4
8347700 -5.54185 -4
8347800 -5.50131 -4
8347900 -5.32962 -4
8348000 -5.38938 -4
8348100 -5.506 -4
8348200 -5.46545 -4
8348300 -5.39836 -4
8348400 -5.57449 -4
8348500 -5.5709 -4
8348600 -5.58435 -4
8348700 -5.35983 -4
8348800 -5.37049 -4
8348900 -5.56482 -4
8349000 -5.47621 -4
8349100 -5.40315 -4
8349200 -5.32024 -4
8349300 -5.62701 -4
8349400 -5.81654 -4
8349500 -5.81227 -4
8349600 -5.71701 -4
8349700 -5.46726 -4
8349800 -5.60695 -4
8349900 -5.71414 -4
8350000 -5.85841 -4
8350100 -5.95165 -4
8350200 -5.88876 -4
8350300 -5.59044 -4
8350400 -5.20444 -4
8350500 -5.37443 -4
8350600 -5.26316 -4
8350700 -5.35101 -4
8350800 -5.50694 -4
8350900 -5.72673 -4
8351000 -5.81861 -4
8351100 -5.66292 -4
8351200 -5.5471 -4
8351300 -5.72505 -4
8351400 -5.72384 -4
8351500 -5.6141 -4
8351600 -5.51622 -4
8351700 -5.44501 -4
8351800 -5.59194 -4
8351900 -5.48859 -4
8352000 -5.52579 -4
8352100 -5.3883 -4
8352200 -5.39035 -4
8352300 -5.31327 -4
8352400 -5.39873 -4
8352500 -5.46357 -4
8352600 -5.43436 -4
8352700 -5.52585 -4
8352800 -5.51053 -4
8352900 -5.3031 -4
8353000 -5.45536 -4
8353100 -5.72059 -4
8353200 -5.71358 -4
8353300 -5.34291 -4
8353400 -5.42605 -4
8353500 -5.63126 -4
8353600 -5.68971 -4
8353700 -5.70906 -4
8353800 -5.67041 -4
8353900 -5.79389 -4
8354000 -5.63068 -4
8354100 -5.60061 -4
8354200 -5.31241 -4
8354300 -5.26179 -4
8354400 -5.55094 -4
8354500 -5.68196 -4
8354600 -5.63199 -4
8354700 -5.4794 -4
8354800 -5.38851 -4
8354900 -5.43464 -4
8355000 -5.60699 -4
8355100 -5.82307 -4
8355200 -5.67199 -4
8355300 -5.42588 -4
8355400 -5.4037 -4
8355500 -5.59488 -4
8355600 -5.58117 -4
8355700 -5.57558 -4
8355800 -5.69475 -4
8355900 -5.36919 -4
8356000 -5.11927 -4
8356100 -5.17728 -4
8356200 -5.31358 -4
8356300 -5.69405 -4
8356400 -5.3697 -4
8356500 -5.2994 -4
8356600 -5.45061 -4
8356700 -5.66503 -4
8356800 -5.58531 -4
8356900 -5.41815 -4
8357000 -5.41158 -4
8357100 -5.4592 -4
8357200 -5.41484 -4
8357300 -5.32675 -4
8357400 -5.7421 -4
8357500 -5.61032 -4
8357600 -5.42656 -4
8357700 -5.47642 -4
8357800 -5.54086 -4
8357900 -5.24098 -4
8358000 -5.56175 -4
8358100 -5.91648 -4
8358200 -5.77895 -4
8358300 -5.54539 -4
8358400 -5.37062 -4
8358500 -5.26078 -4
8358600 -5.23467 -4
8358700 -5.43379 -4
8358800 -5.68496 -4
8358900 -5.73825 -4
8359000 -5.64687 -4
8359100 -5.51621 -4
8359200 -5.55331 -4
8359300 -5.50566 -4
8359400 -5.3504 -4
8359500 -5.21414 -4
8359600 -5.40353 -4
8359700 -5.46628 -4
8359800 -5.75031 -4
8359900 -5.80692 -4
8360000 -5.61789 -4
8360100 -5.52227 -4
8360200 -5.59765 -4
8360300 -5.64406 -4
8360400 -5.70174 -4
8360500 -5.48129 -4
8360600 -5.26511 -4
8360700 -5.37976 -4
8360800 -5.49385 -4
8360900 -5.68542 -4
8361000 -5.8118 -4
8361100 -5.81976 -4
8361200 -5.5701 -4
8361300 -5.38083 -4
8361400 -5.6658 -4
8361500 -6.02058 -4
8361600 -5.84721 -4
8361700 -5.64104 -4
8361800 -5.392 -4
8361900 -5.36574 -4
8362000 -5.39232 -4
8362100 -5.76545 -4
8362200 -5.47698 -4
8362300 -5.54757 -4
8362400 -5.72817 -4
8362500 -5.80179 -4
8362600 -5.78107 -4
8362700 -5.57743 -4
8362800 -5.36571 -4
8362900 -5.27948 -4
8363000 -5.14202 -4
8363100 -5.22415 -4
8363200 -5.3848 -4
8363300 -5.54441 -4
8363400 -5.77112 -4
8363500 -5.63744 -4
8363600 -5.45049 -4
8363700 -5.41323 -4
8363800 -5.58276 -4
8363900 -5.75305 -4
8364000 -5.63601 -4
8364100 -5.69852 -4
8364200 -5.64235 -4
8364300 -5.37015 -4
8364400 -5.59765 -4
8364500 -5.88861 -4
8364600 -5.25789 -4
8364700 -5.28987 -4
8364800 -5.62304 -4
8364900 -5.4266 -4
8365000 -5.3906 -4
8365100 -5.2975 -4
8365200 -5.71833 -4
8365300 -5.54903 -4
8365400 -5.22366 -4
8365500 -5.41906 -4
8365600 -5.45912 -4
8365700 -5.28254 -4
8365800 -5.32553 -4
8365900 -5.23685 -4
8366000 -5.47469 -4
8366100 -5.44708 -4
8366200 -5.29946 -4
8366300 -5.46779 -4
8366400 -5.8853 -4
8366500 -5.69233 -4
8366600 -5.24443 -4
8366700 -5.25114 -4
8366800 -5.66228 -4
8366900 -6.06781 -4
8367000 -5.89718 -4
8367100 -5.43558 -4
8367200 -5.37497 -4
8367300 -5.50546 -4
8367400 -5.42362 -4
8367500 -5.42221 -4
8367600 -5.35345 -4
8367700 -5.70389 -4
8367800 -5.7517 -4
8367900 -5.72036 -4
8368000 -5.60478 -4
8368100 -5.27204 -4
8368200 -5.52843 -4
8368300 -5.5502 -4
8368400 -5.32976 -4
8368500 -5.34047 -4
8368600 -5.57473 -4
8368700 -5.49039 -4
8368800 -5.46471 -4
8368900 -5.85569 -4
8369000 -5.79676 -4
8369100 -5.63683 -4
8369200 -5.7041 -4
8369300 -5.86472 -4
8369400 -5.60944 -4
8369500 -5.43054 -4
8369600 -5.6891 -4
8369700 -5.69663 -4
8369800 -5.81206 -4
8369900 -5.708 -4
8370000 -5.48914 -4
8370100 -5.61191 -4
8370200 -5.70038 -4
8370300 -5.51345 -4
8370400 -5.60885 -4
8370500 -5.72204 -4
8370600 -5.51436 -4
8370700 -5.50981 -4
8370800 -5.49087 -4
8370900 -5.4715 -4
8371000 -5.32952 -4
8371100 -5.42323 -4
8371200 -5.6521 -4
8371300 -5.70993 -4
8371400 -5.68624 -4
8371500 -5.56028 -4
8371600 -5.53492 -4
8371700 -5.47676 -4
8371800 -5.2715 -4
8371900 -5.37081 -4
8372000 -5.43436 -4
8372100 -5.37109 -4
8372200 -5.45953 -4
8372300 -5.91987 -4
8372400 -5.75644 -4
8372500 -5.34451 -4
8372600 -5.63442 -4
8372700 -5.72802 -4
8372800 -5.58171 -4
8372900 -5.59521 -4
8373000 -5.64708 -4
8373100 -5.57831 -4
8373200 -5.57919 -4
8373300 -5.59874 -4
8373400 -5.35372 -4
8373500 -5.53709 -4
8373600 -5.66233 -4
8373700 -5.57342 -4
8373800 -5.53187 -4
8373900 -5.20034 -4
8374000 -5.40276 -4
8374100 -5.72324 -4
8374200 -5.54288 -4
8374300 -5.61351 -4
8374400 -5.52491 -4
8374500 -5.62951 -4
8374600 -5.71137 -4
8374700 -5.80425 -4
8374800 -5.86569 -4
8374900 -5.59709 -4
8375000 -5.56495 -4
8375100 -5.76659 -4
8375200 -6.07977 -4
8375300 -5.83607 -4
8375400 -5.48087 -4
8375500 -5.26772 -4
8375600 -5.59103 -4
8375700 -5.56747 -4
8375800 -5.27862 -4
8375900 -5.32505 -4
8376000 -5.35728 -4
8376100 -5.59044 -4
8376200 -5.58562 -4
8376300 -5.35994 -4
8376400 -5.5344 -4
8376500 -5.55222 -4
8376600 -5.53129 -4
8376700 -5.44621 -4
8376800 -5.55266 -4
8376900 -5.88597 -4
8377000 -5.87119 -4
8377100 -5.36103 -4
8377200 -5.3045 -4
8377300 -5.60043 -4
8377400 -5.77666 -4
8377500 -5.70139 -4
8377600 -5.79549 -4
8377700 -5.58403 -4
8377800 -5.37276 -4
8377900 -5.41754 -4
8378000 -5.44282 -4
8378100 -5.38328 -4
8378200 -5.49355 -4
8378300 -5.69337 -4
8378400 -5.9423 -4
8378500 -5.67084 -4
8378600 -5.29147 -4
8378700 -5.38968 -4
8378800 -5.38842 -4
8378900 -5.50754 -4
8379000 -5.69917 -4
8379100 -5.89491 -4
8379200 -5.71391 -4
8379300 -5.39334 -4
8379400 -5.52869 -4
8379500 -5.54947 -4
8379600 -5.24856 -4
8379700 -5.44615 -4
8379800 -5.72675 -4
8379900 -5.82463 -4
8380000 -5.86363 -4
8380100 -5.89554 -4
8380200 -5.6559 -4
8380300 -5.62868 -4
8380400 -5.55821 -4
8380500 -5.46495 -4
8380600 -5.44922 -4
8380700 -5.41656 -4
8380800 -5.35537 -4
8380900 -5.30692 -4
8381000 -5.34444 -4
8381100 -5.64149 -4
8381200 -5.86686 -4
8381300 -5.90896 -4
8381400 -5.82603 -4
8381500 -5.64155 -4
8381600 -5.41 -4
8381700 -5.72424 -4
8381800 -5.87311 -4
8381900 -5.70901 -4
8382000 -5.518 -4
8382100 -5.53286 -4
8382200 -5.49053 -4
8382300 -5.4923 -4
8382400 -4.98603 -4
8382500 -5.11325 -4
8382600 -5.42785 -4
8382700 -5.38498 -4
8382800 -5.35643 -4
8382900 -5.52162 -4
8383000 -5.67526 -4
8383100 -5.7573 -4
8383200 -5.927 -4
8383300 -5.94148 -4
8383400 -5.89112 -4
8383500 -5.64712 -4
8383600 -5.46125 -4
8383700 -5.58715 -4
8383800 -5.58183 -4
8383900 -5.43495 -4
8384000 -5.25093 -4
8384100 -5.42159 -4
8384200 -5.6851 -4
8384300 -5.45472 -4
8384400 -5.28809 -4
8384500 -5.50649 -4
8384600 -5.70895 -4
8384700 -5.46444 -4
8384800 -5.38218 -4
8384900 -5.53743 -4
8385000 -5.59716 -4
8385100 -5.59922 -4
8385200 -5.32879 -4
8385300 -5.4726 -4
8385400 -5.78713 -4
8385500 -5.56938 -4
8385600 -5.32335 -4
8385700 -5.20865 -4
8385800 -5.40049 -4
8385900 -5.53044 -4
8386000 -5.47092 -4
8386100 -5.23418 -4
8386200 -5.08578 -4
8386300 -5.60028 -4
8386400 -5.78274 -4
8386500 -5.48589 -4
8386600 -5.39756 -4
8386700 -5.42709 -4
8386800 -5.38431 -4
8386900 -5.59747 -4
8387000 -5.79132 -4
8387100 -5.71918 -4
8387200 -5.57776 -4
8387300 -5.34541 -4
8387400 -5.4028 -4
8387500 -5.27755 -4
8387600 -5.33253 -4
8387700 -5.41923 -4
8387800 -5.33669 -4
8387900 -5.45273 -4
8388000 -5.46544 -4
8388100 -5.57236 -4
8388200 -5.47053 -4
8388300 -5.56261 -4
8388400 -5.59743 -4
8388500 -5.48777 -4
8388600 -5.47971 -4
8388700 -5.71855 -4
8388800 -5.64788 -4
8388900 -5.5764 -4
8389000 -5.71457 -4
8389100 -5.85492 -4
8389200 -5.66313 -4
8389300 -5.4595 -4
8389400 -5.31005 -4
8389500 -5.72423 -4
8389600 -5.79252 -4
8389700 -5.48217 -4
8389800 -5.51272 -4
8389900 -5.69444 -4
8390000 -5.64527 -4
8390100 -5.48794 -4
8390200 -5.46452 -4
8390300 -5.49007 -4
8390400 -5.76826 -4
8390500 -5.80961 -4
8390600 -5.53302 -4
8390700 -5.27467 -4
8390800 -5.46167 -4
8390900 -5.50441 -4
8391000 -5.40104 -4
8391100 -5.38522 -4
8391200 -5.52602 -4
8391300 -5.54586 -4
8391400 -5.59626 -4
8391500 -5.71605 -4
8391600 -5.78055 -4
8391700 -5.86323 -4
8391800 -5.65216 -4
8391900 -5.7031 -4
8392000 -5.71493 -4
8392100 -5.43889 -4
8392200 -5.39062 -4
8392300 -5.17441 -4
8392400 -5.53496 -4
8392500 -6.01426 -4
8392600 -6.03328 -4
8392700 -5.74213 -4
8392800 -5.58296 -4
8392900 -5.45951 -4
8393000 -5.46822 -4
8393100 -5.5358 -4
8393200 -5.42721 -4
8393300 -5.42172 -4
8393400 -5.4404 -4
8393500 -5.52424 -4
8393600 -5.48789 -4
8393700 -5.37477 -4
8393800 -5.57604 -4
8393900 -5.77798 -4
8394000 -5.58734 -4
8394100 -5.52713 -4
8394200 -5.44085 -4
8394300 -5.66676 -4
8394400 -5.62779 -4
8394500 -5.38629 -4
8394600 -5.45144 -4
8394700 -5.49556 -4
8394800 -5.27706 -4
8394900 -5.29799 -4
8395000 -5.61962 -4
8395100 -5.50442 -4
8395200 -5.46308 -4
8395300 -5.56543 -4
8395400 -5.54799 -4
8395500 -5.61766 -4
8395600 -5.52416 -4
8395700 -5.29271 -4
8395800 -5.13973 -4
8395900 -5.39283 -4
8396000 -5.68129 -4
8396100 -5.62743 -4
8396200 -5.83432 -4
8396300 -5.64648 -4
8396400 -5.55728 -4
8396500 -5.44416 -4
8396600 -5.64677 -4
8396700 -5.78418 -4
8396800 -5.84732 -4
8396900 -5.93244 -4
8397000 -5.6061 -4
8397100 -5.26265 -4
8397200 -5.4792 -4
8397300 -5.59283 -4
8397400 -5.39653 -4
8397500 -5.44111 -4
8397600 -5.58751 -4
8397700 -5.72634 -4
8397800 -5.72146 -4
8397900 -5.50815 -4
8398000 -5.33164 -4
8398100 -5.28676 -4
8398200 -5.24822 -4
8398300 -5.30767 -4
8398400 -5.7481 -4
8398500 -5.90842 -4
8398600 -5.90692 -4
8398700 -5.66458 -4
8398800 -5.70879 -4
8398900 -5.89964 -4
8399000 -6.15519 -4
8399100 -6.26685 -4
8399200 -5.84676 -4
8399300 -5.35116 -4
8399400 -5.2487 -4
8399500 -5.40611 -4
8399600 -5.50661 -4
8399700 -5.52021 -4
8399800 -5.61521 -4
8399900 -5.65733 -4
8400000 -5.70078 -4
