# Time-averaged data for fix myat1
# TimeStep v_xave v_xdes
4600100 -12.8087 -13
4600200 -12.7051 -13
4600300 -12.6504 -13
4600400 -12.4993 -13
4600500 -12.3873 -13
4600600 -12.6083 -13
4600700 -12.8735 -13
4600800 -12.9275 -13
4600900 -12.9878 -13
4601000 -13.0961 -13
4601100 -13.1182 -13
4601200 -13.0162 -13
4601300 -12.8264 -13
4601400 -12.6408 -13
4601500 -12.5033 -13
4601600 -12.672 -13
4601700 -12.9265 -13
4601800 -12.8226 -13
4601900 -12.8353 -13
4602000 -12.7617 -13
4602100 -12.7422 -13
4602200 -12.7914 -13
4602300 -12.79 -13
4602400 -13.0771 -13
4602500 -13.3378 -13
4602600 -13.2359 -13
4602700 -13.0366 -13
4602800 -13.0141 -13
4602900 -13.3575 -13
4603000 -13.3686 -13
4603100 -13.1807 -13
4603200 -13.0203 -13
4603300 -13.2767 -13
4603400 -13.4948 -13
4603500 -13.2723 -13
4603600 -13.0993 -13
4603700 -13.3846 -13
4603800 -13.3146 -13
4603900 -13.0872 -13
4604000 -13.1762 -13
4604100 -13.1378 -13
4604200 -13.2285 -13
4604300 -13.466 -13
4604400 -13.3133 -13
4604500 -13.3832 -13
4604600 -13.2197 -13
4604700 -13.1121 -13
4604800 -13.3188 -13
4604900 -13.5367 -13
4605000 -13.4958 -13
4605100 -13.142 -13
4605200 -12.9421 -13
4605300 -12.9146 -13
4605400 -12.814 -13
4605500 -12.6933 -13
4605600 -12.5682 -13
4605700 -12.6667 -13
4605800 -12.963 -13
4605900 -13.3105 -13
4606000 -13.7239 -13
4606100 -13.485 -13
4606200 -13.2084 -13
4606300 -13.022 -13
4606400 -12.8674 -13
4606500 -13.0792 -13
4606600 -13.0916 -13
4606700 -13.0013 -13
4606800 -13.0484 -13
4606900 -13.2036 -13
4607000 -13.2108 -13
4607100 -13.025 -13
4607200 -12.9571 -13
4607300 -13.0249 -13
4607400 -13.3778 -13
4607500 -13.9066 -13
4607600 -14.0816 -13
4607700 -13.7311 -13
4607800 -13.4688 -13
4607900 -13.4898 -13
4608000 -13.4379 -13
4608100 -13.4878 -13
4608200 -13.4536 -13
4608300 -13.1938 -13
4608400 -13.1346 -13
4608500 -12.981 -13
4608600 -12.9906 -13
4608700 -13.1956 -13
4608800 -13.2367 -13
4608900 -13.1621 -13
4609000 -13.0942 -13
4609100 -13.2652 -13
4609200 -13.2947 -13
4609300 -13.085 -13
4609400 -12.9701 -13
4609500 -13.2053 -13
4609600 -12.9504 -13
4609700 -12.5714 -13
4609800 -12.1032 -13
4609900 -11.9386 -13
4610000 -12.0164 -13
4610100 -12.2022 -13
4610200 -12.6805 -13
4610300 -12.9915 -13
4610400 -13.0232 -13
4610500 -12.9928 -13
4610600 -12.8979 -13
4610700 -12.9043 -13
4610800 -13.1409 -13
4610900 -13.1569 -13
4611000 -12.7547 -13
4611100 -12.6572 -13
4611200 -12.6571 -13
4611300 -12.7048 -13
4611400 -12.7028 -13
4611500 -12.7832 -13
4611600 -12.4293 -13
4611700 -12.0753 -13
4611800 -11.7056 -13
4611900 -11.8107 -13
4612000 -12.1723 -13
4612100 -12.6544 -13
4612200 -12.9332 -13
4612300 -13.0557 -13
4612400 -13.3698 -13
4612500 -13.4685 -13
4612600 -13.4921 -13
4612700 -13.6248 -13
4612800 -13.7253 -13
4612900 -13.3023 -13
4613000 -13.0373 -13
4613100 -12.9806 -13
4613200 -12.807 -13
4613300 -12.9451 -13
4613400 -13.1031 -13
4613500 -13.1457 -13
4613600 -13.0047 -13
4613700 -12.9243 -13
4613800 -13.123 -13
4613900 -13.0461 -13
4614000 -13.0608 -13
4614100 -13.1798 -13
4614200 -13.0829 -13
4614300 -12.7518 -13
4614400 -12.6346 -13
4614500 -12.7194 -13
4614600 -12.7644 -13
4614700 -12.6091 -13
4614800 -12.5761 -13
4614900 -12.7377 -13
4615000 -12.9824 -13
4615100 -13.3945 -13
4615200 -13.2515 -13
4615300 -13.2342 -13
4615400 -13.1601 -13
4615500 -12.9259 -13
4615600 -12.7539 -13
4615700 -12.7449 -13
4615800 -12.6828 -13
4615900 -12.6748 -13
4616000 -12.7488 -13
4616100 -12.7403 -13
4616200 -12.9967 -13
4616300 -12.985 -13
4616400 -12.8721 -13
4616500 -12.9553 -13
4616600 -13.2699 -13
4616700 -13.1608 -13
4616800 -13.1577 -13
4616900 -13.1525 -13
4617000 -12.8088 -13
4617100 -12.2835 -13
4617200 -11.9683 -13
4617300 -12.0851 -13
4617400 -12.2519 -13
4617500 -12.4075 -13
4617600 -12.6327 -13
4617700 -12.8348 -13
4617800 -12.8071 -13
4617900 -12.5975 -13
4618000 -12.8954 -13
4618100 -13.143 -13
4618200 -13.296 -13
4618300 -13.1234 -13
4618400 -12.9886 -13
4618500 -13.0667 -13
4618600 -12.9443 -13
4618700 -12.9211 -13
4618800 -12.8345 -13
4618900 -12.7635 -13
4619000 -12.5503 -13
4619100 -12.8649 -13
4619200 -13.0333 -13
4619300 -13.032 -13
4619400 -12.9012 -13
4619500 -12.9532 -13
4619600 -13.3157 -13
4619700 -13.4457 -13
4619800 -13.0976 -13
4619900 -12.9588 -13
4620000 -13.3181 -13
4620100 -13.4151 -13
4620200 -13.4944 -13
4620300 -13.5926 -13
4620400 -13.5795 -13
4620500 -13.4943 -13
4620600 -13.3946 -13
4620700 -13.701 -13
4620800 -13.6756 -13
4620900 -13.5598 -13
4621000 -13.5099 -13
4621100 -13.4554 -13
4621200 -13.3459 -13
4621300 -13.1513 -13
4621400 -13.0234 -13
4621500 -13.2768 -13
4621600 -13.1317 -13
4621700 -13.0396 -13
4621800 -13.2796 -13
4621900 -13.3194 -13
4622000 -13.4124 -13
4622100 -13.135 -13
4622200 -13.1098 -13
4622300 -13.2344 -13
4622400 -13.1935 -13
4622500 -13.1909 -13
4622600 -13.0002 -13
4622700 -13.0461 -13
4622800 -13.4671 -13
4622900 -13.555 -13
4623000 -13.43 -13
4623100 -13.638 -13
4623200 -13.4366 -13
4623300 -13.357 -13
4623400 -13.0322 -13
4623500 -12.8735 -13
4623600 -13.0971 -13
4623700 -13.0808 -13
4623800 -12.9737 -13
4623900 -13.0811 -13
4624000 -12.9115 -13
4624100 -13.2237 -13
4624200 -13.3704 -13
4624300 -13.4688 -13
4624400 -13.6081 -13
4624500 -13.4807 -13
4624600 -13.4697 -13
4624700 -13.2366 -13
4624800 -13.2531 -13
4624900 -13.2831 -13
4625000 -13.2204 -13
4625100 -13.2403 -13
4625200 -13.4299 -13
4625300 -13.3592 -13
4625400 -13.1594 -13
4625500 -13.0628 -13
4625600 -13.0987 -13
4625700 -13.0748 -13
4625800 -12.9106 -13
4625900 -12.7871 -13
4626000 -12.8142 -13
4626100 -12.78 -13
4626200 -12.9817 -13
4626300 -13.3003 -13
4626400 -13.3666 -13
4626500 -13.3601 -13
4626600 -13.1742 -13
4626700 -13.2839 -13
4626800 -13.4705 -13
4626900 -13.4302 -13
4627000 -13.5866 -13
4627100 -13.4608 -13
4627200 -13.3094 -13
4627300 -13.3926 -13
4627400 -13.3007 -13
4627500 -13.1788 -13
4627600 -12.9865 -13
4627700 -12.7638 -13
4627800 -12.4964 -13
4627900 -12.8078 -13
4628000 -12.9209 -13
4628100 -12.7622 -13
4628200 -12.8873 -13
4628300 -13.0158 -13
4628400 -13.2069 -13
4628500 -13.2502 -13
4628600 -13.1221 -13
4628700 -12.7614 -13
4628800 -12.5896 -13
4628900 -12.6911 -13
4629000 -13.0645 -13
4629100 -13.4216 -13
4629200 -13.596 -13
4629300 -13.2457 -13
4629400 -12.956 -13
4629500 -12.686 -13
4629600 -12.767 -13
4629700 -12.8021 -13
4629800 -12.8905 -13
4629900 -13.0826 -13
4630000 -13.0617 -13
4630100 -13.2538 -13
4630200 -13.1033 -13
4630300 -12.7185 -13
4630400 -12.2243 -13
4630500 -12.0882 -13
4630600 -12.7592 -13
4630700 -13.1755 -13
4630800 -13.1326 -13
4630900 -12.6425 -13
4631000 -12.7536 -13
4631100 -13.1283 -13
4631200 -13.1924 -13
4631300 -13.3941 -13
4631400 -13.0195 -13
4631500 -13.2198 -13
4631600 -13.1999 -13
4631700 -13.2918 -13
4631800 -12.9675 -13
4631900 -12.4726 -13
4632000 -12.2277 -13
4632100 -12.6172 -13
4632200 -12.8938 -13
4632300 -12.8039 -13
4632400 -12.9434 -13
4632500 -12.963 -13
4632600 -13.1574 -13
4632700 -13.1983 -13
4632800 -13.156 -13
4632900 -13.1786 -13
4633000 -13.1068 -13
4633100 -13.104 -13
4633200 -12.8834 -13
4633300 -13.1389 -13
4633400 -13.4114 -13
4633500 -13.123 -13
4633600 -13.0685 -13
4633700 -12.8912 -13
4633800 -12.692 -13
4633900 -12.8648 -13
4634000 -12.4308 -13
4634100 -12.3947 -13
4634200 -12.6498 -13
4634300 -12.6168 -13
4634400 -12.528 -13
4634500 -12.67 -13
4634600 -12.8046 -13
4634700 -12.8903 -13
4634800 -12.935 -13
4634900 -12.8812 -13
4635000 -13.2507 -13
4635100 -13.5427 -13
4635200 -13.6659 -13
4635300 -13.7412 -13
4635400 -13.8834 -13
4635500 -13.7445 -13
4635600 -13.4885 -13
4635700 -13.3964 -13
4635800 -13.2277 -13
4635900 -13.4287 -13
4636000 -13.5501 -13
4636100 -13.5949 -13
4636200 -13.6244 -13
4636300 -13.3873 -13
4636400 -13.2738 -13
4636500 -13.2989 -13
4636600 -13.3224 -13
4636700 -13.195 -13
4636800 -12.7547 -13
4636900 -12.6331 -13
4637000 -12.8456 -13
4637100 -13.0948 -13
4637200 -12.8662 -13
4637300 -12.5537 -13
4637400 -12.5255 -13
4637500 -12.4107 -13
4637600 -12.2683 -13
4637700 -12.0904 -13
4637800 -12.5025 -13
4637900 -12.748 -13
4638000 -12.7601 -13
4638100 -12.6123 -13
4638200 -12.7071 -13
4638300 -13.1218 -13
4638400 -13.0638 -13
4638500 -13.1029 -13
4638600 -13.3958 -13
4638700 -13.5716 -13
4638800 -13.3955 -13
4638900 -13.2308 -13
4639000 -13.1506 -13
4639100 -13.0411 -13
4639200 -12.8718 -13
4639300 -12.8126 -13
4639400 -12.7294 -13
4639500 -12.5456 -13
4639600 -12.5154 -13
4639700 -12.6275 -13
4639800 -12.4968 -13
4639900 -12.6486 -13
4640000 -12.8955 -13
4640100 -12.907 -13
4640200 -12.9913 -13
4640300 -12.877 -13
4640400 -12.7347 -13
4640500 -12.7955 -13
4640600 -12.6041 -13
4640700 -12.2812 -13
4640800 -12.4061 -13
4640900 -12.378 -13
4641000 -12.4479 -13
4641100 -12.5564 -13
4641200 -12.7277 -13
4641300 -12.9079 -13
4641400 -12.9733 -13
4641500 -12.963 -13
4641600 -12.9474 -13
4641700 -13.0222 -13
4641800 -13.1452 -13
4641900 -12.8113 -13
4642000 -12.5889 -13
4642100 -12.628 -13
4642200 -12.8515 -13
4642300 -12.8571 -13
4642400 -12.9468 -13
4642500 -12.8358 -13
4642600 -12.893 -13
4642700 -13.0638 -13
4642800 -13.121 -13
4642900 -12.904 -13
4643000 -12.9617 -13
4643100 -12.9973 -13
4643200 -12.9962 -13
4643300 -13.1074 -13
4643400 -13.0854 -13
4643500 -13.299 -13
4643600 -13.3498 -13
4643700 -13.271 -13
4643800 -13.1895 -13
4643900 -13.282 -13
4644000 -13.1147 -13
4644100 -12.9729 -13
4644200 -13.114 -13
4644300 -13.1673 -13
4644400 -13.2846 -13
4644500 -13.3674 -13
4644600 -13.0264 -13
4644700 -12.727 -13
4644800 -12.8816 -13
4644900 -13.0581 -13
4645000 -13.1929 -13
4645100 -13.1993 -13
4645200 -12.9602 -13
4645300 -12.8565 -13
4645400 -12.6935 -13
4645500 -12.7228 -13
4645600 -12.7195 -13
4645700 -12.8625 -13
4645800 -12.8562 -13
4645900 -12.3653 -13
4646000 -12.2925 -13
4646100 -12.4824 -13
4646200 -12.3504 -13
4646300 -12.3389 -13
4646400 -12.3477 -13
4646500 -12.3657 -13
4646600 -12.2328 -13
4646700 -12.4846 -13
4646800 -13.0333 -13
4646900 -13.1746 -13
4647000 -13.0252 -13
4647100 -13.0754 -13
4647200 -12.8438 -13
4647300 -12.6775 -13
4647400 -12.8044 -13
4647500 -13.1871 -13
4647600 -13.6082 -13
4647700 -13.4472 -13
4647800 -13.3789 -13
4647900 -13.352 -13
4648000 -13.3527 -13
4648100 -13.6532 -13
4648200 -13.6211 -13
4648300 -13.1104 -13
4648400 -12.9798 -13
4648500 -13.2853 -13
4648600 -13.5262 -13
4648700 -13.5767 -13
4648800 -13.4406 -13
4648900 -13.5788 -13
4649000 -13.4921 -13
4649100 -13.177 -13
4649200 -12.7974 -13
4649300 -12.7373 -13
4649400 -12.541 -13
4649500 -12.8181 -13
4649600 -13.2446 -13
4649700 -13.0783 -13
4649800 -12.694 -13
4649900 -12.4879 -13
4650000 -12.8274 -13
4650100 -13.0908 -13
4650200 -13.1833 -13
4650300 -13.1555 -13
4650400 -12.9661 -13
4650500 -12.5756 -13
4650600 -12.2758 -13
4650700 -12.1842 -13
4650800 -12.1584 -13
4650900 -12.1199 -13
4651000 -12.1855 -13
4651100 -12.4747 -13
4651200 -12.6585 -13
4651300 -12.4793 -13
4651400 -12.5943 -13
4651500 -12.9588 -13
4651600 -13.1854 -13
4651700 -13.2891 -13
4651800 -13.224 -13
4651900 -13.2049 -13
4652000 -12.7324 -13
4652100 -12.528 -13
4652200 -12.6148 -13
4652300 -12.5352 -13
4652400 -12.8645 -13
4652500 -12.9019 -13
4652600 -12.7727 -13
4652700 -12.8823 -13
4652800 -12.8001 -13
4652900 -12.7138 -13
4653000 -12.8331 -13
4653100 -12.9904 -13
4653200 -12.8943 -13
4653300 -12.9754 -13
4653400 -13.2746 -13
4653500 -12.9895 -13
4653600 -13.0019 -13
4653700 -13.1909 -13
4653800 -13.3817 -13
4653900 -13.226 -13
4654000 -12.8949 -13
4654100 -12.4605 -13
4654200 -12.5273 -13
4654300 -12.6141 -13
4654400 -12.7677 -13
4654500 -12.8906 -13
4654600 -12.9418 -13
4654700 -12.7054 -13
4654800 -12.954 -13
4654900 -13.1205 -13
4655000 -13.1239 -13
4655100 -13.4435 -13
4655200 -13.2785 -13
4655300 -13.1662 -13
4655400 -13.1359 -13
4655500 -12.9661 -13
4655600 -12.7995 -13
4655700 -12.7295 -13
4655800 -12.7022 -13
4655900 -12.8729 -13
4656000 -13.3203 -13
4656100 -13.1463 -13
4656200 -13.1719 -13
4656300 -13.3323 -13
4656400 -13.3272 -13
4656500 -13.1795 -13
4656600 -13.129 -13
4656700 -12.8102 -13
4656800 -12.8253 -13
4656900 -12.944 -13
4657000 -12.9212 -13
4657100 -12.8534 -13
4657200 -13.1187 -13
4657300 -13.5014 -13
4657400 -13.4235 -13
4657500 -13.4622 -13
4657600 -13.4778 -13
4657700 -13.3165 -13
4657800 -13.0928 -13
4657900 -13.1051 -13
4658000 -13.306 -13
4658100 -13.5703 -13
4658200 -13.7137 -13
4658300 -13.7537 -13
4658400 -13.7122 -13
4658500 -13.4318 -13
4658600 -12.9531 -13
4658700 -12.7194 -13
4658800 -12.6889 -13
4658900 -13.0402 -13
4659000 -13.389 -13
4659100 -13.5413 -13
4659200 -13.4281 -13
4659300 -13.7044 -13
4659400 -13.7961 -13
4659500 -13.6513 -13
4659600 -13.5105 -13
4659700 -13.2268 -13
4659800 -13.1634 -13
4659900 -12.8987 -13
4660000 -13.0718 -13
4660100 -13.2391 -13
4660200 -13.4012 -13
4660300 -13.4275 -13
4660400 -13.4185 -13
4660500 -13.5265 -13
4660600 -13.6711 -13
4660700 -13.2778 -13
4660800 -12.975 -13
4660900 -12.806 -13
4661000 -12.6935 -13
4661100 -12.7435 -13
4661200 -13.1307 -13
4661300 -13.2666 -13
4661400 -13.2026 -13
4661500 -13.1475 -13
4661600 -13.0676 -13
4661700 -12.9017 -13
4661800 -12.8032 -13
4661900 -12.716 -13
4662000 -12.4688 -13
4662100 -12.2129 -13
4662200 -12.3266 -13
4662300 -12.3466 -13
4662400 -12.5654 -13
4662500 -12.8528 -13
4662600 -12.921 -13
4662700 -12.8324 -13
4662800 -12.7082 -13
4662900 -12.7798 -13
4663000 -12.465 -13
4663100 -12.5376 -13
4663200 -13.072 -13
4663300 -13.3445 -13
4663400 -13.4308 -13
4663500 -13.2307 -13
4663600 -13.2553 -13
4663700 -13.1274 -13
4663800 -13.4083 -13
4663900 -13.6533 -13
4664000 -13.5267 -13
4664100 -13.128 -13
4664200 -12.9256 -13
4664300 -13.1509 -13
4664400 -13.0715 -13
4664500 -13.0882 -13
4664600 -12.9575 -13
4664700 -12.914 -13
4664800 -12.9431 -13
4664900 -12.8716 -13
4665000 -12.892 -13
4665100 -13.1657 -13
4665200 -13.5219 -13
4665300 -13.6963 -13
4665400 -13.8012 -13
4665500 -13.5831 -13
4665600 -13.4473 -13
4665700 -13.5529 -13
4665800 -13.4839 -13
4665900 -13.1706 -13
4666000 -13.2039 -13
4666100 -13.3254 -13
4666200 -12.8806 -13
4666300 -12.7832 -13
4666400 -12.5605 -13
4666500 -12.4791 -13
4666600 -12.4392 -13
4666700 -12.6212 -13
4666800 -12.7924 -13
4666900 -12.6269 -13
4667000 -12.5296 -13
4667100 -12.7488 -13
4667200 -12.8901 -13
4667300 -12.7034 -13
4667400 -12.3257 -13
4667500 -12.3487 -13
4667600 -12.8442 -13
4667700 -13.1098 -13
4667800 -13.3804 -13
4667900 -13.3164 -13
4668000 -13.0929 -13
4668100 -12.9471 -13
4668200 -12.9806 -13
4668300 -12.9941 -13
4668400 -13.1727 -13
4668500 -12.9242 -13
4668600 -12.7092 -13
4668700 -12.7596 -13
4668800 -13.2786 -13
4668900 -13.5857 -13
4669000 -13.628 -13
4669100 -13.6008 -13
4669200 -13.7092 -13
4669300 -13.5841 -13
4669400 -13.26 -13
4669500 -13.231 -13
4669600 -13.2223 -13
4669700 -13.0898 -13
4669800 -13.1726 -13
4669900 -13.2816 -13
4670000 -13.5242 -13
4670100 -13.4192 -13
4670200 -13.3599 -13
4670300 -13.4528 -13
4670400 -13.2328 -13
4670500 -13.1641 -13
4670600 -13.0945 -13
4670700 -13.0227 -13
4670800 -12.8005 -13
4670900 -12.8815 -13
4671000 -12.8343 -13
4671100 -12.8565 -13
4671200 -12.9665 -13
4671300 -13.1297 -13
4671400 -13.3246 -13
4671500 -13.3365 -13
4671600 -13.2225 -13
4671700 -13.1685 -13
4671800 -13.4391 -13
4671900 -13.6781 -13
4672000 -13.8002 -13
4672100 -13.5292 -13
4672200 -13.5055 -13
4672300 -13.51 -13
4672400 -13.3805 -13
4672500 -13.1921 -13
4672600 -13.1481 -13
4672700 -13.3289 -13
4672800 -13.1805 -13
4672900 -13.2298 -13
4673000 -13.2335 -13
4673100 -13.2724 -13
4673200 -13.1271 -13
4673300 -12.8055 -13
4673400 -12.9068 -13
4673500 -12.739 -13
4673600 -12.8973 -13
4673700 -12.9567 -13
4673800 -13.2483 -13
4673900 -13.438 -13
4674000 -13.5616 -13
4674100 -13.4254 -13
4674200 -13.6306 -13
4674300 -13.5289 -13
4674400 -13.4336 -13
4674500 -13.1653 -13
4674600 -13.0283 -13
4674700 -12.9557 -13
4674800 -12.6769 -13
4674900 -12.7951 -13
4675000 -12.8595 -13
4675100 -12.9708 -13
4675200 -13.2426 -13
4675300 -13.5476 -13
4675400 -13.6099 -13
4675500 -13.4598 -13
4675600 -13.2719 -13
4675700 -13.2475 -13
4675800 -13.1215 -13
4675900 -13.1668 -13
4676000 -13.0803 -13
4676100 -12.835 -13
4676200 -12.8132 -13
4676300 -12.901 -13
4676400 -13.1575 -13
4676500 -13.1097 -13
4676600 -13.4059 -13
4676700 -13.3862 -13
4676800 -13.4532 -13
4676900 -13.4292 -13
4677000 -13.4487 -13
4677100 -13.5487 -13
4677200 -13.3641 -13
4677300 -13.1561 -13
4677400 -13.4918 -13
4677500 -13.515 -13
4677600 -13.5103 -13
4677700 -13.094 -13
4677800 -12.818 -13
4677900 -12.6147 -13
4678000 -12.5993 -13
4678100 -13.0271 -13
4678200 -13.4241 -13
4678300 -13.2539 -13
4678400 -12.7771 -13
4678500 -12.4665 -13
4678600 -12.2676 -13
4678700 -12.4158 -13
4678800 -12.5093 -13
4678900 -12.6273 -13
4679000 -12.7837 -13
4679100 -12.8988 -13
4679200 -12.7948 -13
4679300 -12.7437 -13
4679400 -13.1307 -13
4679500 -13.5229 -13
4679600 -13.6113 -13
4679700 -13.7328 -13
4679800 -13.5161 -13
4679900 -13.4983 -13
4680000 -13.3548 -13
4680100 -13.0716 -13
4680200 -13.0481 -13
4680300 -13.1802 -13
4680400 -13.1531 -13
4680500 -12.7781 -13
4680600 -12.914 -13
4680700 -12.8717 -13
4680800 -12.6984 -13
4680900 -12.5739 -13
4681000 -12.2899 -13
4681100 -11.9839 -13
4681200 -12.0328 -13
4681300 -12.4193 -13
4681400 -12.3545 -13
4681500 -12.607 -13
4681600 -12.8238 -13
4681700 -12.6943 -13
4681800 -12.3405 -13
4681900 -12.0722 -13
4682000 -12.2503 -13
4682100 -12.3297 -13
4682200 -12.6989 -13
4682300 -12.8027 -13
4682400 -12.6168 -13
4682500 -12.5189 -13
4682600 -12.5599 -13
4682700 -12.7115 -13
4682800 -13.1339 -13
4682900 -13.2811 -13
4683000 -13.6683 -13
4683100 -13.5498 -13
4683200 -13.5993 -13
4683300 -13.4386 -13
4683400 -13.0637 -13
4683500 -12.8317 -13
4683600 -13.0836 -13
4683700 -13.2744 -13
4683800 -13.0581 -13
4683900 -13.0496 -13
4684000 -13.104 -13
4684100 -13.1199 -13
4684200 -13.0654 -13
4684300 -13.1061 -13
4684400 -13.3773 -13
4684500 -13.3387 -13
4684600 -13.2638 -13
4684700 -12.8331 -13
4684800 -12.5575 -13
4684900 -12.8364 -13
4685000 -13.1085 -13
4685100 -13.1731 -13
4685200 -13.3102 -13
4685300 -13.1126 -13
4685400 -12.9643 -13
4685500 -13.0581 -13
4685600 -13.0587 -13
4685700 -13.2959 -13
4685800 -13.4516 -13
4685900 -13.2785 -13
4686000 -13.0177 -13
4686100 -12.614 -13
4686200 -12.3956 -13
4686300 -12.1337 -13
4686400 -12.136 -13
4686500 -12.3369 -13
4686600 -12.6727 -13
4686700 -12.7694 -13
4686800 -12.9057 -13
4686900 -12.9466 -13
4687000 -13.0082 -13
4687100 -12.9538 -13
4687200 -12.9246 -13
4687300 -12.8947 -13
4687400 -12.8737 -13
4687500 -12.9232 -13
4687600 -13.016 -13
4687700 -13.254 -13
4687800 -13.2681 -13
4687900 -12.8859 -13
4688000 -12.8021 -13
4688100 -12.808 -13
4688200 -13.0595 -13
4688300 -12.9593 -13
4688400 -12.9706 -13
4688500 -13.1388 -13
4688600 -12.7813 -13
4688700 -12.4275 -13
4688800 -12.7228 -13
4688900 -12.3727 -13
4689000 -12.2283 -13
4689100 -12.1921 -13
4689200 -12.5496 -13
4689300 -12.8888 -13
4689400 -13.1691 -13
4689500 -13.3106 -13
4689600 -12.9064 -13
4689700 -12.7706 -13
4689800 -12.4771 -13
4689900 -12.3722 -13
4690000 -12.7038 -13
4690100 -12.7448 -13
4690200 -12.5368 -13
4690300 -12.2132 -13
4690400 -11.9096 -13
4690500 -11.9711 -13
4690600 -12.1184 -13
4690700 -12.4417 -13
4690800 -12.5322 -13
4690900 -12.5669 -13
4691000 -12.5699 -13
4691100 -12.4999 -13
4691200 -12.3712 -13
4691300 -12.6377 -13
4691400 -13.2248 -13
4691500 -13.5192 -13
4691600 -13.4205 -13
4691700 -13.1935 -13
4691800 -12.9894 -13
4691900 -12.6941 -13
4692000 -12.9919 -13
4692100 -13.3007 -13
4692200 -13.5183 -13
4692300 -13.1427 -13
4692400 -12.732 -13
4692500 -12.6191 -13
4692600 -12.6589 -13
4692700 -12.9805 -13
4692800 -13.0433 -13
4692900 -13.1801 -13
4693000 -13.1298 -13
4693100 -12.9665 -13
4693200 -12.8953 -13
4693300 -13.0958 -13
4693400 -13.3276 -13
4693500 -13.2444 -13
4693600 -12.9822 -13
4693700 -12.9598 -13
4693800 -13.1625 -13
4693900 -13.2431 -13
4694000 -13.2324 -13
4694100 -12.9902 -13
4694200 -13.176 -13
4694300 -13.1462 -13
4694400 -12.9246 -13
4694500 -12.6704 -13
4694600 -12.7745 -13
4694700 -12.6554 -13
4694800 -12.512 -13
4694900 -12.67 -13
4695000 -12.7272 -13
4695100 -12.6711 -13
4695200 -12.9621 -13
4695300 -12.9932 -13
4695400 -12.9034 -13
4695500 -12.9751 -13
4695600 -12.9193 -13
4695700 -12.9607 -13
4695800 -13.0806 -13
4695900 -13.0477 -13
4696000 -13.0017 -13
4696100 -13.0397 -13
4696200 -13.1758 -13
4696300 -13.5177 -13
4696400 -13.5441 -13
4696500 -13.348 -13
4696600 -13.2216 -13
4696700 -12.9774 -13
4696800 -12.7814 -13
4696900 -12.7326 -13
4697000 -12.7397 -13
4697100 -12.8867 -13
4697200 -12.6976 -13
4697300 -12.6785 -13
4697400 -12.7608 -13
4697500 -13.0124 -13
4697600 -13.1351 -13
4697700 -12.9916 -13
4697800 -13.0127 -13
4697900 -13.0061 -13
4698000 -12.9676 -13
4698100 -13.1007 -13
4698200 -13.1567 -13
4698300 -13.2272 -13
4698400 -13.478 -13
4698500 -13.5087 -13
4698600 -13.4714 -13
4698700 -13.2044 -13
4698800 -12.7818 -13
4698900 -12.7856 -13
4699000 -13.2151 -13
4699100 -13.5241 -13
4699200 -13.6254 -13
4699300 -13.7773 -13
4699400 -13.6039 -13
4699500 -13.3574 -13
4699600 -13.2637 -13
4699700 -13.0797 -13
4699800 -12.9956 -13
4699900 -13.0639 -13
4700000 -12.8579 -13
4700100 -12.6096 -13
4700200 -12.6542 -13
4700300 -12.5709 -13
4700400 -12.5881 -13
4700500 -12.6427 -13
4700600 -12.9603 -13
4700700 -12.8739 -13
4700800 -12.4804 -13
4700900 -12.4801 -13
4701000 -12.5665 -13
4701100 -12.8524 -13
4701200 -12.5376 -13
4701300 -12.4711 -13
4701400 -12.7897 -13
4701500 -13.0469 -13
4701600 -13.1123 -13
4701700 -13.2751 -13
4701800 -13.191 -13
4701900 -12.7597 -13
4702000 -12.375 -13
4702100 -12.2206 -13
4702200 -12.5927 -13
4702300 -13.003 -13
4702400 -12.9778 -13
4702500 -13.1993 -13
4702600 -13.628 -13
4702700 -13.7092 -13
4702800 -13.6404 -13
4702900 -13.4552 -13
4703000 -13.3503 -13
4703100 -13.3497 -13
4703200 -13.2205 -13
4703300 -13.2058 -13
4703400 -13.2869 -13
4703500 -13.4108 -13
4703600 -13.4622 -13
4703700 -13.4249 -13
4703800 -13.3858 -13
4703900 -13.6944 -13
4704000 -13.6428 -13
4704100 -13.3677 -13
4704200 -13.1333 -13
4704300 -12.6294 -13
4704400 -12.5241 -13
4704500 -12.6681 -13
4704600 -12.7535 -13
4704700 -12.6421 -13
4704800 -12.5198 -13
4704900 -12.5192 -13
4705000 -12.6486 -13
4705100 -12.543 -13
4705200 -12.7484 -13
4705300 -12.9176 -13
4705400 -12.9411 -13
4705500 -12.7448 -13
4705600 -12.635 -13
4705700 -12.7875 -13
4705800 -12.7376 -13
4705900 -12.6236 -13
4706000 -12.8769 -13
4706100 -13.0213 -13
4706200 -12.9279 -13
4706300 -13.031 -13
4706400 -12.9585 -13
4706500 -12.6973 -13
4706600 -12.5041 -13
4706700 -12.4423 -13
4706800 -12.4992 -13
4706900 -12.696 -13
4707000 -12.4764 -13
4707100 -12.0512 -13
4707200 -11.8862 -13
4707300 -12.0813 -13
4707400 -12.1678 -13
4707500 -12.2946 -13
4707600 -12.3706 -13
4707700 -12.5446 -13
4707800 -12.7716 -13
4707900 -13.0288 -13
4708000 -13.2193 -13
4708100 -13.1086 -13
4708200 -13.0439 -13
4708300 -12.8851 -13
4708400 -12.6345 -13
4708500 -12.545 -13
4708600 -12.544 -13
4708700 -12.3818 -13
4708800 -12.3878 -13
4708900 -12.4901 -13
4709000 -12.8066 -13
4709100 -13.1485 -13
4709200 -13.176 -13
4709300 -13.0647 -13
4709400 -12.7783 -13
4709500 -12.9246 -13
4709600 -12.7939 -13
4709700 -12.8301 -13
4709800 -12.8517 -13
4709900 -12.7941 -13
4710000 -12.6335 -13
4710100 -12.3978 -13
4710200 -12.4546 -13
4710300 -12.5171 -13
4710400 -12.7675 -13
4710500 -12.9403 -13
4710600 -12.8248 -13
4710700 -12.8045 -13
4710800 -12.686 -13
4710900 -12.7067 -13
4711000 -12.6276 -13
4711100 -12.526 -13
4711200 -12.9449 -13
4711300 -13.1458 -13
4711400 -13.0088 -13
4711500 -12.9445 -13
4711600 -12.981 -13
4711700 -13.0236 -13
4711800 -13.1263 -13
4711900 -13.2203 -13
4712000 -13.1298 -13
4712100 -12.9221 -13
4712200 -12.9879 -13
4712300 -13.4762 -13
4712400 -13.6048 -13
4712500 -13.2225 -13
4712600 -12.9602 -13
4712700 -12.9398 -13
4712800 -13.1771 -13
4712900 -13.2524 -13
4713000 -13.2778 -13
4713100 -13.0705 -13
4713200 -13.0678 -13
4713300 -13.1552 -13
4713400 -13.1752 -13
4713500 -13.2356 -13
4713600 -13.0663 -13
4713700 -12.5636 -13
4713800 -12.6373 -13
4713900 -12.7704 -13
4714000 -12.6847 -13
4714100 -12.5966 -13
4714200 -12.3496 -13
4714300 -12.1915 -13
4714400 -12.3556 -13
4714500 -12.498 -13
4714600 -12.667 -13
4714700 -12.9207 -13
4714800 -12.9694 -13
4714900 -12.7759 -13
4715000 -12.5481 -13
4715100 -12.4942 -13
4715200 -12.7497 -13
4715300 -12.7615 -13
4715400 -12.6983 -13
4715500 -12.7855 -13
4715600 -12.88 -13
4715700 -12.9437 -13
4715800 -12.9754 -13
4715900 -12.9154 -13
4716000 -12.9672 -13
4716100 -12.9318 -13
4716200 -12.9379 -13
4716300 -13.1292 -13
4716400 -13.2117 -13
4716500 -13.2063 -13
4716600 -12.9779 -13
4716700 -12.8008 -13
4716800 -12.4813 -13
4716900 -12.2982 -13
4717000 -12.1257 -13
4717100 -12.1255 -13
4717200 -11.9129 -13
4717300 -12.0705 -13
4717400 -12.577 -13
4717500 -12.7091 -13
4717600 -12.7773 -13
4717700 -12.6679 -13
4717800 -12.7724 -13
4717900 -12.8714 -13
4718000 -12.9536 -13
4718100 -13.2078 -13
4718200 -13.1854 -13
4718300 -13.0573 -13
4718400 -12.9563 -13
4718500 -13.1075 -13
4718600 -13.0892 -13
4718700 -13.071 -13
4718800 -13.017 -13
4718900 -12.9309 -13
4719000 -13.0318 -13
4719100 -12.988 -13
4719200 -12.9849 -13
4719300 -13.0175 -13
4719400 -12.8916 -13
4719500 -12.962 -13
4719600 -12.9281 -13
4719700 -13.1275 -13
4719800 -13.1929 -13
4719900 -13.0812 -13
4720000 -12.9651 -13
4720100 -13.1695 -13
4720200 -13.33 -13
4720300 -13.5568 -13
4720400 -13.6939 -13
4720500 -13.5295 -13
4720600 -13.3722 -13
4720700 -13.1234 -13
4720800 -12.9116 -13
4720900 -12.981 -13
4721000 -12.9659 -13
4721100 -13.1723 -13
4721200 -13.1751 -13
4721300 -12.7314 -13
4721400 -12.7075 -13
4721500 -12.5536 -13
4721600 -12.5752 -13
4721700 -12.5241 -13
4721800 -12.8687 -13
4721900 -13.0056 -13
4722000 -12.666 -13
4722100 -12.7325 -13
4722200 -12.6957 -13
4722300 -12.7315 -13
4722400 -12.629 -13
4722500 -12.6325 -13
4722600 -12.8602 -13
4722700 -13.2498 -13
4722800 -13.5082 -13
4722900 -13.3964 -13
4723000 -13.056 -13
4723100 -12.8537 -13
4723200 -12.6567 -13
4723300 -12.6704 -13
4723400 -12.4909 -13
4723500 -12.991 -13
4723600 -13.2486 -13
4723700 -13.3433 -13
4723800 -13.1877 -13
4723900 -13.1753 -13
4724000 -13.4073 -13
4724100 -13.3531 -13
4724200 -13.1965 -13
4724300 -13.2087 -13
4724400 -13.2209 -13
4724500 -13.2443 -13
4724600 -13.1799 -13
4724700 -13.3413 -13
4724800 -13.5101 -13
4724900 -13.8632 -13
4725000 -13.9468 -13
4725100 -13.4664 -13
4725200 -13.0287 -13
4725300 -12.7381 -13
4725400 -12.4455 -13
4725500 -12.4428 -13
4725600 -12.5807 -13
4725700 -12.8185 -13
4725800 -13.2304 -13
4725900 -13.2664 -13
4726000 -13.2306 -13
4726100 -13.1678 -13
4726200 -13.3959 -13
4726300 -13.3223 -13
4726400 -13.4041 -13
4726500 -13.7287 -13
4726600 -13.4566 -13
4726700 -12.9812 -13
4726800 -12.581 -13
4726900 -12.4892 -13
4727000 -12.6752 -13
4727100 -12.9827 -13
4727200 -12.8801 -13
4727300 -12.9812 -13
4727400 -13.2356 -13
4727500 -13.5576 -13
4727600 -13.6051 -13
4727700 -13.5146 -13
4727800 -13.2766 -13
4727900 -13.2939 -13
4728000 -13.4538 -13
4728100 -13.5173 -13
4728200 -13.5462 -13
4728300 -13.6811 -13
4728400 -13.7647 -13
4728500 -13.6428 -13
4728600 -12.9856 -13
4728700 -12.7871 -13
4728800 -13.0623 -13
4728900 -12.9119 -13
4729000 -13.0734 -13
4729100 -13.2127 -13
4729200 -13.1781 -13
4729300 -13.0227 -13
4729400 -13.2559 -13
4729500 -13.5209 -13
4729600 -13.5499 -13
4729700 -13.7187 -13
4729800 -13.9706 -13
4729900 -13.8371 -13
4730000 -13.7845 -13
4730100 -13.7394 -13
4730200 -13.4842 -13
4730300 -13.5698 -13
4730400 -13.4795 -13
4730500 -13.3307 -13
4730600 -13.3495 -13
4730700 -13.6076 -13
4730800 -13.7483 -13
4730900 -13.5051 -13
4731000 -13.1913 -13
4731100 -13.073 -13
4731200 -12.7236 -13
4731300 -12.6739 -13
4731400 -12.9792 -13
4731500 -13.2149 -13
4731600 -13.2537 -13
4731700 -13.735 -13
4731800 -14.0374 -13
4731900 -14.2218 -13
4732000 -14.1555 -13
4732100 -13.6947 -13
4732200 -13.2182 -13
4732300 -13.2841 -13
4732400 -13.3297 -13
4732500 -13.3463 -13
4732600 -13.3273 -13
4732700 -13.5524 -13
4732800 -13.4805 -13
4732900 -13.2747 -13
4733000 -13.0939 -13
4733100 -13.0024 -13
4733200 -12.942 -13
4733300 -12.827 -13
4733400 -12.68 -13
4733500 -12.5804 -13
4733600 -12.5956 -13
4733700 -12.8042 -13
4733800 -12.8106 -13
4733900 -12.9335 -13
4734000 -13.1081 -13
4734100 -13.5035 -13
4734200 -13.5609 -13
4734300 -13.4611 -13
4734400 -13.2205 -13
4734500 -12.994 -13
4734600 -13.0073 -13
4734700 -12.7917 -13
4734800 -12.7922 -13
4734900 -12.778 -13
4735000 -12.8125 -13
4735100 -13.0579 -13
4735200 -13.1933 -13
4735300 -13.5292 -13
4735400 -13.3866 -13
4735500 -13.4054 -13
4735600 -13.5393 -13
4735700 -13.2948 -13
4735800 -13.0985 -13
4735900 -13.2154 -13
4736000 -13.3149 -13
4736100 -13.2661 -13
4736200 -13.3231 -13
4736300 -13.3204 -13
4736400 -13.0587 -13
4736500 -12.8375 -13
4736600 -12.6479 -13
4736700 -12.6838 -13
4736800 -12.6634 -13
4736900 -12.763 -13
4737000 -13.1066 -13
4737100 -13.2071 -13
4737200 -13.365 -13
4737300 -13.5171 -13
4737400 -13.2808 -13
4737500 -13.1931 -13
4737600 -13.277 -13
4737700 -13.0845 -13
4737800 -13.3624 -13
4737900 -13.5316 -13
4738000 -13.4049 -13
4738100 -13.4068 -13
4738200 -13.333 -13
4738300 -13.6192 -13
4738400 -13.6709 -13
4738500 -13.3597 -13
4738600 -13.1154 -13
4738700 -13.1825 -13
4738800 -13.1012 -13
4738900 -13.1391 -13
4739000 -12.9655 -13
4739100 -12.5724 -13
4739200 -12.6673 -13
4739300 -13.0493 -13
4739400 -13.3135 -13
4739500 -12.9946 -13
4739600 -12.7184 -13
4739700 -12.8841 -13
4739800 -13.0489 -13
4739900 -12.944 -13
4740000 -12.6585 -13
4740100 -12.8425 -13
4740200 -13.1641 -13
4740300 -13.2845 -13
4740400 -13.4704 -13
4740500 -13.4669 -13
4740600 -13.5911 -13
4740700 -13.4242 -13
4740800 -13.1701 -13
4740900 -13.1571 -13
4741000 -13.0919 -13
4741100 -12.9419 -13
4741200 -12.6899 -13
4741300 -12.5786 -13
4741400 -12.529 -13
4741500 -12.7059 -13
4741600 -12.9739 -13
4741700 -13.0648 -13
4741800 -12.72 -13
4741900 -12.7014 -13
4742000 -12.7222 -13
4742100 -12.6531 -13
4742200 -12.5148 -13
4742300 -12.4491 -13
4742400 -12.5704 -13
4742500 -12.384 -13
4742600 -12.0817 -13
4742700 -11.9861 -13
4742800 -12.095 -13
4742900 -12.5657 -13
4743000 -12.8179 -13
4743100 -13.0426 -13
4743200 -13.0851 -13
4743300 -13.1711 -13
4743400 -12.98 -13
4743500 -13.1243 -13
4743600 -12.9733 -13
4743700 -12.8647 -13
4743800 -12.5642 -13
4743900 -12.4111 -13
4744000 -12.5474 -13
4744100 -12.8644 -13
4744200 -13.001 -13
4744300 -12.9813 -13
4744400 -13.0258 -13
4744500 -12.6409 -13
4744600 -12.6738 -13
4744700 -12.6725 -13
4744800 -12.5733 -13
4744900 -12.9507 -13
4745000 -13.4685 -13
4745100 -13.3583 -13
4745200 -13.1901 -13
4745300 -12.9495 -13
4745400 -12.5577 -13
4745500 -12.5742 -13
4745600 -12.6671 -13
4745700 -12.7329 -13
4745800 -13.0311 -13
4745900 -13.292 -13
4746000 -13.1967 -13
4746100 -13.2196 -13
4746200 -13.307 -13
4746300 -13.3625 -13
4746400 -13.8323 -13
4746500 -14.0063 -13
4746600 -13.7722 -13
4746700 -13.4477 -13
4746800 -13.3321 -13
4746900 -13.3216 -13
4747000 -13.0667 -13
4747100 -12.8347 -13
4747200 -12.7596 -13
4747300 -12.9308 -13
4747400 -13.1834 -13
4747500 -12.6308 -13
4747600 -12.6353 -13
4747700 -12.8114 -13
4747800 -13.3412 -13
4747900 -13.5634 -13
4748000 -13.7109 -13
4748100 -13.3604 -13
4748200 -12.7074 -13
4748300 -12.3916 -13
4748400 -12.4022 -13
4748500 -12.9812 -13
4748600 -12.6895 -13
4748700 -12.4757 -13
4748800 -12.5551 -13
4748900 -12.7412 -13
4749000 -12.8606 -13
4749100 -13.135 -13
4749200 -13.0944 -13
4749300 -13.1543 -13
4749400 -13.1194 -13
4749500 -13.1212 -13
4749600 -12.847 -13
4749700 -13.1294 -13
4749800 -13.2034 -13
4749900 -12.9867 -13
4750000 -12.9803 -13
4750100 -13.1118 -13
4750200 -13.3143 -13
4750300 -13.4594 -13
4750400 -13.7315 -13
4750500 -13.8823 -13
4750600 -13.7466 -13
4750700 -13.8777 -13
4750800 -13.8959 -13
4750900 -13.6514 -13
4751000 -13.4691 -13
4751100 -13.6059 -13
4751200 -13.5573 -13
4751300 -13.5118 -13
4751400 -12.8904 -13
4751500 -12.6376 -13
4751600 -12.6271 -13
4751700 -12.7597 -13
4751800 -13.061 -13
4751900 -13.0808 -13
4752000 -12.5963 -13
4752100 -12.7067 -13
4752200 -12.6766 -13
4752300 -12.6743 -13
4752400 -12.8016 -13
4752500 -12.8858 -13
4752600 -12.9532 -13
4752700 -12.8004 -13
4752800 -12.5534 -13
4752900 -12.5225 -13
4753000 -12.5394 -13
4753100 -12.5937 -13
4753200 -12.5435 -13
4753300 -12.6016 -13
4753400 -12.5244 -13
4753500 -12.6691 -13
4753600 -12.8648 -13
4753700 -13.0898 -13
4753800 -13.3432 -13
4753900 -13.1981 -13
4754000 -13.1368 -13
4754100 -13.2247 -13
4754200 -12.963 -13
4754300 -12.7352 -13
4754400 -12.8112 -13
4754500 -12.7366 -13
4754600 -12.8702 -13
4754700 -12.9516 -13
4754800 -12.9541 -13
4754900 -13.0109 -13
4755000 -13.2413 -13
4755100 -13.2767 -13
4755200 -13.3651 -13
4755300 -13.1619 -13
4755400 -12.6822 -13
4755500 -12.5817 -13
4755600 -12.6897 -13
4755700 -12.8204 -13
4755800 -12.9065 -13
4755900 -12.9499 -13
4756000 -12.9225 -13
4756100 -12.7926 -13
4756200 -12.7906 -13
4756300 -12.8426 -13
4756400 -12.7449 -13
4756500 -12.9018 -13
4756600 -13.0875 -13
4756700 -13.142 -13
4756800 -13.4095 -13
4756900 -13.1955 -13
4757000 -12.8085 -13
4757100 -12.6429 -13
4757200 -12.6228 -13
4757300 -12.7521 -13
4757400 -12.8911 -13
4757500 -12.9535 -13
4757600 -12.6075 -13
4757700 -12.5201 -13
4757800 -12.8616 -13
4757900 -12.9221 -13
4758000 -13.1345 -13
4758100 -13.0478 -13
4758200 -12.5857 -13
4758300 -12.4692 -13
4758400 -12.2358 -13
4758500 -12.3099 -13
4758600 -12.4798 -13
4758700 -12.4525 -13
4758800 -12.464 -13
4758900 -12.3451 -13
4759000 -12.6879 -13
4759100 -13.044 -13
4759200 -12.9872 -13
4759300 -12.7727 -13
4759400 -12.4882 -13
4759500 -12.5055 -13
4759600 -12.7008 -13
4759700 -12.8764 -13
4759800 -13.1114 -13
4759900 -13.0737 -13
4760000 -13.0067 -13
4760100 -12.9305 -13
4760200 -12.9607 -13
4760300 -13.0641 -13
4760400 -13.1507 -13
4760500 -13.2835 -13
4760600 -13.5578 -13
4760700 -13.7397 -13
4760800 -13.6444 -13
4760900 -13.6951 -13
4761000 -13.8448 -13
4761100 -13.9011 -13
4761200 -13.7753 -13
4761300 -13.5504 -13
4761400 -13.3607 -13
4761500 -12.8547 -13
4761600 -12.7511 -13
4761700 -13.1211 -13
4761800 -13.2322 -13
4761900 -13.1775 -13
4762000 -13.0277 -13
4762100 -12.9217 -13
4762200 -12.8213 -13
4762300 -12.6764 -13
4762400 -12.5061 -13
4762500 -12.5028 -13
4762600 -12.6296 -13
4762700 -12.5713 -13
4762800 -12.5231 -13
4762900 -12.5966 -13
4763000 -13.134 -13
4763100 -13.2106 -13
4763200 -13.2927 -13
4763300 -13.3186 -13
4763400 -13.1031 -13
4763500 -12.8527 -13
4763600 -13.0016 -13
4763700 -12.8825 -13
4763800 -12.8992 -13
4763900 -13.373 -13
4764000 -13.3405 -13
4764100 -13.0656 -13
4764200 -13.0495 -13
4764300 -13.1838 -13
4764400 -13.2075 -13
4764500 -12.8087 -13
4764600 -12.4012 -13
4764700 -12.298 -13
4764800 -12.3208 -13
4764900 -12.4437 -13
4765000 -12.7209 -13
4765100 -13.0532 -13
4765200 -13.0486 -13
4765300 -12.9428 -13
4765400 -13.0006 -13
4765500 -13.2331 -13
4765600 -13.4157 -13
4765700 -13.2175 -13
4765800 -13.2842 -13
4765900 -13.3221 -13
4766000 -13.1126 -13
4766100 -13.1285 -13
4766200 -13.3405 -13
4766300 -13.4426 -13
4766400 -13.7739 -13
4766500 -13.7328 -13
4766600 -13.4336 -13
4766700 -13.4275 -13
4766800 -13.2344 -13
4766900 -13.0759 -13
4767000 -12.9099 -13
4767100 -12.6989 -13
4767200 -12.5628 -13
4767300 -12.5362 -13
4767400 -12.9459 -13
4767500 -12.6501 -13
4767600 -12.5579 -13
4767700 -12.9815 -13
4767800 -13.1414 -13
4767900 -12.9659 -13
4768000 -13.1529 -13
4768100 -13.191 -13
4768200 -12.9356 -13
4768300 -12.9598 -13
4768400 -12.9334 -13
4768500 -13.0616 -13
4768600 -13.0478 -13
4768700 -13.118 -13
4768800 -12.9085 -13
4768900 -12.8012 -13
4769000 -13.206 -13
4769100 -13.2998 -13
4769200 -13.1628 -13
4769300 -12.8039 -13
4769400 -12.701 -13
4769500 -12.9488 -13
4769600 -13.2823 -13
4769700 -12.863 -13
4769800 -12.3168 -13
4769900 -12.1103 -13
4770000 -12.0402 -13
4770100 -12.1167 -13
4770200 -12.2375 -13
4770300 -12.5177 -13
4770400 -12.7681 -13
4770500 -12.82 -13
4770600 -12.7686 -13
4770700 -12.6472 -13
4770800 -12.7354 -13
4770900 -12.6777 -13
4771000 -13.0488 -13
4771100 -13.174 -13
4771200 -13.1317 -13
4771300 -13.1929 -13
4771400 -12.8408 -13
4771500 -12.5858 -13
4771600 -12.5649 -13
4771700 -12.8774 -13
4771800 -13.0183 -13
4771900 -13.1328 -13
4772000 -13.2377 -13
4772100 -13.1743 -13
4772200 -12.9428 -13
4772300 -13.0848 -13
4772400 -13.167 -13
4772500 -13.3139 -13
4772600 -13.4495 -13
4772700 -13.6 -13
4772800 -13.9456 -13
4772900 -13.7832 -13
4773000 -13.6129 -13
4773100 -13.0723 -13
4773200 -13.4282 -13
4773300 -13.7421 -13
4773400 -13.6898 -13
4773500 -13.5411 -13
4773600 -13.1785 -13
4773700 -12.9176 -13
4773800 -13.0701 -13
4773900 -13.0848 -13
4774000 -13.0616 -13
4774100 -12.7608 -13
4774200 -12.6145 -13
4774300 -13.0557 -13
4774400 -13.0522 -13
4774500 -12.977 -13
4774600 -13.0576 -13
4774700 -13.0942 -13
4774800 -12.8855 -13
4774900 -12.8532 -13
4775000 -13.2299 -13
4775100 -13.3347 -13
4775200 -13.0912 -13
4775300 -12.9796 -13
4775400 -13.1458 -13
4775500 -12.8543 -13
4775600 -12.6885 -13
4775700 -12.4973 -13
4775800 -12.7318 -13
4775900 -13.0716 -13
4776000 -12.8899 -13
4776100 -12.5225 -13
4776200 -12.5834 -13
4776300 -12.824 -13
4776400 -13.308 -13
4776500 -13.194 -13
4776600 -13.0516 -13
4776700 -13.3184 -13
4776800 -13.6764 -13
4776900 -13.6352 -13
4777000 -13.4649 -13
4777100 -13.7325 -13
4777200 -13.7274 -13
4777300 -14.1731 -13
4777400 -14.1922 -13
4777500 -14.048 -13
4777600 -14.3518 -13
4777700 -14.1563 -13
4777800 -13.7287 -13
4777900 -13.4165 -13
4778000 -13.2714 -13
4778100 -13.1161 -13
4778200 -13.0182 -13
4778300 -13.1548 -13
4778400 -13.3632 -13
4778500 -13.5573 -13
4778600 -13.571 -13
4778700 -13.5217 -13
4778800 -13.6985 -13
4778900 -13.5808 -13
4779000 -13.2878 -13
4779100 -12.9339 -13
4779200 -12.9486 -13
4779300 -12.8439 -13
4779400 -12.8986 -13
4779500 -13.0055 -13
4779600 -12.9568 -13
4779700 -12.7943 -13
4779800 -12.6871 -13
4779900 -12.6578 -13
4780000 -12.5808 -13
4780100 -12.3417 -13
4780200 -12.1734 -13
4780300 -12.0284 -13
4780400 -12.2801 -13
4780500 -12.5542 -13
4780600 -12.7947 -13
4780700 -12.9679 -13
4780800 -12.6879 -13
4780900 -12.3568 -13
4781000 -12.3013 -13
4781100 -12.6839 -13
4781200 -12.9147 -13
4781300 -13.0415 -13
4781400 -12.7814 -13
4781500 -12.7733 -13
4781600 -12.8644 -13
4781700 -12.6799 -13
4781800 -12.71 -13
4781900 -12.9769 -13
4782000 -13.0019 -13
4782100 -12.81 -13
4782200 -12.6838 -13
4782300 -12.6516 -13
4782400 -12.2777 -13
4782500 -12.0983 -13
4782600 -11.9855 -13
4782700 -12.0394 -13
4782800 -12.4791 -13
4782900 -12.9919 -13
4783000 -13.1301 -13
4783100 -13.046 -13
4783200 -12.5559 -13
4783300 -12.4705 -13
4783400 -12.581 -13
4783500 -12.5662 -13
4783600 -12.8581 -13
4783700 -13.1427 -13
4783800 -12.8992 -13
4783900 -12.4428 -13
4784000 -12.3597 -13
4784100 -12.5416 -13
4784200 -12.7758 -13
4784300 -13.2721 -13
4784400 -13.2262 -13
4784500 -12.8976 -13
4784600 -12.6492 -13
4784700 -13.0385 -13
4784800 -13.0394 -13
4784900 -12.5357 -13
4785000 -12.7297 -13
4785100 -13.1356 -13
4785200 -13.122 -13
4785300 -12.9634 -13
4785400 -13.0498 -13
4785500 -13.45 -13
4785600 -13.4629 -13
4785700 -13.2941 -13
4785800 -13.0088 -13
4785900 -13.0993 -13
4786000 -13.1748 -13
4786100 -13.1884 -13
4786200 -13.3525 -13
4786300 -13.2908 -13
4786400 -12.9799 -13
4786500 -13.0033 -13
4786600 -12.9084 -13
4786700 -12.4796 -13
4786800 -12.2911 -13
4786900 -12.1503 -13
4787000 -12.3343 -13
4787100 -12.8105 -13
4787200 -13.1135 -13
4787300 -13.1196 -13
4787400 -12.8897 -13
4787500 -12.9507 -13
4787600 -13.0429 -13
4787700 -13.1898 -13
4787800 -13.407 -13
4787900 -13.6845 -13
4788000 -13.4886 -13
4788100 -13.2398 -13
4788200 -13.5284 -13
4788300 -13.4366 -13
4788400 -13.1324 -13
4788500 -12.8043 -13
4788600 -12.7379 -13
4788700 -12.5088 -13
4788800 -12.4656 -13
4788900 -12.5107 -13
4789000 -12.2682 -13
4789100 -12.1007 -13
4789200 -12.5104 -13
4789300 -12.8995 -13
4789400 -12.7331 -13
4789500 -12.5866 -13
4789600 -12.6484 -13
4789700 -12.6842 -13
4789800 -12.7747 -13
4789900 -12.6812 -13
4790000 -12.5204 -13
4790100 -12.4655 -13
4790200 -12.0775 -13
4790300 -11.8488 -13
4790400 -11.8474 -13
4790500 -11.981 -13
4790600 -12.1303 -13
4790700 -12.5779 -13
4790800 -13.0524 -13
4790900 -13.3226 -13
4791000 -13.3863 -13
4791100 -13.3374 -13
4791200 -13.2654 -13
4791300 -13.3082 -13
4791400 -13.3044 -13
4791500 -12.9726 -13
4791600 -12.6598 -13
4791700 -12.6921 -13
4791800 -12.5302 -13
4791900 -13.0603 -13
4792000 -13.4432 -13
4792100 -13.5736 -13
4792200 -13.4337 -13
4792300 -13.0656 -13
4792400 -12.881 -13
4792500 -12.9269 -13
4792600 -12.8376 -13
4792700 -12.5931 -13
4792800 -12.4905 -13
4792900 -12.6214 -13
4793000 -12.6989 -13
4793100 -12.6619 -13
4793200 -12.8081 -13
4793300 -12.79 -13
4793400 -13.0694 -13
4793500 -13.598 -13
4793600 -13.7569 -13
4793700 -13.6722 -13
4793800 -13.5599 -13
4793900 -13.4281 -13
4794000 -13.2344 -13
4794100 -13.1393 -13
4794200 -13.2786 -13
4794300 -13.0834 -13
4794400 -12.7679 -13
4794500 -12.8961 -13
4794600 -13.1704 -13
4794700 -13.3647 -13
4794800 -13.4765 -13
4794900 -13.4044 -13
4795000 -13.5863 -13
4795100 -13.5747 -13
4795200 -13.7465 -13
4795300 -13.8779 -13
4795400 -14.0883 -13
4795500 -13.7165 -13
4795600 -13.4614 -13
4795700 -13.1859 -13
4795800 -12.9953 -13
4795900 -13.2525 -13
4796000 -13.0942 -13
4796100 -12.8722 -13
4796200 -12.7586 -13
4796300 -13.0226 -13
4796400 -13.1877 -13
4796500 -13.0442 -13
4796600 -13.1151 -13
4796700 -13.3231 -13
4796800 -13.1846 -13
4796900 -13.0811 -13
4797000 -13.0415 -13
4797100 -13.0168 -13
4797200 -12.9509 -13
4797300 -13.1948 -13
4797400 -13.3615 -13
4797500 -13.3694 -13
4797600 -13.4685 -13
4797700 -12.9495 -13
4797800 -12.5659 -13
4797900 -12.6406 -13
4798000 -12.2756 -13
4798100 -12.5907 -13
4798200 -13.1553 -13
4798300 -13.201 -13
4798400 -13.092 -13
4798500 -12.9452 -13
4798600 -12.7102 -13
4798700 -12.6522 -13
4798800 -12.6927 -13
4798900 -12.7301 -13
4799000 -12.6571 -13
4799100 -12.7789 -13
4799200 -12.9051 -13
4799300 -13.0698 -13
4799400 -12.9642 -13
4799500 -12.9069 -13
4799600 -12.7458 -13
4799700 -12.8625 -13
4799800 -13.0525 -13
4799900 -12.9691 -13
4800000 -12.955 -13
