# Time-averaged data for fix myat1
# TimeStep v_xave v_xdes
200100 -23.6484 -24
200200 -23.6349 -24
200300 -23.7976 -24
200400 -23.8922 -24
200500 -23.8181 -24
200600 -23.6404 -24
200700 -23.5679 -24
200800 -23.9464 -24
200900 -24.0992 -24
201000 -23.8066 -24
201100 -23.5128 -24
201200 -23.5521 -24
201300 -23.4838 -24
201400 -23.5386 -24
201500 -23.3566 -24
201600 -23.6227 -24
201700 -23.8727 -24
201800 -24.0716 -24
201900 -23.8985 -24
202000 -24.0923 -24
202100 -24.1821 -24
202200 -24.196 -24
202300 -24.0115 -24
202400 -23.946 -24
202500 -23.8402 -24
202600 -23.9645 -24
202700 -24.1291 -24
202800 -23.9527 -24
202900 -24.003 -24
203000 -24.1784 -24
203100 -24.2731 -24
203200 -24.1402 -24
203300 -24.265 -24
203400 -24.3184 -24
203500 -24.3855 -24
203600 -24.5048 -24
203700 -24.7301 -24
203800 -24.7052 -24
203900 -24.7875 -24
204000 -24.6732 -24
204100 -24.4705 -24
204200 -24.6138 -24
204300 -24.8435 -24
204400 -24.8379 -24
204500 -24.8841 -24
204600 -24.6545 -24
204700 -24.4657 -24
204800 -24.1511 -24
204900 -23.8981 -24
205000 -23.8688 -24
205100 -23.877 -24
205200 -23.9772 -24
205300 -23.8158 -24
205400 -23.7524 -24
205500 -23.7988 -24
205600 -24.1581 -24
205700 -24.0908 -24
205800 -23.9602 -24
205900 -23.8262 -24
206000 -23.6586 -24
206100 -23.9883 -24
206200 -24.0603 -24
206300 -23.8353 -24
206400 -23.6205 -24
206500 -23.5466 -24
206600 -23.5242 -24
206700 -23.4099 -24
206800 -23.3055 -24
206900 -23.4566 -24
207000 -23.7341 -24
207100 -24.0335 -24
207200 -23.9987 -24
207300 -23.6984 -24
207400 -23.6736 -24
207500 -23.8303 -24
207600 -23.9599 -24
207700 -23.817 -24
207800 -23.613 -24
207900 -23.6245 -24
208000 -23.6418 -24
208100 -23.8253 -24
208200 -23.9703 -24
208300 -23.9829 -24
208400 -24.035 -24
208500 -24.0175 -24
208600 -23.9575 -24
208700 -23.824 -24
208800 -23.6321 -24
208900 -23.5602 -24
209000 -23.8489 -24
209100 -24.0893 -24
209200 -24.1587 -24
209300 -24.1541 -24
209400 -24.2938 -24
209500 -24.2887 -24
209600 -23.9955 -24
209700 -23.8689 -24
209800 -24.0198 -24
209900 -24.3001 -24
210000 -24.3276 -24
210100 -24.178 -24
210200 -24.2548 -24
210300 -24.2762 -24
210400 -23.9953 -24
210500 -23.9738 -24
210600 -24.2247 -24
210700 -24.1775 -24
210800 -24.1159 -24
210900 -24.0047 -24
211000 -24.0016 -24
211100 -24.115 -24
211200 -24.3367 -24
211300 -24.5621 -24
211400 -24.576 -24
211500 -24.5343 -24
211600 -24.2537 -24
211700 -24.1087 -24
211800 -24.1055 -24
211900 -24.2129 -24
212000 -24.2607 -24
212100 -24.3785 -24
212200 -24.35 -24
212300 -24.0768 -24
212400 -23.8624 -24
212500 -24.4082 -24
212600 -24.5474 -24
212700 -24.7139 -24
212800 -24.5833 -24
212900 -24.1763 -24
213000 -23.9534 -24
213100 -23.8968 -24
213200 -23.6969 -24
213300 -23.5431 -24
213400 -23.6067 -24
213500 -23.7224 -24
213600 -23.7656 -24
213700 -23.6601 -24
213800 -23.5397 -24
213900 -23.5442 -24
214000 -23.7983 -24
214100 -23.9819 -24
214200 -23.675 -24
214300 -23.6272 -24
214400 -23.9289 -24
214500 -23.9314 -24
214600 -24.114 -24
214700 -24.1806 -24
214800 -23.9431 -24
214900 -23.7658 -24
215000 -23.7837 -24
215100 -23.8502 -24
215200 -23.8478 -24
215300 -24.0593 -24
215400 -24.2026 -24
215500 -24.3077 -24
215600 -24.2285 -24
215700 -24.0099 -24
215800 -23.9801 -24
215900 -24.0614 -24
216000 -24.2328 -24
216100 -24.2576 -24
216200 -24.1606 -24
216300 -24.2152 -24
216400 -24.3085 -24
216500 -24.6441 -24
216600 -24.7474 -24
216700 -24.5584 -24
216800 -24.4618 -24
216900 -24.5094 -24
217000 -24.3628 -24
217100 -24.2228 -24
217200 -23.8431 -24
217300 -23.5901 -24
217400 -23.6474 -24
217500 -23.6856 -24
217600 -23.808 -24
217700 -23.84 -24
217800 -23.9564 -24
217900 -23.783 -24
218000 -23.3923 -24
218100 -23.2698 -24
218200 -23.8406 -24
218300 -24.0485 -24
218400 -24.3431 -24
218500 -24.1815 -24
218600 -23.7671 -24
218700 -24.0725 -24
218800 -24.1326 -24
218900 -24.1858 -24
219000 -23.9675 -24
219100 -23.8526 -24
219200 -24.1761 -24
219300 -24.194 -24
219400 -24.2675 -24
219500 -24.1061 -24
219600 -24.201 -24
219700 -24.4365 -24
219800 -24.1384 -24
219900 -23.8279 -24
220000 -23.7041 -24
220100 -23.6008 -24
220200 -23.3188 -24
220300 -23.1812 -24
220400 -23.314 -24
220500 -23.8023 -24
220600 -24.0791 -24
220700 -24.1423 -24
220800 -24.2456 -24
220900 -24.065 -24
221000 -23.9016 -24
221100 -24.0315 -24
221200 -24.1705 -24
221300 -24.3808 -24
221400 -24.4345 -24
221500 -24.4506 -24
221600 -24.2206 -24
221700 -24.2217 -24
221800 -24.4175 -24
221900 -24.6354 -24
222000 -24.675 -24
222100 -24.5104 -24
222200 -24.1194 -24
222300 -23.8859 -24
222400 -23.9572 -24
222500 -23.7769 -24
222600 -23.5763 -24
222700 -23.543 -24
222800 -23.7146 -24
222900 -23.8608 -24
223000 -23.8943 -24
223100 -24.0775 -24
223200 -24.1204 -24
223300 -24.2254 -24
223400 -24.3058 -24
223500 -24.2453 -24
223600 -24.1298 -24
223700 -23.8504 -24
223800 -23.9503 -24
223900 -23.8987 -24
224000 -23.4809 -24
224100 -23.2346 -24
224200 -23.339 -24
224300 -23.5162 -24
224400 -23.7927 -24
224500 -23.9161 -24
224600 -23.8776 -24
224700 -23.8635 -24
224800 -23.996 -24
224900 -24.0997 -24
225000 -24.3373 -24
225100 -24.3519 -24
225200 -24.3898 -24
225300 -24.4645 -24
225400 -24.7087 -24
225500 -24.9198 -24
225600 -24.8371 -24
225700 -24.5332 -24
225800 -24.22 -24
225900 -23.8966 -24
226000 -23.9718 -24
226100 -24.2426 -24
226200 -24.3074 -24
226300 -24.0157 -24
226400 -23.9895 -24
226500 -24.3152 -24
226600 -24.4394 -24
226700 -24.2249 -24
226800 -24.0607 -24
226900 -23.9167 -24
227000 -23.5717 -24
227100 -23.5779 -24
227200 -23.7583 -24
227300 -23.984 -24
227400 -23.8782 -24
227500 -23.8359 -24
227600 -23.8106 -24
227700 -23.7939 -24
227800 -23.7864 -24
227900 -23.6654 -24
228000 -23.8497 -24
228100 -23.8728 -24
228200 -23.8167 -24
228300 -23.8437 -24
228400 -23.7442 -24
228500 -23.7211 -24
228600 -23.4401 -24
228700 -23.4203 -24
228800 -23.4134 -24
228900 -23.813 -24
229000 -24.0193 -24
229100 -23.6272 -24
229200 -23.509 -24
229300 -23.6123 -24
229400 -23.6979 -24
229500 -23.6937 -24
229600 -23.921 -24
229700 -24.2206 -24
229800 -24.3767 -24
229900 -24.2957 -24
230000 -24.1948 -24
230100 -24.1097 -24
230200 -24.4118 -24
230300 -24.3649 -24
230400 -24.2107 -24
230500 -23.9386 -24
230600 -23.6649 -24
230700 -23.4292 -24
230800 -23.5353 -24
230900 -23.8388 -24
231000 -24.0167 -24
231100 -24.3669 -24
231200 -24.6117 -24
231300 -24.5585 -24
231400 -24.3358 -24
231500 -24.3232 -24
231600 -24.2774 -24
231700 -24.2225 -24
231800 -24.2589 -24
231900 -24.2398 -24
232000 -24.0039 -24
232100 -23.9212 -24
232200 -23.6536 -24
232300 -23.4987 -24
232400 -23.5998 -24
232500 -23.9636 -24
232600 -24.158 -24
232700 -23.9911 -24
232800 -23.8001 -24
232900 -23.7524 -24
233000 -23.9052 -24
233100 -24.1554 -24
233200 -24.3271 -24
233300 -24.8648 -24
233400 -25.1369 -24
233500 -24.9417 -24
233600 -24.6499 -24
233700 -24.8367 -24
233800 -24.7225 -24
233900 -24.5983 -24
234000 -24.7804 -24
234100 -24.4101 -24
234200 -24.2611 -24
234300 -24.1069 -24
234400 -24.1259 -24
234500 -24.176 -24
234600 -24.3046 -24
234700 -24.4494 -24
234800 -24.2853 -24
234900 -23.9767 -24
235000 -23.8604 -24
235100 -23.6879 -24
235200 -23.6534 -24
235300 -23.566 -24
235400 -23.6839 -24
235500 -23.6475 -24
235600 -23.691 -24
235700 -23.8183 -24
235800 -23.7264 -24
235900 -24.0569 -24
236000 -24.3276 -24
236100 -24.568 -24
236200 -24.3663 -24
236300 -23.8804 -24
236400 -23.7207 -24
236500 -24.0897 -24
236600 -24.3058 -24
236700 -24.3958 -24
236800 -24.1487 -24
236900 -23.9653 -24
237000 -24.1018 -24
237100 -23.972 -24
237200 -24.1943 -24
237300 -24.3992 -24
237400 -24.5309 -24
237500 -24.7894 -24
237600 -24.6392 -24
237700 -24.3186 -24
237800 -24.3359 -24
237900 -24.5161 -24
238000 -24.3956 -24
238100 -24.1434 -24
238200 -24.1058 -24
238300 -24.1005 -24
238400 -24.1978 -24
238500 -24.0395 -24
238600 -23.6413 -24
238700 -23.8547 -24
238800 -23.9987 -24
238900 -24.0144 -24
239000 -23.6799 -24
239100 -23.6932 -24
239200 -23.9913 -24
239300 -24.1944 -24
239400 -24.2945 -24
239500 -24.2304 -24
239600 -23.9645 -24
239700 -24.1267 -24
239800 -24.0568 -24
239900 -23.9939 -24
240000 -24.174 -24
240100 -23.992 -24
240200 -24.0683 -24
240300 -24.1138 -24
240400 -24.1627 -24
240500 -24.3497 -24
240600 -24.2643 -24
240700 -23.9646 -24
240800 -23.8238 -24
240900 -23.8592 -24
241000 -24.12 -24
241100 -24.0442 -24
241200 -23.9825 -24
241300 -23.7353 -24
241400 -23.4194 -24
241500 -23.2817 -24
241600 -23.5069 -24
241700 -23.8222 -24
241800 -24.0539 -24
241900 -23.9947 -24
242000 -23.5505 -24
242100 -23.4097 -24
242200 -23.3881 -24
242300 -23.2921 -24
242400 -23.0606 -24
242500 -23.0948 -24
242600 -23.1638 -24
242700 -23.3208 -24
242800 -23.5072 -24
242900 -23.8833 -24
243000 -24.4206 -24
243100 -24.7157 -24
243200 -24.6837 -24
243300 -24.4484 -24
243400 -24.5268 -24
243500 -24.577 -24
243600 -24.4458 -24
243700 -24.354 -24
243800 -23.8561 -24
243900 -23.433 -24
244000 -23.3879 -24
244100 -23.6724 -24
244200 -24.0993 -24
244300 -24.043 -24
244400 -23.8893 -24
244500 -24.0817 -24
244600 -24.1147 -24
244700 -24.1624 -24
244800 -24.1261 -24
244900 -23.9856 -24
245000 -24.0842 -24
245100 -24.1568 -24
245200 -24.3725 -24
245300 -24.345 -24
245400 -24.1475 -24
245500 -23.7988 -24
245600 -23.7902 -24
245700 -24.1937 -24
245800 -24.0747 -24
245900 -24.0183 -24
246000 -24.1025 -24
246100 -23.9514 -24
246200 -23.7063 -24
246300 -23.8162 -24
246400 -23.9658 -24
246500 -23.9144 -24
246600 -23.7393 -24
246700 -23.4613 -24
246800 -23.3701 -24
246900 -23.6726 -24
247000 -23.9597 -24
247100 -23.7156 -24
247200 -23.5838 -24
247300 -23.8638 -24
247400 -24.0134 -24
247500 -23.9462 -24
247600 -24.2149 -24
247700 -24.1992 -24
247800 -24.0885 -24
247900 -24.2622 -24
248000 -24.4389 -24
248100 -24.5557 -24
248200 -24.43 -24
248300 -24.3395 -24
248400 -24.1419 -24
248500 -24.0613 -24
248600 -23.8837 -24
248700 -24.0423 -24
248800 -23.8208 -24
248900 -23.7429 -24
249000 -23.6835 -24
249100 -23.4668 -24
249200 -23.4164 -24
249300 -23.6024 -24
249400 -23.7557 -24
249500 -23.81 -24
249600 -23.814 -24
249700 -23.8787 -24
249800 -23.7235 -24
249900 -23.6313 -24
250000 -23.703 -24
250100 -23.759 -24
250200 -23.8195 -24
250300 -23.952 -24
250400 -23.9121 -24
250500 -23.9941 -24
250600 -23.8666 -24
250700 -24.0954 -24
250800 -24.1862 -24
250900 -24.0453 -24
251000 -24.3108 -24
251100 -24.5959 -24
251200 -24.6045 -24
251300 -24.1632 -24
251400 -23.9011 -24
251500 -24.1343 -24
251600 -24.1722 -24
251700 -23.8686 -24
251800 -23.6021 -24
251900 -23.4469 -24
252000 -23.0733 -24
252100 -22.7117 -24
252200 -22.7579 -24
252300 -23.098 -24
252400 -23.3522 -24
252500 -23.7553 -24
252600 -23.9201 -24
252700 -23.4947 -24
252800 -23.3704 -24
252900 -23.3114 -24
253000 -23.4904 -24
253100 -23.5157 -24
253200 -23.9307 -24
253300 -24.123 -24
253400 -24.132 -24
253500 -24.3563 -24
253600 -24.311 -24
253700 -24.309 -24
253800 -24.3447 -24
253900 -24.3338 -24
254000 -24.1469 -24
254100 -24.1726 -24
254200 -24.2737 -24
254300 -24.1624 -24
254400 -24.4029 -24
254500 -24.2698 -24
254600 -24.0778 -24
254700 -24.2166 -24
254800 -24.3027 -24
254900 -24.0733 -24
255000 -23.9145 -24
255100 -23.7876 -24
255200 -24.0816 -24
255300 -24.052 -24
255400 -24.2532 -24
255500 -23.9436 -24
255600 -23.9117 -24
255700 -23.8425 -24
255800 -23.75 -24
255900 -23.7576 -24
256000 -23.6811 -24
256100 -23.5956 -24
256200 -23.7494 -24
256300 -23.8991 -24
256400 -23.9663 -24
256500 -23.7329 -24
256600 -23.4432 -24
256700 -23.2015 -24
256800 -23.2394 -24
256900 -23.5531 -24
257000 -23.7869 -24
257100 -23.9882 -24
257200 -23.9605 -24
257300 -23.8082 -24
257400 -24.2028 -24
257500 -24.242 -24
257600 -24.2011 -24
257700 -24.2994 -24
257800 -24.5251 -24
257900 -24.2253 -24
258000 -24.0891 -24
258100 -24.0536 -24
258200 -23.9081 -24
258300 -23.4965 -24
258400 -23.2934 -24
258500 -23.5248 -24
258600 -23.7267 -24
258700 -23.9803 -24
258800 -24.0088 -24
258900 -24.1846 -24
259000 -24.1616 -24
259100 -23.8594 -24
259200 -23.8979 -24
259300 -23.7576 -24
259400 -23.4686 -24
259500 -23.231 -24
259600 -23.5208 -24
259700 -23.7286 -24
259800 -23.799 -24
259900 -23.7579 -24
260000 -23.4141 -24
260100 -23.4221 -24
260200 -23.7185 -24
260300 -24.0302 -24
260400 -23.8487 -24
260500 -23.7563 -24
260600 -24.0445 -24
260700 -24.223 -24
260800 -24.2412 -24
260900 -24.5064 -24
261000 -24.7064 -24
261100 -24.7564 -24
261200 -24.4696 -24
261300 -24.3742 -24
261400 -24.7445 -24
261500 -25.023 -24
261600 -24.4495 -24
261700 -23.8466 -24
261800 -23.6944 -24
261900 -23.7582 -24
262000 -23.7588 -24
262100 -23.8733 -24
262200 -24.1033 -24
262300 -24.1953 -24
262400 -24.0236 -24
262500 -23.8207 -24
262600 -23.843 -24
262700 -24.0427 -24
262800 -24.061 -24
262900 -24.1193 -24
263000 -24.2626 -24
263100 -24.1991 -24
263200 -24.1512 -24
263300 -24.5044 -24
263400 -24.5682 -24
263500 -24.5248 -24
263600 -24.6164 -24
263700 -24.6752 -24
263800 -24.5603 -24
263900 -24.7113 -24
264000 -24.433 -24
264100 -24.1563 -24
264200 -24.0014 -24
264300 -23.8339 -24
264400 -23.7262 -24
264500 -23.6873 -24
264600 -23.9779 -24
264700 -24.1788 -24
264800 -23.9715 -24
264900 -23.9078 -24
265000 -23.9612 -24
265100 -24.132 -24
265200 -24.2382 -24
265300 -24.1177 -24
265400 -23.8797 -24
265500 -23.665 -24
265600 -23.6635 -24
265700 -23.7152 -24
265800 -23.71 -24
265900 -23.6543 -24
266000 -24.0206 -24
266100 -24.229 -24
266200 -24.4045 -24
266300 -24.712 -24
266400 -24.5214 -24
266500 -24.0756 -24
266600 -23.7639 -24
266700 -23.9444 -24
266800 -24.1802 -24
266900 -23.7369 -24
267000 -23.4565 -24
267100 -23.7004 -24
267200 -23.9669 -24
267300 -23.7578 -24
267400 -23.6873 -24
267500 -23.95 -24
267600 -24.1113 -24
267700 -24.2211 -24
267800 -24.4674 -24
267900 -24.2744 -24
268000 -23.9517 -24
268100 -23.8215 -24
268200 -23.8923 -24
268300 -23.9043 -24
268400 -23.7041 -24
268500 -23.6057 -24
268600 -23.6274 -24
268700 -23.597 -24
268800 -23.4448 -24
268900 -23.3112 -24
269000 -23.522 -24
269100 -23.7416 -24
269200 -23.8403 -24
269300 -23.7419 -24
269400 -23.4356 -24
269500 -23.2997 -24
269600 -23.1661 -24
269700 -23.05 -24
269800 -22.7861 -24
269900 -22.9916 -24
270000 -23.1047 -24
270100 -23.0815 -24
270200 -23.4351 -24
270300 -23.5625 -24
270400 -23.7626 -24
270500 -23.6628 -24
270600 -23.7783 -24
270700 -24.0467 -24
270800 -24.1756 -24
270900 -24.0448 -24
271000 -23.7508 -24
271100 -23.778 -24
271200 -23.737 -24
271300 -23.8821 -24
271400 -23.7616 -24
271500 -23.6159 -24
271600 -23.5551 -24
271700 -23.5351 -24
271800 -23.5776 -24
271900 -23.6352 -24
272000 -23.7569 -24
272100 -24.0474 -24
272200 -24.1611 -24
272300 -24.46 -24
272400 -24.3953 -24
272500 -24.2461 -24
272600 -24.089 -24
272700 -24.1014 -24
272800 -24.0842 -24
272900 -24.1781 -24
273000 -24.2777 -24
273100 -24.1008 -24
273200 -24.229 -24
273300 -24.1062 -24
273400 -24.1479 -24
273500 -23.8546 -24
273600 -23.8773 -24
273700 -23.9767 -24
273800 -23.8642 -24
273900 -23.9588 -24
274000 -23.7754 -24
274100 -23.7453 -24
274200 -24.1184 -24
274300 -24.3362 -24
274400 -24.327 -24
274500 -24.5644 -24
274600 -24.5336 -24
274700 -24.693 -24
274800 -24.7907 -24
274900 -24.3411 -24
275000 -23.838 -24
275100 -23.9268 -24
275200 -24.008 -24
275300 -24.0546 -24
275400 -24.1377 -24
275500 -24.1373 -24
275600 -24.0688 -24
275700 -24.1214 -24
275800 -24.1214 -24
275900 -24.0494 -24
276000 -23.8713 -24
276100 -23.7121 -24
276200 -23.7883 -24
276300 -24.1879 -24
276400 -24.3482 -24
276500 -24.3698 -24
276600 -24.4884 -24
276700 -24.4455 -24
276800 -24.3314 -24
276900 -24.185 -24
277000 -24.256 -24
277100 -24.4238 -24
277200 -23.9738 -24
277300 -23.7782 -24
277400 -23.7639 -24
277500 -23.6375 -24
277600 -23.6584 -24
277700 -23.8278 -24
277800 -24.2004 -24
277900 -24.2492 -24
278000 -24.2346 -24
278100 -24.4888 -24
278200 -24.574 -24
278300 -24.5697 -24
278400 -24.466 -24
278500 -24.2869 -24
278600 -24.2283 -24
278700 -24.2965 -24
278800 -24.3746 -24
278900 -24.167 -24
279000 -24.121 -24
279100 -23.995 -24
279200 -24.1074 -24
279300 -24.2704 -24
279400 -24.1885 -24
279500 -24.0972 -24
279600 -23.913 -24
279700 -24.0068 -24
279800 -24.0792 -24
279900 -24.0542 -24
280000 -23.9555 -24
280100 -23.7693 -24
280200 -23.8199 -24
280300 -23.9569 -24
280400 -24.1301 -24
280500 -24.4038 -24
280600 -24.3101 -24
280700 -23.8664 -24
280800 -23.9385 -24
280900 -24.033 -24
281000 -24.1048 -24
281100 -24.2762 -24
281200 -24.1034 -24
281300 -23.8233 -24
281400 -23.7074 -24
281500 -23.6591 -24
281600 -23.5885 -24
281700 -23.4487 -24
281800 -23.3348 -24
281900 -23.5207 -24
282000 -23.4472 -24
282100 -23.2338 -24
282200 -23.0254 -24
282300 -23.1499 -24
282400 -23.6089 -24
282500 -24.0008 -24
282600 -23.9368 -24
282700 -23.7583 -24
282800 -23.9111 -24
282900 -23.7754 -24
283000 -23.6636 -24
283100 -23.8176 -24
283200 -23.8396 -24
283300 -23.918 -24
283400 -23.8076 -24
283500 -23.7308 -24
283600 -23.5947 -24
283700 -23.6877 -24
283800 -23.917 -24
283900 -23.9595 -24
284000 -23.8089 -24
284100 -23.8167 -24
284200 -23.9673 -24
284300 -24.1462 -24
284400 -24.1949 -24
284500 -23.8307 -24
284600 -23.7805 -24
284700 -23.8994 -24
284800 -23.768 -24
284900 -23.7163 -24
285000 -23.6999 -24
285100 -23.8288 -24
285200 -24.009 -24
285300 -24.0609 -24
285400 -24.4701 -24
285500 -24.6536 -24
285600 -24.7669 -24
285700 -24.6654 -24
285800 -24.146 -24
285900 -24.1324 -24
286000 -23.9705 -24
286100 -23.9687 -24
286200 -24.0889 -24
286300 -24.2165 -24
286400 -24.0417 -24
286500 -24.0446 -24
286600 -24.2048 -24
286700 -23.9425 -24
286800 -24.2139 -24
286900 -24.332 -24
287000 -24.4161 -24
287100 -24.0812 -24
287200 -23.9393 -24
287300 -23.7945 -24
287400 -23.5211 -24
287500 -23.1849 -24
287600 -23.3737 -24
287700 -23.6447 -24
287800 -23.9754 -24
287900 -23.75 -24
288000 -23.6818 -24
288100 -23.8226 -24
288200 -23.9204 -24
288300 -23.9918 -24
288400 -24.0374 -24
288500 -23.9645 -24
288600 -24.0345 -24
288700 -23.7807 -24
288800 -23.9159 -24
288900 -24.2899 -24
289000 -24.1273 -24
289100 -24.0424 -24
289200 -24.02 -24
289300 -24.1687 -24
289400 -23.9381 -24
289500 -23.7003 -24
289600 -23.808 -24
289700 -24.0821 -24
289800 -23.9255 -24
289900 -24.0115 -24
290000 -23.8777 -24
290100 -23.7675 -24
290200 -23.8723 -24
290300 -23.9932 -24
290400 -24.1791 -24
290500 -24.1971 -24
290600 -24.1815 -24
290700 -24.1795 -24
290800 -24.1766 -24
290900 -24.1045 -24
291000 -23.9792 -24
291100 -24.047 -24
291200 -24.0409 -24
291300 -24.2058 -24
291400 -24.1599 -24
291500 -23.8557 -24
291600 -23.8285 -24
291700 -23.8248 -24
291800 -23.8686 -24
291900 -24.1476 -24
292000 -24.3961 -24
292100 -24.0529 -24
292200 -24.1248 -24
292300 -24.0941 -24
292400 -24.1887 -24
292500 -24.2084 -24
292600 -23.7908 -24
292700 -23.3744 -24
292800 -23.2538 -24
292900 -23.4208 -24
293000 -23.7904 -24
293100 -23.9699 -24
293200 -23.7774 -24
293300 -23.6224 -24
293400 -23.7664 -24
293500 -23.8339 -24
293600 -23.9456 -24
293700 -23.8109 -24
293800 -23.6065 -24
293900 -23.6183 -24
294000 -23.7323 -24
294100 -23.567 -24
294200 -23.5256 -24
294300 -23.8574 -24
294400 -24.1428 -24
294500 -24.0204 -24
294600 -23.9239 -24
294700 -23.9214 -24
294800 -23.6827 -24
294900 -23.199 -24
295000 -23.2643 -24
295100 -23.4814 -24
295200 -23.5978 -24
295300 -23.8061 -24
295400 -23.8947 -24
295500 -23.8988 -24
295600 -23.7932 -24
295700 -24.0307 -24
295800 -24.0461 -24
295900 -23.9288 -24
296000 -23.8002 -24
296100 -23.8701 -24
296200 -23.9873 -24
296300 -23.9311 -24
296400 -24.2437 -24
296500 -24.2326 -24
296600 -24.1908 -24
296700 -24.0529 -24
296800 -23.9759 -24
296900 -23.9304 -24
297000 -23.9085 -24
297100 -23.5392 -24
297200 -23.3347 -24
297300 -23.2107 -24
297400 -23.3031 -24
297500 -23.6895 -24
297600 -23.605 -24
297700 -23.3733 -24
297800 -23.1003 -24
297900 -23.7819 -24
298000 -24.3476 -24
298100 -24.6156 -24
298200 -24.7203 -24
298300 -24.3778 -24
298400 -24.1127 -24
298500 -24.0368 -24
298600 -23.8468 -24
298700 -23.8549 -24
298800 -23.9821 -24
298900 -23.9201 -24
299000 -23.8218 -24
299100 -23.9187 -24
299200 -23.9133 -24
299300 -23.8019 -24
299400 -23.7678 -24
299500 -23.673 -24
299600 -23.8294 -24
299700 -23.993 -24
299800 -24.0425 -24
299900 -24.105 -24
300000 -23.8697 -24
300100 -24.0104 -24
300200 -24.0527 -24
300300 -23.9728 -24
300400 -23.7273 -24
300500 -23.7974 -24
300600 -23.8786 -24
300700 -23.8454 -24
300800 -23.5215 -24
300900 -23.528 -24
301000 -23.4114 -24
301100 -23.6058 -24
301200 -23.8986 -24
301300 -24.2065 -24
301400 -24.1042 -24
301500 -23.4916 -24
301600 -23.6054 -24
301700 -23.9975 -24
301800 -24.2387 -24
301900 -24.3272 -24
302000 -24.5547 -24
302100 -24.6181 -24
302200 -24.4538 -24
302300 -24.4789 -24
302400 -24.4002 -24
302500 -24.782 -24
302600 -24.7718 -24
302700 -24.5618 -24
302800 -24.3212 -24
302900 -23.9851 -24
303000 -24.1699 -24
303100 -24.3331 -24
303200 -24.7288 -24
303300 -24.5126 -24
303400 -24.1665 -24
303500 -23.7365 -24
303600 -23.6745 -24
303700 -23.781 -24
303800 -23.9426 -24
303900 -24.031 -24
304000 -24.1537 -24
304100 -24.0312 -24
304200 -23.8085 -24
304300 -23.7338 -24
304400 -23.6886 -24
304500 -23.4717 -24
304600 -23.5199 -24
304700 -23.6882 -24
304800 -23.3764 -24
304900 -23.3445 -24
305000 -23.498 -24
305100 -23.545 -24
305200 -23.585 -24
305300 -23.4842 -24
305400 -23.439 -24
305500 -23.3466 -24
305600 -23.2592 -24
305700 -23.4904 -24
305800 -23.7423 -24
305900 -24.1291 -24
306000 -24.1814 -24
306100 -24.2852 -24
306200 -24.136 -24
306300 -24.0301 -24
306400 -24.0429 -24
306500 -24.3907 -24
306600 -24.7116 -24
306700 -25.0189 -24
306800 -24.644 -24
306900 -24.4056 -24
307000 -24.1075 -24
307100 -24.0455 -24
307200 -23.9441 -24
307300 -24.0337 -24
307400 -24.0414 -24
307500 -24.1543 -24
307600 -24.0967 -24
307700 -24.2048 -24
307800 -24.3036 -24
307900 -23.8371 -24
308000 -23.5284 -24
308100 -23.2373 -24
308200 -23.1756 -24
308300 -23.2562 -24
308400 -23.3162 -24
308500 -23.469 -24
308600 -23.5773 -24
308700 -23.9149 -24
308800 -24.423 -24
308900 -24.7264 -24
309000 -24.7528 -24
309100 -24.7898 -24
309200 -24.6243 -24
309300 -24.5494 -24
309400 -24.5638 -24
309500 -24.3076 -24
309600 -24.0621 -24
309700 -23.9525 -24
309800 -24.1845 -24
309900 -24.3542 -24
310000 -24.2785 -24
310100 -24.1132 -24
310200 -23.8189 -24
310300 -23.7801 -24
310400 -23.9228 -24
310500 -23.9388 -24
310600 -23.9974 -24
310700 -24.1444 -24
310800 -24.3919 -24
310900 -24.4425 -24
311000 -24.2669 -24
311100 -24.229 -24
311200 -24.1659 -24
311300 -24.2671 -24
311400 -24.3281 -24
311500 -24.2614 -24
311600 -24.0363 -24
311700 -24.0004 -24
311800 -23.9587 -24
311900 -23.8118 -24
312000 -23.6604 -24
312100 -23.5887 -24
312200 -23.6186 -24
312300 -23.9593 -24
312400 -23.9837 -24
312500 -23.7456 -24
312600 -23.4627 -24
312700 -23.1994 -24
312800 -23.4503 -24
312900 -23.5272 -24
313000 -23.4035 -24
313100 -23.4707 -24
313200 -23.7721 -24
313300 -23.7142 -24
313400 -23.9875 -24
313500 -24.2647 -24
313600 -24.3676 -24
313700 -24.4605 -24
313800 -24.4602 -24
313900 -24.3814 -24
314000 -24.1934 -24
314100 -24.1149 -24
314200 -23.9941 -24
314300 -24.1425 -24
314400 -24.5979 -24
314500 -24.7453 -24
314600 -24.6319 -24
314700 -24.3551 -24
314800 -24.0754 -24
314900 -24.02 -24
315000 -24.0981 -24
315100 -24.4322 -24
315200 -24.393 -24
315300 -24.3682 -24
315400 -24.4136 -24
315500 -24.7837 -24
315600 -24.8 -24
315700 -24.856 -24
315800 -24.7115 -24
315900 -24.6813 -24
316000 -24.5016 -24
316100 -24.1477 -24
316200 -23.9914 -24
316300 -23.9332 -24
316400 -23.8379 -24
316500 -23.5984 -24
316600 -23.4686 -24
316700 -23.4767 -24
316800 -23.4445 -24
316900 -23.3982 -24
317000 -23.5244 -24
317100 -23.7841 -24
317200 -23.8761 -24
317300 -23.9937 -24
317400 -23.9941 -24
317500 -23.9347 -24
317600 -23.7945 -24
317700 -23.7889 -24
317800 -23.7462 -24
317900 -24.1125 -24
318000 -24.1845 -24
318100 -24.1887 -24
318200 -24.0016 -24
318300 -23.9619 -24
318400 -24.0564 -24
318500 -24.0988 -24
318600 -24.1091 -24
318700 -24.1415 -24
318800 -24.2093 -24
318900 -24.3038 -24
319000 -24.5734 -24
319100 -24.7875 -24
319200 -24.7488 -24
319300 -24.8543 -24
319400 -24.9099 -24
319500 -24.8938 -24
319600 -25.0353 -24
319700 -24.9881 -24
319800 -24.5164 -24
319900 -24.1422 -24
320000 -23.9862 -24
320100 -23.9386 -24
320200 -23.9685 -24
320300 -23.8798 -24
320400 -23.7772 -24
320500 -23.724 -24
320600 -23.8884 -24
320700 -24.2274 -24
320800 -24.2886 -24
320900 -24.2171 -24
321000 -24.3765 -24
321100 -24.605 -24
321200 -24.9021 -24
321300 -24.7208 -24
321400 -24.4626 -24
321500 -24.5718 -24
321600 -24.5207 -24
321700 -24.2658 -24
321800 -24.1344 -24
321900 -24.3215 -24
322000 -24.5079 -24
322100 -24.4036 -24
322200 -24.2938 -24
322300 -24.2644 -24
322400 -24.3055 -24
322500 -24.5091 -24
322600 -24.6762 -24
322700 -24.7846 -24
322800 -24.3931 -24
322900 -24.2638 -24
323000 -24.5612 -24
323100 -24.6465 -24
323200 -24.4921 -24
323300 -24.2749 -24
323400 -24.2729 -24
323500 -24.0835 -24
323600 -23.7231 -24
323700 -23.5051 -24
323800 -23.5358 -24
323900 -23.5262 -24
324000 -23.3475 -24
324100 -23.5126 -24
324200 -23.8114 -24
324300 -23.7422 -24
324400 -23.6788 -24
324500 -23.6327 -24
324600 -23.587 -24
324700 -23.3743 -24
324800 -23.1957 -24
324900 -23.5082 -24
325000 -23.7197 -24
325100 -24.0355 -24
325200 -24.0515 -24
325300 -23.9762 -24
325400 -24.2017 -24
325500 -24.6371 -24
325600 -24.8392 -24
325700 -24.5918 -24
325800 -24.2445 -24
325900 -23.8599 -24
326000 -23.6625 -24
326100 -23.709 -24
326200 -23.5121 -24
326300 -23.4127 -24
326400 -23.3003 -24
326500 -23.2491 -24
326600 -23.1762 -24
326700 -23.1732 -24
326800 -23.4283 -24
326900 -23.6907 -24
327000 -23.9768 -24
327100 -24.1337 -24
327200 -24.2603 -24
327300 -24.1468 -24
327400 -24.1757 -24
327500 -24.2604 -24
327600 -24.1721 -24
327700 -24.0095 -24
327800 -23.674 -24
327900 -23.6567 -24
328000 -23.8783 -24
328100 -23.9527 -24
328200 -23.9792 -24
328300 -23.942 -24
328400 -24.2541 -24
328500 -23.8505 -24
328600 -23.6889 -24
328700 -23.7871 -24
328800 -23.6549 -24
328900 -23.5431 -24
329000 -23.4971 -24
329100 -23.538 -24
329200 -23.7567 -24
329300 -23.5737 -24
329400 -23.7363 -24
329500 -23.836 -24
329600 -23.6691 -24
329700 -23.3714 -24
329800 -23.6928 -24
329900 -24.002 -24
330000 -24.1473 -24
330100 -24.0141 -24
330200 -24.1541 -24
330300 -23.8123 -24
330400 -23.6499 -24
330500 -23.5132 -24
330600 -23.5507 -24
330700 -23.7266 -24
330800 -24.0073 -24
330900 -24.198 -24
331000 -24.2759 -24
331100 -24.2271 -24
331200 -24.3652 -24
331300 -24.0742 -24
331400 -23.905 -24
331500 -23.5743 -24
331600 -23.271 -24
331700 -23.1815 -24
331800 -23.3992 -24
331900 -23.2242 -24
332000 -23.0751 -24
332100 -23.1548 -24
332200 -23.3509 -24
332300 -23.6219 -24
332400 -23.7211 -24
332500 -23.8029 -24
332600 -23.9102 -24
332700 -24.1272 -24
332800 -24.0906 -24
332900 -24.2353 -24
333000 -24.2886 -24
333100 -24.477 -24
333200 -24.2954 -24
333300 -24.3664 -24
333400 -24.6692 -24
333500 -24.5729 -24
333600 -24.4856 -24
333700 -24.31 -24
333800 -24.0629 -24
333900 -24.1475 -24
334000 -23.8892 -24
334100 -23.7886 -24
334200 -23.9858 -24
334300 -24.0018 -24
334400 -23.9646 -24
334500 -24.0295 -24
334600 -23.7189 -24
334700 -23.8117 -24
334800 -23.8134 -24
334900 -24.0016 -24
335000 -23.9168 -24
335100 -23.589 -24
335200 -23.9897 -24
335300 -24.3425 -24
335400 -24.5408 -24
335500 -24.403 -24
335600 -24.1911 -24
335700 -23.9737 -24
335800 -23.6551 -24
335900 -23.7541 -24
336000 -23.7179 -24
336100 -23.9721 -24
336200 -24.0667 -24
336300 -24.0884 -24
336400 -24.2743 -24
336500 -24.2785 -24
336600 -24.2568 -24
336700 -24.2146 -24
336800 -24.0622 -24
336900 -23.8858 -24
337000 -23.877 -24
337100 -24.1061 -24
337200 -24.2249 -24
337300 -24.0375 -24
337400 -23.8418 -24
337500 -23.6092 -24
337600 -23.7113 -24
337700 -24.0308 -24
337800 -23.9589 -24
337900 -24.1641 -24
338000 -24.1485 -24
338100 -23.9283 -24
338200 -24.1669 -24
338300 -24.3658 -24
338400 -24.5816 -24
338500 -24.6621 -24
338600 -24.2595 -24
338700 -23.7719 -24
338800 -23.7765 -24
338900 -23.6579 -24
339000 -23.674 -24
339100 -24.0411 -24
339200 -24.131 -24
339300 -23.7614 -24
339400 -23.6049 -24
339500 -23.8272 -24
339600 -23.8396 -24
339700 -23.6375 -24
339800 -23.4459 -24
339900 -23.5895 -24
340000 -23.6013 -24
340100 -23.3395 -24
340200 -23.3457 -24
340300 -23.4183 -24
340400 -23.4203 -24
340500 -23.7329 -24
340600 -23.9786 -24
340700 -23.7375 -24
340800 -23.6578 -24
340900 -23.6411 -24
341000 -23.643 -24
341100 -23.6337 -24
341200 -23.6852 -24
341300 -23.6644 -24
341400 -23.3637 -24
341500 -23.5137 -24
341600 -23.7473 -24
341700 -24.0561 -24
341800 -24.2725 -24
341900 -24.1693 -24
342000 -24.0029 -24
342100 -23.965 -24
342200 -23.7594 -24
342300 -23.4681 -24
342400 -23.4106 -24
342500 -23.748 -24
342600 -23.9344 -24
342700 -23.8697 -24
342800 -23.6987 -24
342900 -23.727 -24
343000 -23.6733 -24
343100 -23.6599 -24
343200 -23.3621 -24
343300 -23.1974 -24
343400 -23.2524 -24
343500 -23.5003 -24
343600 -23.62 -24
343700 -23.9136 -24
343800 -23.8821 -24
343900 -23.3716 -24
344000 -23.0747 -24
344100 -23.1721 -24
344200 -23.4698 -24
344300 -23.9467 -24
344400 -24.3546 -24
344500 -24.2083 -24
344600 -24.3312 -24
344700 -24.32 -24
344800 -24.1068 -24
344900 -24.2167 -24
345000 -24.5153 -24
345100 -24.8847 -24
345200 -24.6316 -24
345300 -24.196 -24
345400 -23.6304 -24
345500 -23.5188 -24
345600 -23.8015 -24
345700 -24.2681 -24
345800 -24.1496 -24
345900 -24.1905 -24
346000 -24.212 -24
346100 -24.003 -24
346200 -24.0793 -24
346300 -24.0424 -24
346400 -24.1176 -24
346500 -24.2281 -24
346600 -24.1582 -24
346700 -23.9362 -24
346800 -24.2234 -24
346900 -23.8053 -24
347000 -23.4573 -24
347100 -23.4602 -24
347200 -23.6202 -24
347300 -23.82 -24
347400 -23.7973 -24
347500 -23.8118 -24
347600 -23.8964 -24
347700 -24.0723 -24
347800 -24.4159 -24
347900 -24.5476 -24
348000 -24.3165 -24
348100 -24.0435 -24
348200 -24.0369 -24
348300 -24.0584 -24
348400 -24.1414 -24
348500 -23.8092 -24
348600 -23.8278 -24
348700 -23.8297 -24
348800 -23.6152 -24
348900 -23.6593 -24
349000 -23.8328 -24
349100 -23.7706 -24
349200 -23.5596 -24
349300 -23.27 -24
349400 -23.5997 -24
349500 -23.8151 -24
349600 -23.686 -24
349700 -23.7245 -24
349800 -23.7292 -24
349900 -23.4112 -24
350000 -23.2777 -24
350100 -23.1891 -24
350200 -23.373 -24
350300 -23.4189 -24
350400 -23.5525 -24
350500 -23.7352 -24
350600 -23.9075 -24
350700 -24.1169 -24
350800 -24.2585 -24
350900 -24.3649 -24
351000 -24.4667 -24
351100 -24.6026 -24
351200 -24.6938 -24
351300 -24.531 -24
351400 -24.4306 -24
351500 -24.326 -24
351600 -24.0285 -24
351700 -23.6076 -24
351800 -23.8061 -24
351900 -23.8592 -24
352000 -23.6792 -24
352100 -23.6837 -24
352200 -23.7686 -24
352300 -23.9284 -24
352400 -24.0377 -24
352500 -23.9132 -24
352600 -23.7102 -24
352700 -23.4335 -24
352800 -23.6401 -24
352900 -23.7489 -24
353000 -23.9809 -24
353100 -23.8006 -24
353200 -23.7437 -24
353300 -23.9186 -24
353400 -23.7663 -24
353500 -23.6706 -24
353600 -23.4922 -24
353700 -23.3571 -24
353800 -23.4685 -24
353900 -23.5653 -24
354000 -23.8421 -24
354100 -23.7683 -24
354200 -23.4996 -24
354300 -23.2401 -24
354400 -23.3155 -24
354500 -23.5776 -24
354600 -23.8786 -24
354700 -23.9269 -24
354800 -23.7995 -24
354900 -23.5857 -24
355000 -23.4252 -24
355100 -23.2705 -24
355200 -23.7496 -24
355300 -23.9449 -24
355400 -23.9157 -24
355500 -23.5759 -24
355600 -23.783 -24
355700 -24.3445 -24
355800 -24.3059 -24
355900 -24.063 -24
356000 -23.991 -24
356100 -23.9908 -24
356200 -24.0318 -24
356300 -23.8298 -24
356400 -23.9878 -24
356500 -24.1991 -24
356600 -24.2279 -24
356700 -24.4006 -24
356800 -24.3631 -24
356900 -23.8748 -24
357000 -23.8167 -24
357100 -23.7647 -24
357200 -24.0508 -24
357300 -23.8368 -24
357400 -23.7211 -24
357500 -23.8041 -24
357600 -24.1784 -24
357700 -24.1651 -24
357800 -24.3201 -24
357900 -24.2064 -24
358000 -24.2903 -24
358100 -24.5106 -24
358200 -24.402 -24
358300 -24.129 -24
358400 -23.7157 -24
358500 -23.8158 -24
358600 -23.8673 -24
358700 -23.6817 -24
358800 -23.4659 -24
358900 -23.8086 -24
359000 -24.09 -24
359100 -24.2342 -24
359200 -24.5404 -24
359300 -24.5904 -24
359400 -24.4898 -24
359500 -24.4792 -24
359600 -24.1896 -24
359700 -24.0038 -24
359800 -23.8532 -24
359900 -23.9141 -24
360000 -23.5933 -24
360100 -23.329 -24
360200 -23.4707 -24
360300 -23.4014 -24
360400 -23.6705 -24
360500 -23.9109 -24
360600 -24.0576 -24
360700 -24.0859 -24
360800 -24.0916 -24
360900 -24.3115 -24
361000 -24.3328 -24
361100 -24.458 -24
361200 -24.3588 -24
361300 -24.1768 -24
361400 -24.0411 -24
361500 -24.0749 -24
361600 -23.9305 -24
361700 -24.0113 -24
361800 -24.1855 -24
361900 -24.2594 -24
362000 -24.4259 -24
362100 -24.5549 -24
362200 -24.1281 -24
362300 -23.6748 -24
362400 -23.5631 -24
362500 -23.8184 -24
362600 -24.2385 -24
362700 -24.1498 -24
362800 -24.1557 -24
362900 -24.2488 -24
363000 -24.21 -24
363100 -24.1591 -24
363200 -24.0071 -24
363300 -23.899 -24
363400 -24.1451 -24
363500 -24.3557 -24
363600 -24.2941 -24
363700 -24.2369 -24
363800 -24.502 -24
363900 -24.4999 -24
364000 -24.0038 -24
364100 -23.7675 -24
364200 -23.7433 -24
364300 -24.0911 -24
364400 -24.112 -24
364500 -23.8119 -24
364600 -23.808 -24
364700 -23.8666 -24
364800 -24.1988 -24
364900 -24.5046 -24
365000 -24.4705 -24
365100 -24.3556 -24
365200 -24.0706 -24
365300 -23.936 -24
365400 -24.2346 -24
365500 -24.2348 -24
365600 -23.738 -24
365700 -23.8823 -24
365800 -24.1503 -24
365900 -24.0386 -24
366000 -23.9124 -24
366100 -24.0233 -24
366200 -24.0518 -24
366300 -24.064 -24
366400 -23.9659 -24
366500 -23.585 -24
366600 -23.3832 -24
366700 -23.3439 -24
366800 -23.1402 -24
366900 -23.2702 -24
367000 -23.5374 -24
367100 -23.8345 -24
367200 -24.2164 -24
367300 -24.2041 -24
367400 -24.0525 -24
367500 -24.1943 -24
367600 -24.4843 -24
367700 -24.2372 -24
367800 -23.9171 -24
367900 -23.7532 -24
368000 -23.6931 -24
368100 -24.0967 -24
368200 -24.2471 -24
368300 -24.2997 -24
368400 -24.295 -24
368500 -24.2273 -24
368600 -23.875 -24
368700 -23.5238 -24
368800 -23.4294 -24
368900 -23.7347 -24
369000 -23.7379 -24
369100 -23.8702 -24
369200 -23.9481 -24
369300 -24.1234 -24
369400 -24.4098 -24
369500 -24.5389 -24
369600 -24.4254 -24
369700 -24.4886 -24
369800 -24.3405 -24
369900 -24.2457 -24
370000 -24.3018 -24
370100 -24.2038 -24
370200 -24.6666 -24
370300 -24.9204 -24
370400 -25.2224 -24
370500 -25.2258 -24
370600 -24.9882 -24
370700 -24.6255 -24
370800 -24.4838 -24
370900 -24.4442 -24
371000 -24.2367 -24
371100 -24.2968 -24
371200 -23.8534 -24
371300 -23.558 -24
371400 -23.8461 -24
371500 -24.079 -24
371600 -24.1733 -24
371700 -23.8823 -24
371800 -23.922 -24
371900 -24.119 -24
372000 -24.4112 -24
372100 -24.637 -24
372200 -24.7726 -24
372300 -24.6056 -24
372400 -24.4995 -24
372500 -24.6155 -24
372600 -24.6485 -24
372700 -24.4271 -24
372800 -24.1419 -24
372900 -24.2143 -24
373000 -24.2748 -24
373100 -24.2629 -24
373200 -24.744 -24
373300 -24.5608 -24
373400 -24.1967 -24
373500 -23.8384 -24
373600 -23.7509 -24
373700 -24.0819 -24
373800 -24.0108 -24
373900 -23.9541 -24
374000 -23.8644 -24
374100 -23.8045 -24
374200 -23.7885 -24
374300 -23.8857 -24
374400 -24.0371 -24
374500 -24.0859 -24
374600 -23.9004 -24
374700 -23.9371 -24
374800 -24.1803 -24
374900 -24.3559 -24
375000 -24.5673 -24
375100 -24.6951 -24
375200 -24.4753 -24
375300 -24.2414 -24
375400 -24.2649 -24
375500 -24.3245 -24
375600 -24.4092 -24
375700 -24.453 -24
375800 -24.4659 -24
375900 -24.5347 -24
376000 -24.4793 -24
376100 -24.2028 -24
376200 -23.8997 -24
376300 -23.7302 -24
376400 -23.7645 -24
376500 -23.8813 -24
376600 -23.9858 -24
376700 -23.9528 -24
376800 -23.6804 -24
376900 -23.6314 -24
377000 -23.8816 -24
377100 -23.8193 -24
377200 -23.5188 -24
377300 -23.5487 -24
377400 -23.7548 -24
377500 -23.8438 -24
377600 -24.0017 -24
377700 -24.1373 -24
377800 -24.3262 -24
377900 -24.2765 -24
378000 -24.0231 -24
378100 -24.0715 -24
378200 -23.9692 -24
378300 -23.9818 -24
378400 -23.8751 -24
378500 -24.0086 -24
378600 -24.0625 -24
378700 -24.1124 -24
378800 -24.1139 -24
378900 -24.1819 -24
379000 -24.0873 -24
379100 -24.0008 -24
379200 -23.9449 -24
379300 -23.8642 -24
379400 -23.844 -24
379500 -24.0095 -24
379600 -23.8981 -24
379700 -23.6296 -24
379800 -23.4026 -24
379900 -23.4082 -24
380000 -23.8212 -24
380100 -24.0724 -24
380200 -24.222 -24
380300 -24.2192 -24
380400 -23.9657 -24
380500 -24.1127 -24
380600 -23.9202 -24
380700 -23.6769 -24
380800 -23.8101 -24
380900 -24.1182 -24
381000 -24.4301 -24
381100 -24.6487 -24
381200 -24.4472 -24
381300 -24.1999 -24
381400 -24.0497 -24
381500 -23.6706 -24
381600 -23.3344 -24
381700 -23.4066 -24
381800 -23.8664 -24
381900 -24.1437 -24
382000 -23.9283 -24
382100 -23.7595 -24
382200 -23.7709 -24
382300 -23.8833 -24
382400 -23.9663 -24
382500 -24.269 -24
382600 -24.1385 -24
382700 -23.9019 -24
382800 -23.7035 -24
382900 -23.6772 -24
383000 -23.9698 -24
383100 -23.9666 -24
383200 -23.5517 -24
383300 -23.6463 -24
383400 -23.6427 -24
383500 -23.7795 -24
383600 -24.1337 -24
383700 -24.1896 -24
383800 -23.9725 -24
383900 -23.7819 -24
384000 -23.5188 -24
384100 -23.4175 -24
384200 -23.5526 -24
384300 -23.7496 -24
384400 -23.7386 -24
384500 -24.0094 -24
384600 -23.8355 -24
384700 -23.8431 -24
384800 -23.8409 -24
384900 -24.0906 -24
385000 -24.1149 -24
385100 -24.1614 -24
385200 -24.2702 -24
385300 -24.5527 -24
385400 -24.45 -24
385500 -24.0471 -24
385600 -23.6969 -24
385700 -23.5183 -24
385800 -23.9395 -24
385900 -24.3542 -24
386000 -24.102 -24
386100 -23.5915 -24
386200 -23.9177 -24
386300 -24.221 -24
386400 -24.3424 -24
386500 -24.1181 -24
386600 -24.0604 -24
386700 -24.0313 -24
386800 -24.0122 -24
386900 -24.354 -24
387000 -24.5314 -24
387100 -24.7733 -24
387200 -25.186 -24
387300 -25.1663 -24
387400 -24.656 -24
387500 -24.1852 -24
387600 -23.9281 -24
387700 -23.9373 -24
387800 -23.7112 -24
387900 -23.501 -24
388000 -23.6876 -24
388100 -23.6586 -24
388200 -23.7157 -24
388300 -23.8386 -24
388400 -23.7813 -24
388500 -23.6998 -24
388600 -23.6152 -24
388700 -23.5437 -24
388800 -23.4801 -24
388900 -23.3307 -24
389000 -23.6015 -24
389100 -23.7493 -24
389200 -24.0145 -24
389300 -24.1081 -24
389400 -24.0087 -24
389500 -23.9647 -24
389600 -24.1161 -24
389700 -24.1963 -24
389800 -24.2636 -24
389900 -24.5308 -24
390000 -24.7769 -24
390100 -24.516 -24
390200 -24.4317 -24
390300 -23.9326 -24
390400 -23.7415 -24
390500 -24.2785 -24
390600 -24.7621 -24
390700 -24.6687 -24
390800 -24.5707 -24
390900 -24.6011 -24
391000 -24.4423 -24
391100 -24.3308 -24
391200 -23.9363 -24
391300 -23.7572 -24
391400 -23.8631 -24
391500 -24.1685 -24
391600 -24.3578 -24
391700 -24.0239 -24
391800 -23.5465 -24
391900 -23.2852 -24
392000 -23.1179 -24
392100 -23.0803 -24
392200 -23.0451 -24
392300 -23.3498 -24
392400 -23.5763 -24
392500 -23.9073 -24
392600 -23.9746 -24
392700 -24.0318 -24
392800 -23.913 -24
392900 -23.6111 -24
393000 -23.5424 -24
393100 -23.5536 -24
393200 -23.5038 -24
393300 -23.4002 -24
393400 -23.429 -24
393500 -23.7888 -24
393600 -24.2835 -24
393700 -24.2364 -24
393800 -24.4344 -24
393900 -24.6516 -24
394000 -24.5518 -24
394100 -24.5236 -24
394200 -24.6205 -24
394300 -24.5764 -24
394400 -24.2703 -24
394500 -24.1897 -24
394600 -24.1168 -24
394700 -24.1693 -24
394800 -24.2046 -24
394900 -24.2425 -24
395000 -24.3696 -24
395100 -24.3573 -24
395200 -24.0639 -24
395300 -23.9702 -24
395400 -23.9322 -24
395500 -23.8605 -24
395600 -23.6723 -24
395700 -23.7221 -24
395800 -23.8902 -24
395900 -24.0346 -24
396000 -24.145 -24
396100 -24.2808 -24
396200 -24.0869 -24
396300 -23.8225 -24
396400 -24.0932 -24
396500 -24.2611 -24
396600 -24.1901 -24
396700 -24.3311 -24
396800 -24.3342 -24
396900 -24.1057 -24
397000 -23.6297 -24
397100 -23.6791 -24
397200 -23.6953 -24
397300 -24.1807 -24
397400 -24.5707 -24
397500 -24.6777 -24
397600 -24.411 -24
397700 -24.3104 -24
397800 -24.2221 -24
397900 -24.0746 -24
398000 -24.413 -24
398100 -24.4834 -24
398200 -24.2025 -24
398300 -23.9827 -24
398400 -23.9217 -24
398500 -23.7394 -24
398600 -23.6249 -24
398700 -23.7955 -24
398800 -23.9214 -24
398900 -23.7724 -24
399000 -24.021 -24
399100 -24.2268 -24
399200 -24.3481 -24
399300 -24.3027 -24
399400 -24.1177 -24
399500 -23.9373 -24
399600 -24.1669 -24
399700 -24.2332 -24
399800 -24.4835 -24
399900 -24.4807 -24
400000 -24.5637 -24
