# Time-averaged data for fix myat1
# TimeStep v_xave v_xdes
18600100 21.9673 22
18600200 21.8846 22
18600300 21.8552 22
18600400 21.4922 22
18600500 21.4039 22
18600600 21.6528 22
18600700 21.6495 22
18600800 21.7995 22
18600900 21.7689 22
18601000 21.615 22
18601100 21.7492 22
18601200 21.756 22
18601300 21.6095 22
18601400 21.6569 22
18601500 21.5984 22
18601600 21.8766 22
18601700 22.1607 22
18601800 22.4044 22
18601900 22.4576 22
18602000 22.278 22
18602100 22.221 22
18602200 21.9977 22
18602300 22.1488 22
18602400 22.3608 22
18602500 22.1996 22
18602600 22.1388 22
18602700 22.0278 22
18602800 22.0345 22
18602900 21.8629 22
18603000 21.8646 22
18603100 22.2388 22
18603200 22.3871 22
18603300 22.3625 22
18603400 21.9897 22
18603500 21.863 22
18603600 21.9228 22
18603700 21.6629 22
18603800 21.7732 22
18603900 21.5689 22
18604000 21.5389 22
18604100 21.5673 22
18604200 22.046 22
18604300 22.072 22
18604400 21.9437 22
18604500 21.5942 22
18604600 21.5323 22
18604700 21.8187 22
18604800 21.7617 22
18604900 21.9447 22
18605000 21.7587 22
18605100 21.6551 22
18605200 21.8368 22
18605300 21.8984 22
18605400 22.1595 22
18605500 22.0912 22
18605600 22.0261 22
18605700 21.858 22
18605800 21.8723 22
18605900 21.7426 22
18606000 21.8487 22
18606100 21.9449 22
18606200 22.1549 22
18606300 21.989 22
18606400 21.9705 22
18606500 21.8694 22
18606600 21.7807 22
18606700 21.4801 22
18606800 21.3068 22
18606900 21.4211 22
18607000 21.7273 22
18607100 21.9196 22
18607200 21.9527 22
18607300 22.1851 22
18607400 22.1418 22
18607500 21.9346 22
18607600 22.1593 22
18607700 22.4605 22
18607800 22.3722 22
18607900 22.1896 22
18608000 22.0785 22
18608100 22.0641 22
18608200 21.8769 22
18608300 22.0523 22
18608400 22.2667 22
18608500 22.1413 22
18608600 21.9383 22
18608700 21.9742 22
18608800 21.9641 22
18608900 22.1701 22
18609000 22.114 22
18609100 22.1278 22
18609200 21.9238 22
18609300 21.8112 22
18609400 21.7077 22
18609500 21.7242 22
18609600 22.0933 22
18609700 22.1251 22
18609800 22.0208 22
18609900 21.9945 22
18610000 22.2564 22
18610100 22.244 22
18610200 22.0397 22
18610300 22.0495 22
18610400 22.2623 22
18610500 22.2563 22
18610600 22.3339 22
18610700 22.1359 22
18610800 22.1332 22
18610900 22.266 22
18611000 22.4771 22
18611100 22.4112 22
18611200 22.3183 22
18611300 22.4911 22
18611400 22.4683 22
18611500 22.294 22
18611600 22.339 22
18611700 22.338 22
18611800 21.9338 22
18611900 21.7291 22
18612000 21.7186 22
18612100 21.7478 22
18612200 21.9878 22
18612300 22.1105 22
18612400 22.3755 22
18612500 22.2434 22
18612600 22.2238 22
18612700 21.9728 22
18612800 21.7873 22
18612900 21.9299 22
18613000 21.9651 22
18613100 22.0309 22
18613200 22.2088 22
18613300 22.3087 22
18613400 22.4931 22
18613500 22.5311 22
18613600 22.7254 22
18613700 23.0854 22
18613800 22.9399 22
18613900 22.7357 22
18614000 22.5155 22
18614100 22.2435 22
18614200 21.9135 22
18614300 21.8674 22
18614400 22.0814 22
18614500 22.318 22
18614600 22.3944 22
18614700 22.2976 22
18614800 22.112 22
18614900 22.2041 22
18615000 21.9645 22
18615100 21.9249 22
18615200 21.5879 22
18615300 21.4941 22
18615400 21.7067 22
18615500 21.8882 22
18615600 21.9777 22
18615700 21.9782 22
18615800 22.0519 22
18615900 21.9834 22
18616000 22.0182 22
18616100 22.0085 22
18616200 22.2579 22
18616300 22.2772 22
18616400 22.1995 22
18616500 22.5972 22
18616600 22.868 22
18616700 22.4099 22
18616800 22.1504 22
18616900 22.0687 22
18617000 21.9642 22
18617100 21.6181 22
18617200 21.2745 22
18617300 21.1414 22
18617400 21.3192 22
18617500 21.4918 22
18617600 21.5597 22
18617700 21.5374 22
18617800 21.2534 22
18617900 21.0691 22
18618000 21.3116 22
18618100 21.5953 22
18618200 22.0339 22
18618300 22.4687 22
18618400 22.503 22
18618500 22.4817 22
18618600 22.4945 22
18618700 22.484 22
18618800 22.2332 22
18618900 22.1174 22
18619000 21.9529 22
18619100 21.8453 22
18619200 21.9917 22
18619300 21.7967 22
18619400 21.5702 22
18619500 21.3126 22
18619600 20.984 22
18619700 20.8357 22
18619800 20.9236 22
18619900 21.1591 22
18620000 21.4434 22
18620100 21.5823 22
18620200 21.5052 22
18620300 21.9056 22
18620400 22.1869 22
18620500 22.0481 22
18620600 22.2004 22
18620700 22.1266 22
18620800 21.9819 22
18620900 21.9281 22
18621000 21.7053 22
18621100 21.3777 22
18621200 21.3471 22
18621300 21.2734 22
18621400 21.1388 22
18621500 21.006 22
18621600 21.2794 22
18621700 21.359 22
18621800 21.2981 22
18621900 21.6976 22
18622000 21.9034 22
18622100 22.1661 22
18622200 22.1269 22
18622300 22.3593 22
18622400 22.4425 22
18622500 22.5588 22
18622600 22.9387 22
18622700 23.1522 22
18622800 23.0401 22
18622900 22.6678 22
18623000 22.1529 22
18623100 21.9864 22
18623200 22.1156 22
18623300 22.1887 22
18623400 22.4026 22
18623500 22.4135 22
18623600 22.2005 22
18623700 22.1486 22
18623800 21.7292 22
18623900 21.494 22
18624000 21.4415 22
18624100 21.8116 22
18624200 21.9232 22
18624300 22.0303 22
18624400 22.2189 22
18624500 22.2462 22
18624600 22.3489 22
18624700 22.5415 22
18624800 22.6148 22
18624900 22.2909 22
18625000 22.4544 22
18625100 22.4948 22
18625200 22.3092 22
18625300 21.9465 22
18625400 21.4972 22
18625500 21.5021 22
18625600 21.4766 22
18625700 21.3987 22
18625800 21.4381 22
18625900 21.482 22
18626000 21.591 22
18626100 21.6513 22
18626200 21.8967 22
18626300 21.6824 22
18626400 21.4996 22
18626500 21.9527 22
18626600 22.0988 22
18626700 22.0304 22
18626800 21.7292 22
18626900 21.2864 22
18627000 20.9489 22
18627100 20.9765 22
18627200 21.2632 22
18627300 21.6439 22
18627400 21.8807 22
18627500 21.9862 22
18627600 21.66 22
18627700 21.6872 22
18627800 21.363 22
18627900 20.9437 22
18628000 20.9071 22
18628100 21.1451 22
18628200 21.3511 22
18628300 21.6596 22
18628400 21.8534 22
18628500 22.0727 22
18628600 22.0181 22
18628700 21.7546 22
18628800 21.7721 22
18628900 21.9786 22
18629000 22.0273 22
18629100 22.3252 22
18629200 22.3222 22
18629300 22.3677 22
18629400 22.3883 22
18629500 22.2313 22
18629600 21.7926 22
18629700 21.3653 22
18629800 21.2238 22
18629900 21.4821 22
18630000 21.7654 22
18630100 21.8929 22
18630200 21.9387 22
18630300 21.9154 22
18630400 21.8759 22
18630500 21.8687 22
18630600 21.9564 22
18630700 22.035 22
18630800 22.2595 22
18630900 22.376 22
18631000 22.615 22
18631100 22.5869 22
18631200 22.8615 22
18631300 22.4855 22
18631400 21.887 22
18631500 21.7061 22
18631600 21.8113 22
18631700 22.0277 22
18631800 22.0446 22
18631900 21.9142 22
18632000 22.2077 22
18632100 22.4715 22
18632200 22.5156 22
18632300 22.2745 22
18632400 22.0587 22
18632500 21.9375 22
18632600 21.9038 22
18632700 21.6235 22
18632800 21.2887 22
18632900 21.5022 22
18633000 21.8539 22
18633100 22.3181 22
18633200 22.4455 22
18633300 22.2396 22
18633400 22.2 22
18633500 22.0769 22
18633600 22.0671 22
18633700 21.9301 22
18633800 22.1037 22
18633900 22.1149 22
18634000 22.1021 22
18634100 22.3455 22
18634200 22.1141 22
18634300 21.9501 22
18634400 21.9765 22
18634500 22.0248 22
18634600 22.081 22
18634700 22.2326 22
18634800 22.255 22
18634900 22.0241 22
18635000 21.9347 22
18635100 22.5894 22
18635200 22.7651 22
18635300 22.609 22
18635400 22.5305 22
18635500 22.3793 22
18635600 22.269 22
18635700 22.079 22
18635800 21.9292 22
18635900 21.7406 22
18636000 21.7325 22
18636100 21.5849 22
18636200 21.4155 22
18636300 21.5182 22
18636400 21.5201 22
18636500 21.5929 22
18636600 21.821 22
18636700 21.9122 22
18636800 21.9196 22
18636900 21.9854 22
18637000 22.4885 22
18637100 22.5318 22
18637200 22.2125 22
18637300 22.233 22
18637400 22.5724 22
18637500 22.4655 22
18637600 22.0312 22
18637700 21.9154 22
18637800 22.0179 22
18637900 21.9203 22
18638000 21.9002 22
18638100 21.7113 22
18638200 21.6954 22
18638300 22.0318 22
18638400 22.0379 22
18638500 22.0924 22
18638600 22.1962 22
18638700 22.085 22
18638800 22.1636 22
18638900 22.1375 22
18639000 22.0831 22
18639100 21.7189 22
18639200 21.633 22
18639300 21.8118 22
18639400 21.9471 22
18639500 21.7883 22
18639600 21.7315 22
18639700 21.8207 22
18639800 21.8307 22
18639900 21.8775 22
18640000 21.8394 22
18640100 21.4662 22
18640200 21.4533 22
18640300 21.4553 22
18640400 21.5825 22
18640500 21.7051 22
18640600 21.704 22
18640700 21.9648 22
18640800 22.1598 22
18640900 22.395 22
18641000 22.4209 22
18641100 22.5086 22
18641200 22.4247 22
18641300 22.3389 22
18641400 22.3375 22
18641500 22.3451 22
18641600 22.4503 22
18641700 22.1399 22
18641800 21.9986 22
18641900 21.8519 22
18642000 21.8991 22
18642100 21.5672 22
18642200 21.4699 22
18642300 21.4681 22
18642400 21.1623 22
18642500 21.1757 22
18642600 21.7232 22
18642700 22.0308 22
18642800 22.0609 22
18642900 21.9965 22
18643000 22.1293 22
18643100 22.2005 22
18643200 22.2187 22
18643300 22.518 22
18643400 22.4712 22
18643500 22.0823 22
18643600 21.9786 22
18643700 21.7982 22
18643800 21.7585 22
18643900 21.8151 22
18644000 21.9493 22
18644100 21.8412 22
18644200 21.89 22
18644300 21.8173 22
18644400 21.8869 22
18644500 22.1232 22
18644600 22.184 22
18644700 21.8172 22
18644800 21.5441 22
18644900 21.7026 22
18645000 21.9153 22
18645100 22.0097 22
18645200 21.6111 22
18645300 21.2563 22
18645400 21.1386 22
18645500 21.1679 22
18645600 21.0771 22
18645700 21.2648 22
18645800 21.4588 22
18645900 21.5228 22
18646000 21.795 22
18646100 22.0214 22
18646200 22.4806 22
18646300 22.5097 22
18646400 22.0908 22
18646500 21.8624 22
18646600 21.8511 22
18646700 21.6899 22
18646800 21.8738 22
18646900 21.7913 22
18647000 21.6101 22
18647100 21.6679 22
18647200 21.8809 22
18647300 21.9727 22
18647400 21.8576 22
18647500 22.0641 22
18647600 21.4518 22
18647700 21.2562 22
18647800 21.1732 22
18647900 21.3362 22
18648000 21.5909 22
18648100 21.7706 22
18648200 21.6788 22
18648300 21.6375 22
18648400 21.7297 22
18648500 21.8566 22
18648600 21.5424 22
18648700 21.3637 22
18648800 21.518 22
18648900 21.4559 22
18649000 21.8712 22
18649100 22.1962 22
18649200 22.1578 22
18649300 22.2116 22
18649400 22.4529 22
18649500 22.6872 22
18649600 22.6828 22
18649700 22.6495 22
18649800 22.6434 22
18649900 22.3133 22
18650000 22.1686 22
18650100 22.1916 22
18650200 22.2093 22
18650300 22.0433 22
18650400 21.4583 22
18650500 21.4732 22
18650600 21.8728 22
18650700 22.3718 22
18650800 22.4278 22
18650900 22.1154 22
18651000 22.0816 22
18651100 22.1225 22
18651200 21.7206 22
18651300 21.8373 22
18651400 22.2552 22
18651500 22.4691 22
18651600 22.5833 22
18651700 22.7925 22
18651800 23.0419 22
18651900 22.7607 22
18652000 22.6102 22
18652100 22.6051 22
18652200 22.4671 22
18652300 22.3168 22
18652400 22.1236 22
18652500 21.9446 22
18652600 21.7339 22
18652700 21.5531 22
18652800 21.477 22
18652900 21.857 22
18653000 22.1023 22
18653100 21.7623 22
18653200 21.6797 22
18653300 21.7531 22
18653400 21.9753 22
18653500 22.31 22
18653600 22.1319 22
18653700 21.9493 22
18653800 22.0649 22
18653900 22.2332 22
18654000 21.9912 22
18654100 22.0805 22
18654200 22.1205 22
18654300 21.9567 22
18654400 21.921 22
18654500 22.1572 22
18654600 22.3803 22
18654700 22.5123 22
18654800 22.5863 22
18654900 22.5676 22
18655000 22.2694 22
18655100 21.8271 22
18655200 21.2945 22
18655300 21.1482 22
18655400 21.3296 22
18655500 21.6125 22
18655600 21.9747 22
18655700 22.1694 22
18655800 21.8023 22
18655900 21.4173 22
18656000 21.3054 22
18656100 21.348 22
18656200 21.5281 22
18656300 21.8501 22
18656400 21.9604 22
18656500 21.6259 22
18656600 21.5224 22
18656700 21.3048 22
18656800 21.2766 22
18656900 21.1377 22
18657000 20.923 22
18657100 21.3438 22
18657200 21.378 22
18657300 21.2413 22
18657400 21.4772 22
18657500 21.6517 22
18657600 21.5602 22
18657700 21.5137 22
18657800 21.837 22
18657900 22.0884 22
18658000 22.3711 22
18658100 22.5323 22
18658200 22.6959 22
18658300 22.2613 22
18658400 22.2491 22
18658500 22.2488 22
18658600 22.2987 22
18658700 22.0094 22
18658800 21.3925 22
18658900 21.3699 22
18659000 21.3872 22
18659100 21.4581 22
18659200 21.5221 22
18659300 21.5135 22
18659400 21.4751 22
18659500 21.7063 22
18659600 21.8453 22
18659700 21.842 22
18659800 21.9836 22
18659900 22.1144 22
18660000 21.9982 22
18660100 21.5821 22
18660200 21.2335 22
18660300 21.3553 22
18660400 21.4113 22
18660500 21.5471 22
18660600 21.8026 22
18660700 22.2681 22
18660800 22.4004 22
18660900 21.9435 22
18661000 21.5888 22
18661100 21.2666 22
18661200 21.2227 22
18661300 21.2768 22
18661400 21.4213 22
18661500 21.6365 22
18661600 21.9148 22
18661700 21.9901 22
18661800 22.1309 22
18661900 22.3263 22
18662000 22.2877 22
18662100 22.2389 22
18662200 21.9302 22
18662300 21.5449 22
18662400 21.4906 22
18662500 21.5156 22
18662600 21.5612 22
18662700 21.6951 22
18662800 21.7556 22
18662900 21.695 22
18663000 21.8633 22
18663100 22.2638 22
18663200 22.4669 22
18663300 22.5359 22
18663400 22.489 22
18663500 22.2944 22
18663600 22.0047 22
18663700 22.273 22
18663800 22.5361 22
18663900 22.332 22
18664000 21.8855 22
18664100 22.0047 22
18664200 22.0643 22
18664300 21.9686 22
18664400 21.9746 22
18664500 22.0584 22
18664600 22.0654 22
18664700 21.7361 22
18664800 21.7668 22
18664900 21.7657 22
18665000 21.5166 22
18665100 21.547 22
18665200 21.827 22
18665300 21.9755 22
18665400 21.7818 22
18665500 21.773 22
18665600 21.718 22
18665700 21.5752 22
18665800 21.7622 22
18665900 21.8866 22
18666000 21.7551 22
18666100 21.7563 22
18666200 21.6602 22
18666300 21.4875 22
18666400 21.586 22
18666500 21.3681 22
18666600 21.2313 22
18666700 21.2224 22
18666800 21.3262 22
18666900 21.6575 22
18667000 21.7514 22
18667100 21.9807 22
18667200 22.3837 22
18667300 22.2755 22
18667400 21.6585 22
18667500 21.4564 22
18667600 21.7061 22
18667700 21.8543 22
18667800 22.1615 22
18667900 22.3281 22
18668000 22.483 22
18668100 22.4142 22
18668200 22.3489 22
18668300 22.283 22
18668400 21.873 22
18668500 21.6818 22
18668600 21.768 22
18668700 21.6958 22
18668800 21.4549 22
18668900 21.6978 22
18669000 21.8052 22
18669100 21.5077 22
18669200 21.3906 22
18669300 21.6537 22
18669400 21.5517 22
18669500 21.5785 22
18669600 21.9632 22
18669700 22.0565 22
18669800 21.8208 22
18669900 21.714 22
18670000 21.5937 22
18670100 21.6681 22
18670200 21.6689 22
18670300 21.8019 22
18670400 21.921 22
18670500 21.8932 22
18670600 21.7133 22
18670700 21.6951 22
18670800 21.4864 22
18670900 21.3047 22
18671000 21.328 22
18671100 21.651 22
18671200 21.7817 22
18671300 21.5479 22
18671400 21.3589 22
18671500 21.4603 22
18671600 21.6752 22
18671700 21.8534 22
18671800 21.6865 22
18671900 21.8447 22
18672000 21.7984 22
18672100 21.8938 22
18672200 21.7887 22
18672300 21.852 22
18672400 22.021 22
18672500 21.8827 22
18672600 21.6705 22
18672700 21.7233 22
18672800 22.0137 22
18672900 22.3459 22
18673000 22.3757 22
18673100 22.241 22
18673200 21.983 22
18673300 21.9592 22
18673400 21.9256 22
18673500 22.1167 22
18673600 22.0518 22
18673700 22.1061 22
18673800 22.1356 22
18673900 21.8602 22
18674000 21.8046 22
18674100 22.0844 22
18674200 22.1622 22
18674300 22.0035 22
18674400 21.7944 22
18674500 22.0502 22
18674600 22.1419 22
18674700 22.1459 22
18674800 22.2664 22
18674900 22.3537 22
18675000 22.1683 22
18675100 22.0397 22
18675200 21.8063 22
18675300 21.6365 22
18675400 21.6731 22
18675500 21.7501 22
18675600 21.9028 22
18675700 22.138 22
18675800 22.2047 22
18675900 22.1693 22
18676000 22.1544 22
18676100 22.3812 22
18676200 22.0144 22
18676300 21.8135 22
18676400 21.9838 22
18676500 22.0371 22
18676600 22.2513 22
18676700 22.3303 22
18676800 22.1951 22
18676900 22.0068 22
18677000 21.8052 22
18677100 21.7366 22
18677200 21.737 22
18677300 21.9128 22
18677400 21.7315 22
18677500 21.6215 22
18677600 21.6997 22
18677700 21.9342 22
18677800 22.1313 22
18677900 22.3338 22
18678000 22.3463 22
18678100 22.4934 22
18678200 22.3528 22
18678300 22.4871 22
18678400 22.4861 22
18678500 22.1666 22
18678600 21.8285 22
18678700 21.6583 22
18678800 21.6709 22
18678900 21.538 22
18679000 21.6978 22
18679100 22.0694 22
18679200 22.1936 22
18679300 22.1472 22
18679400 22.021 22
18679500 21.8503 22
18679600 21.9168 22
18679700 22.1877 22
18679800 22.2017 22
18679900 22.2404 22
18680000 22.1636 22
18680100 22.2326 22
18680200 22.3418 22
18680300 22.3336 22
18680400 22.0807 22
18680500 21.9622 22
18680600 21.8324 22
18680700 22.2542 22
18680800 22.3304 22
18680900 22.1 22
18681000 21.7172 22
18681100 21.4188 22
18681200 21.4517 22
18681300 21.6548 22
18681400 22.0523 22
18681500 22.0746 22
18681600 22.0478 22
18681700 22.3266 22
18681800 22.2468 22
18681900 22.0341 22
18682000 22.132 22
18682100 22.0096 22
18682200 21.75 22
18682300 21.9276 22
18682400 22.0467 22
18682500 22.1744 22
18682600 21.8283 22
18682700 21.6382 22
18682800 21.7908 22
18682900 21.683 22
18683000 21.3807 22
18683100 21.3858 22
18683200 21.5855 22
18683300 21.939 22
18683400 21.957 22
18683500 21.8306 22
18683600 21.6007 22
18683700 21.4706 22
18683800 21.3717 22
18683900 21.5428 22
18684000 21.8195 22
18684100 22.1133 22
18684200 22.1987 22
18684300 22.352 22
18684400 22.7446 22
18684500 22.6316 22
18684600 22.1943 22
18684700 22.0538 22
18684800 21.95 22
18684900 22.1145 22
18685000 22.3135 22
18685100 22.2265 22
18685200 22.3414 22
18685300 22.0552 22
18685400 21.5873 22
18685500 21.522 22
18685600 21.8428 22
18685700 22.4211 22
18685800 22.6027 22
18685900 22.3862 22
18686000 22.0047 22
18686100 21.8376 22
18686200 22.2129 22
18686300 22.6854 22
18686400 22.6538 22
18686500 22.602 22
18686600 22.592 22
18686700 22.2594 22
18686800 21.8452 22
18686900 21.7846 22
18687000 21.8599 22
18687100 21.7524 22
18687200 22.0408 22
18687300 22.7774 22
18687400 23.0143 22
18687500 22.7111 22
18687600 22.7134 22
18687700 22.7666 22
18687800 22.3367 22
18687900 21.7947 22
18688000 22.0922 22
18688100 21.875 22
18688200 21.7185 22
18688300 21.7198 22
18688400 21.6138 22
18688500 21.5754 22
18688600 21.7399 22
18688700 21.9207 22
18688800 22.2136 22
18688900 22.266 22
18689000 22.2903 22
18689100 22.418 22
18689200 22.3233 22
18689300 21.9303 22
18689400 21.5106 22
18689500 21.4644 22
18689600 21.4057 22
18689700 21.4484 22
18689800 21.4551 22
18689900 21.3899 22
18690000 21.2702 22
18690100 21.7681 22
18690200 22.2881 22
18690300 22.4385 22
18690400 22.5926 22
18690500 22.494 22
18690600 22.4665 22
18690700 22.5941 22
18690800 22.826 22
18690900 22.6442 22
18691000 22.1268 22
18691100 21.9387 22
18691200 21.7879 22
18691300 21.5047 22
18691400 21.373 22
18691500 21.6053 22
18691600 22.0443 22
18691700 22.4755 22
18691800 22.7996 22
18691900 22.707 22
18692000 22.7412 22
18692100 22.6813 22
18692200 22.6338 22
18692300 22.3367 22
18692400 22.329 22
18692500 22.4109 22
18692600 22.2285 22
18692700 22.0623 22
18692800 22.1312 22
18692900 22.0957 22
18693000 22.0474 22
18693100 22.2368 22
18693200 22.5286 22
18693300 22.774 22
18693400 22.8112 22
18693500 22.5177 22
18693600 22.2511 22
18693700 22.3491 22
18693800 22.2936 22
18693900 22.3374 22
18694000 22.5857 22
18694100 22.4381 22
18694200 22.5203 22
18694300 22.4177 22
18694400 22.3159 22
18694500 21.9156 22
18694600 21.6129 22
18694700 21.2635 22
18694800 21.1582 22
18694900 21.5381 22
18695000 21.8581 22
18695100 21.8912 22
18695200 21.7728 22
18695300 21.7673 22
18695400 21.6088 22
18695500 21.6785 22
18695600 21.7139 22
18695700 21.6512 22
18695800 21.8815 22
18695900 21.9617 22
18696000 22.3432 22
18696100 22.3277 22
18696200 22.1694 22
18696300 22.0045 22
18696400 21.883 22
18696500 21.8123 22
18696600 22.1061 22
18696700 22.237 22
18696800 22.1166 22
18696900 22.1108 22
18697000 22.1612 22
18697100 21.7211 22
18697200 21.8095 22
18697300 21.8951 22
18697400 21.9339 22
18697500 21.7615 22
18697600 21.708 22
18697700 21.566 22
18697800 21.5985 22
18697900 21.7416 22
18698000 21.8567 22
18698100 21.7125 22
18698200 21.9032 22
18698300 22.0836 22
18698400 21.9765 22
18698500 21.9165 22
18698600 22.0689 22
18698700 22.4919 22
18698800 22.5461 22
18698900 22.2068 22
18699000 21.7738 22
18699100 21.8386 22
18699200 22.0886 22
18699300 22.632 22
18699400 22.5805 22
18699500 22.2496 22
18699600 22.0672 22
18699700 21.831 22
18699800 21.7538 22
18699900 21.697 22
18700000 21.8295 22
18700100 22.1173 22
18700200 22.1224 22
18700300 22.2266 22
18700400 22.5863 22
18700500 22.5801 22
18700600 22.3264 22
18700700 22.0299 22
18700800 21.8245 22
18700900 21.9305 22
18701000 22.3317 22
18701100 22.4088 22
18701200 21.9986 22
18701300 22.1259 22
18701400 22.1124 22
18701500 22.0554 22
18701600 22.189 22
18701700 22.1165 22
18701800 21.8255 22
18701900 21.7713 22
18702000 21.7712 22
18702100 21.8354 22
18702200 22.3338 22
18702300 22.5448 22
18702400 22.3602 22
18702500 22.3002 22
18702600 22.2158 22
18702700 22.3317 22
18702800 22.6463 22
18702900 22.714 22
18703000 22.7167 22
18703100 22.9124 22
18703200 22.7864 22
18703300 22.3459 22
18703400 21.9379 22
18703500 21.6936 22
18703600 21.8093 22
18703700 22.3879 22
18703800 22.8172 22
18703900 22.7154 22
18704000 22.3434 22
18704100 22.0187 22
18704200 21.7619 22
18704300 21.6322 22
18704400 21.5936 22
18704500 22.0674 22
18704600 22.3643 22
18704700 22.4309 22
18704800 22.0151 22
18704900 21.7998 22
18705000 22.2533 22
18705100 22.0727 22
18705200 22.0257 22
18705300 22.0959 22
18705400 21.9631 22
18705500 22.0747 22
18705600 21.6916 22
18705700 21.5745 22
18705800 21.7171 22
18705900 21.4939 22
18706000 21.373 22
18706100 21.433 22
18706200 21.8255 22
18706300 22.3202 22
18706400 22.628 22
18706500 22.6951 22
18706600 22.4556 22
18706700 22.2464 22
18706800 22.2445 22
18706900 22.3665 22
18707000 22.3788 22
18707100 22.0805 22
18707200 21.7903 22
18707300 21.3154 22
18707400 20.9973 22
18707500 20.8592 22
18707600 21.3606 22
18707700 22.0331 22
18707800 22.3434 22
18707900 22.3965 22
18708000 22.5292 22
18708100 22.1348 22
18708200 21.6526 22
18708300 21.5267 22
18708400 21.4961 22
18708500 21.3313 22
18708600 21.5284 22
18708700 21.4641 22
18708800 21.737 22
18708900 21.7877 22
18709000 21.8898 22
18709100 22.1184 22
18709200 22.2361 22
18709300 22.346 22
18709400 22.2964 22
18709500 22.1372 22
18709600 21.9317 22
18709700 22.0875 22
18709800 21.9566 22
18709900 22.0002 22
18710000 22.2502 22
18710100 22.6101 22
18710200 22.6399 22
18710300 22.3044 22
18710400 22.0393 22
18710500 21.7546 22
18710600 21.7437 22
18710700 22.0629 22
18710800 22.2029 22
18710900 22.1132 22
18711000 22.075 22
18711100 22.1054 22
18711200 22.005 22
18711300 21.703 22
18711400 21.4062 22
18711500 21.0702 22
18711600 20.7325 22
18711700 20.9183 22
18711800 20.9558 22
18711900 21.1447 22
18712000 21.4651 22
18712100 21.9668 22
18712200 22.0995 22
18712300 21.9422 22
18712400 21.672 22
18712500 21.8294 22
18712600 22.0032 22
18712700 22.3762 22
18712800 22.8586 22
18712900 22.4153 22
18713000 21.9314 22
18713100 22.0537 22
18713200 22.1424 22
18713300 21.9602 22
18713400 21.7555 22
18713500 21.6513 22
18713600 21.4281 22
18713700 21.4324 22
18713800 21.5138 22
18713900 21.4181 22
18714000 21.4137 22
18714100 21.4364 22
18714200 21.4948 22
18714300 21.639 22
18714400 21.6792 22
18714500 21.831 22
18714600 22.0314 22
18714700 21.8622 22
18714800 21.6104 22
18714900 21.549 22
18715000 21.3503 22
18715100 21.2943 22
18715200 21.1584 22
18715300 21.0365 22
18715400 21.0488 22
18715500 21.2398 22
18715600 21.2569 22
18715700 21.4845 22
18715800 21.7447 22
18715900 21.8656 22
18716000 21.9151 22
18716100 22.1217 22
18716200 22.3057 22
18716300 22.5262 22
18716400 22.3326 22
18716500 22.2416 22
18716600 22.2732 22
18716700 22.3786 22
18716800 22.0999 22
18716900 21.9923 22
18717000 21.8536 22
18717100 21.899 22
18717200 22.145 22
18717300 22.1964 22
18717400 22.2434 22
18717500 22.2124 22
18717600 22.0221 22
18717700 21.8401 22
18717800 21.8871 22
18717900 21.9343 22
18718000 21.738 22
18718100 21.5887 22
18718200 21.8938 22
18718300 22.0098 22
18718400 22.3271 22
18718500 22.6184 22
18718600 22.6865 22
18718700 22.4439 22
18718800 21.9883 22
18718900 21.7134 22
18719000 21.6885 22
18719100 21.67 22
18719200 21.4605 22
18719300 21.3612 22
18719400 21.2232 22
18719500 21.2485 22
18719600 21.6349 22
18719700 21.5623 22
18719800 21.5697 22
18719900 21.7441 22
18720000 22.0096 22
18720100 22.2562 22
18720200 22.0369 22
18720300 21.4235 22
18720400 21.5177 22
18720500 21.8749 22
18720600 21.9492 22
18720700 21.7368 22
18720800 21.4382 22
18720900 21.43 22
18721000 21.4582 22
18721100 21.4627 22
18721200 21.4982 22
18721300 21.8715 22
18721400 21.9023 22
18721500 21.8146 22
18721600 21.7535 22
18721700 21.6766 22
18721800 21.4383 22
18721900 21.4229 22
18722000 21.6551 22
18722100 21.8039 22
18722200 21.95 22
18722300 22.0992 22
18722400 21.88 22
18722500 21.8976 22
18722600 22.1075 22
18722700 21.9898 22
18722800 21.9679 22
18722900 21.9846 22
18723000 22.2402 22
18723100 22.6362 22
18723200 22.9187 22
18723300 23.041 22
18723400 22.6308 22
18723500 22.1275 22
18723600 21.9579 22
18723700 21.8409 22
18723800 21.8372 22
18723900 21.7958 22
18724000 21.4525 22
18724100 21.3253 22
18724200 21.3778 22
18724300 21.7492 22
18724400 21.9641 22
18724500 21.9754 22
18724600 22.0574 22
18724700 22.1311 22
18724800 22.3877 22
18724900 22.6176 22
18725000 22.6605 22
18725100 22.4536 22
18725200 22.3078 22
18725300 22.3629 22
18725400 22.5047 22
18725500 22.6137 22
18725600 22.5678 22
18725700 22.5507 22
18725800 22.4597 22
18725900 22.0972 22
18726000 21.959 22
18726100 21.9282 22
18726200 22.0003 22
18726300 22.0946 22
18726400 22.0809 22
18726500 22.0559 22
18726600 21.8453 22
18726700 21.9861 22
18726800 21.9938 22
18726900 21.8909 22
18727000 21.7666 22
18727100 21.9001 22
18727200 22.0487 22
18727300 22.1122 22
18727400 22.3264 22
18727500 22.8603 22
18727600 22.8019 22
18727700 22.6149 22
18727800 22.4086 22
18727900 22.1213 22
18728000 22.0015 22
18728100 22.0577 22
18728200 22.0471 22
18728300 22.0815 22
18728400 22.4617 22
18728500 22.5632 22
18728600 22.4615 22
18728700 22.2534 22
18728800 22.218 22
18728900 22.2783 22
18729000 21.9947 22
18729100 21.8706 22
18729200 21.8471 22
18729300 22.1123 22
18729400 22.1575 22
18729500 22.2311 22
18729600 22.2684 22
18729700 22.2154 22
18729800 22.2315 22
18729900 22.3596 22
18730000 22.3612 22
18730100 22.1183 22
18730200 21.9769 22
18730300 22.2363 22
18730400 22.3591 22
18730500 22.3627 22
18730600 22.1956 22
18730700 21.965 22
18730800 21.9433 22
18730900 21.9884 22
18731000 21.8519 22
18731100 21.5907 22
18731200 21.6096 22
18731300 21.5712 22
18731400 21.6033 22
18731500 21.7735 22
18731600 21.5838 22
18731700 21.7314 22
18731800 22.024 22
18731900 21.7577 22
18732000 21.7252 22
18732100 21.9177 22
18732200 22.3045 22
18732300 22.5063 22
18732400 22.322 22
18732500 21.9752 22
18732600 21.725 22
18732700 21.7199 22
18732800 21.975 22
18732900 21.9583 22
18733000 21.7029 22
18733100 21.77 22
18733200 21.7477 22
18733300 21.6945 22
18733400 21.7469 22
18733500 21.504 22
18733600 21.4213 22
18733700 21.6715 22
18733800 22.1983 22
18733900 22.3738 22
18734000 22.4769 22
18734100 22.3586 22
18734200 22.2383 22
18734300 22.7426 22
18734400 22.9256 22
18734500 22.9216 22
18734600 22.5367 22
18734700 22.2566 22
18734800 22.2867 22
18734900 22.1481 22
18735000 21.7793 22
18735100 21.4871 22
18735200 21.4651 22
18735300 21.4848 22
18735400 21.5389 22
18735500 21.756 22
18735600 21.682 22
18735700 21.9084 22
18735800 22.1131 22
18735900 22.0035 22
18736000 21.9392 22
18736100 22.163 22
18736200 22.1389 22
18736300 22.0315 22
18736400 22.0091 22
18736500 21.859 22
18736600 21.937 22
18736700 22.2022 22
18736800 22.0571 22
18736900 22.1514 22
18737000 22.0501 22
18737100 21.922 22
18737200 22.2125 22
18737300 21.9576 22
18737400 21.8128 22
18737500 21.9316 22
18737600 21.8302 22
18737700 21.7062 22
18737800 21.6394 22
18737900 21.5967 22
18738000 21.8819 22
18738100 22.2501 22
18738200 22.3623 22
18738300 22.0062 22
18738400 21.7006 22
18738500 21.7831 22
18738600 21.7711 22
18738700 21.7454 22
18738800 21.7652 22
18738900 22.0049 22
18739000 22.0669 22
18739100 21.9333 22
18739200 21.7778 22
18739300 21.9503 22
18739400 22.0122 22
18739500 22.0715 22
18739600 22.3238 22
18739700 22.406 22
18739800 22.8302 22
18739900 22.8058 22
18740000 22.4032 22
18740100 22.2611 22
18740200 22.0323 22
18740300 21.8647 22
18740400 21.7703 22
18740500 21.3471 22
18740600 21.3642 22
18740700 21.3719 22
18740800 21.17 22
18740900 21.2766 22
18741000 21.3104 22
18741100 21.8969 22
18741200 22.2036 22
18741300 22.0584 22
18741400 21.973 22
18741500 21.8386 22
18741600 21.3986 22
18741700 21.1348 22
18741800 21.4562 22
18741900 21.7903 22
18742000 22.0703 22
18742100 22.0278 22
18742200 22.3272 22
18742300 22.2971 22
18742400 22.1085 22
18742500 22.2146 22
18742600 22.3593 22
18742700 22.3732 22
18742800 22.5908 22
18742900 22.5385 22
18743000 22.6766 22
18743100 22.4456 22
18743200 22.4647 22
18743300 22.7383 22
18743400 22.498 22
18743500 22.4297 22
18743600 22.4556 22
18743700 22.2665 22
18743800 22.1623 22
18743900 22.1942 22
18744000 22.2538 22
18744100 22.1302 22
18744200 22.2183 22
18744300 22.3322 22
18744400 22.0952 22
18744500 22.347 22
18744600 22.4481 22
18744700 22.3742 22
18744800 22.3509 22
18744900 22.0527 22
18745000 21.91 22
18745100 21.8441 22
18745200 21.9605 22
18745300 21.8404 22
18745400 21.8033 22
18745500 21.763 22
18745600 21.8469 22
18745700 21.904 22
18745800 21.6765 22
18745900 21.7639 22
18746000 21.8936 22
18746100 22.1084 22
18746200 22.1537 22
18746300 22.1614 22
18746400 22.1801 22
18746500 22.0974 22
18746600 21.77 22
18746700 21.5272 22
18746800 21.5144 22
18746900 21.6151 22
18747000 21.6645 22
18747100 21.7984 22
18747200 21.9382 22
18747300 22.0375 22
18747400 22.3928 22
18747500 22.6016 22
18747600 22.4814 22
18747700 22.0906 22
18747800 22.171 22
18747900 21.988 22
18748000 21.9561 22
18748100 21.9262 22
18748200 21.5399 22
18748300 21.3625 22
18748400 21.2504 22
18748500 21.4789 22
18748600 21.7869 22
18748700 21.7703 22
18748800 21.6441 22
18748900 21.6265 22
18749000 21.6827 22
18749100 21.6511 22
18749200 21.2187 22
18749300 21.4817 22
18749400 21.4118 22
18749500 21.3638 22
18749600 21.654 22
18749700 21.5958 22
18749800 21.507 22
18749900 21.6325 22
18750000 21.8291 22
18750100 22.0147 22
18750200 22.1877 22
18750300 22.4031 22
18750400 22.2709 22
18750500 22.1195 22
18750600 21.9798 22
18750700 22.0563 22
18750800 22.0026 22
18750900 21.9985 22
18751000 22.0957 22
18751100 22.2498 22
18751200 22.1471 22
18751300 21.9405 22
18751400 21.8813 22
18751500 21.9063 22
18751600 21.8447 22
18751700 22.0698 22
18751800 21.999 22
18751900 21.6089 22
18752000 21.8003 22
18752100 22.0777 22
18752200 22.4989 22
18752300 22.5225 22
18752400 22.4113 22
18752500 22.4451 22
18752600 22.2712 22
18752700 21.8853 22
18752800 21.9945 22
18752900 22.129 22
18753000 21.683 22
18753100 21.7041 22
18753200 21.7927 22
18753300 21.8112 22
18753400 21.5526 22
18753500 21.3181 22
18753600 21.2389 22
18753700 21.798 22
18753800 22.3863 22
18753900 22.4116 22
18754000 22.4223 22
18754100 22.3487 22
18754200 22.4056 22
18754300 22.4486 22
18754400 22.2322 22
18754500 21.9398 22
18754600 22.0525 22
18754700 22.0416 22
18754800 21.9295 22
18754900 21.9824 22
18755000 22.0332 22
18755100 22.1553 22
18755200 22.1378 22
18755300 22.2388 22
18755400 22.087 22
18755500 22.0654 22
18755600 21.9669 22
18755700 21.8079 22
18755800 21.9857 22
18755900 22.2944 22
18756000 21.9801 22
18756100 21.8079 22
18756200 21.6806 22
18756300 21.572 22
18756400 21.8584 22
18756500 21.84 22
18756600 21.895 22
18756700 22.2043 22
18756800 22.2367 22
18756900 22.1843 22
18757000 22.3191 22
18757100 22.3877 22
18757200 22.5846 22
18757300 22.6045 22
18757400 22.6129 22
18757500 22.5878 22
18757600 22.6177 22
18757700 22.3378 22
18757800 22.2762 22
18757900 22.2282 22
18758000 22.2274 22
18758100 22.2911 22
18758200 22.5184 22
18758300 22.5168 22
18758400 22.3979 22
18758500 22.1708 22
18758600 21.839 22
18758700 21.692 22
18758800 21.6997 22
18758900 21.8737 22
18759000 22.0097 22
18759100 22.0096 22
18759200 22.315 22
18759300 22.5052 22
18759400 22.3441 22
18759500 22.2468 22
18759600 22.4598 22
18759700 22.4421 22
18759800 22.4493 22
18759900 22.4654 22
18760000 22.2148 22
18760100 22.0034 22
18760200 22.1708 22
18760300 22.3522 22
18760400 22.5837 22
18760500 22.7004 22
18760600 22.6927 22
18760700 22.3849 22
18760800 22.1612 22
18760900 22.475 22
18761000 22.2313 22
18761100 21.7819 22
18761200 21.7474 22
18761300 21.9194 22
18761400 21.7416 22
18761500 21.3214 22
18761600 20.8157 22
18761700 20.9813 22
18761800 21.0899 22
18761900 21.356 22
18762000 21.5981 22
18762100 21.4744 22
18762200 21.4619 22
18762300 21.5649 22
18762400 21.5757 22
18762500 21.5885 22
18762600 21.7046 22
18762700 21.7943 22
18762800 21.6307 22
18762900 21.4358 22
18763000 21.599 22
18763100 21.9029 22
18763200 22.4171 22
18763300 22.3554 22
18763400 21.9314 22
18763500 21.7455 22
18763600 21.6322 22
18763700 21.7358 22
18763800 21.7639 22
18763900 21.9384 22
18764000 22.1929 22
18764100 22.3362 22
18764200 22.0721 22
18764300 21.7484 22
18764400 21.4583 22
18764500 21.8055 22
18764600 22.1763 22
18764700 22.5505 22
18764800 22.5498 22
18764900 22.7713 22
18765000 22.7517 22
18765100 22.288 22
18765200 21.8508 22
18765300 21.6737 22
18765400 21.6378 22
18765500 21.4173 22
18765600 21.466 22
18765700 21.9611 22
18765800 22.3152 22
18765900 22.5395 22
18766000 22.7349 22
18766100 22.5872 22
18766200 22.4032 22
18766300 22.587 22
18766400 22.5511 22
18766500 22.1114 22
18766600 21.8459 22
18766700 21.8843 22
18766800 21.9775 22
18766900 21.8721 22
18767000 21.7626 22
18767100 21.499 22
18767200 21.8849 22
18767300 22.1481 22
18767400 22.2653 22
18767500 22.4198 22
18767600 22.5104 22
18767700 22.5403 22
18767800 22.323 22
18767900 22.307 22
18768000 22.4726 22
18768100 22.4636 22
18768200 22.1959 22
18768300 21.9818 22
18768400 22.0948 22
18768500 22.0679 22
18768600 21.6907 22
18768700 21.6453 22
18768800 21.9398 22
18768900 22.0761 22
18769000 21.9442 22
18769100 21.5796 22
18769200 21.3721 22
18769300 21.4582 22
18769400 21.6422 22
18769500 21.633 22
18769600 21.8618 22
18769700 21.7546 22
18769800 21.6159 22
18769900 21.5586 22
18770000 21.9648 22
18770100 22.0311 22
18770200 22.1803 22
18770300 22.1982 22
18770400 22.0686 22
18770500 22.1579 22
18770600 22.2023 22
18770700 21.8681 22
18770800 21.6812 22
18770900 21.5826 22
18771000 21.6749 22
18771100 21.5465 22
18771200 21.5519 22
18771300 21.6183 22
18771400 21.2819 22
18771500 21.334 22
18771600 21.5853 22
18771700 21.728 22
18771800 21.7134 22
18771900 21.8875 22
18772000 22.1414 22
18772100 21.9986 22
18772200 22.3426 22
18772300 22.6058 22
18772400 22.6873 22
18772500 22.6447 22
18772600 22.428 22
18772700 22.2663 22
18772800 22.0916 22
18772900 22.3185 22
18773000 22.2786 22
18773100 22.12 22
18773200 22.0391 22
18773300 21.8617 22
18773400 21.6661 22
18773500 21.6282 22
18773600 21.6478 22
18773700 21.7203 22
18773800 21.6035 22
18773900 21.62 22
18774000 21.7335 22
18774100 22.1582 22
18774200 22.2191 22
18774300 22.2775 22
18774400 22.6149 22
18774500 22.8425 22
18774600 22.9807 22
18774700 22.6934 22
18774800 22.6188 22
18774900 22.5593 22
18775000 22.2799 22
18775100 21.9064 22
18775200 21.9826 22
18775300 22.069 22
18775400 22.0895 22
18775500 22.0204 22
18775600 22.0467 22
18775700 21.8182 22
18775800 21.4131 22
18775900 21.1033 22
18776000 20.7781 22
18776100 21.0928 22
18776200 21.3685 22
18776300 21.8535 22
18776400 22.2388 22
18776500 22.3299 22
18776600 22.052 22
18776700 22.0981 22
18776800 22.4575 22
18776900 22.5329 22
18777000 22.4384 22
18777100 22.2143 22
18777200 21.8659 22
18777300 21.6489 22
18777400 21.4191 22
18777500 21.7185 22
18777600 22.3083 22
18777700 22.4731 22
18777800 22.1717 22
18777900 22.0481 22
18778000 22.1833 22
18778100 22.2854 22
18778200 22.0898 22
18778300 22.0491 22
18778400 22.2609 22
18778500 22.3007 22
18778600 22.1817 22
18778700 21.909 22
18778800 21.4661 22
18778900 21.4043 22
18779000 21.6662 22
18779100 21.915 22
18779200 22.2071 22
18779300 22.3767 22
18779400 22.3776 22
18779500 22.4795 22
18779600 22.3488 22
18779700 22.1348 22
18779800 21.9301 22
18779900 22.0094 22
18780000 22.6135 22
18780100 22.5076 22
18780200 22.1874 22
18780300 22.4977 22
18780400 22.5148 22
18780500 22.6475 22
18780600 22.6434 22
18780700 22.1787 22
18780800 21.8685 22
18780900 21.9402 22
18781000 22.1838 22
18781100 22.4138 22
18781200 22.0303 22
18781300 21.7773 22
18781400 21.8957 22
18781500 22.3365 22
18781600 22.4036 22
18781700 22.3893 22
18781800 22.3513 22
18781900 22.3292 22
18782000 22.1051 22
18782100 21.958 22
18782200 21.9405 22
18782300 21.6982 22
18782400 21.7269 22
18782500 21.8598 22
18782600 22.137 22
18782700 22.1384 22
18782800 22.0434 22
18782900 22.113 22
18783000 21.9898 22
18783100 21.7217 22
18783200 21.6543 22
18783300 21.4841 22
18783400 21.3589 22
18783500 21.6928 22
18783600 21.9773 22
18783700 21.9576 22
18783800 22.0637 22
18783900 22.2395 22
18784000 22.4999 22
18784100 22.4507 22
18784200 22.2164 22
18784300 21.8849 22
18784400 21.762 22
18784500 21.8794 22
18784600 22.1037 22
18784700 22.1024 22
18784800 21.8572 22
18784900 21.7966 22
18785000 21.8045 22
18785100 21.781 22
18785200 21.4957 22
18785300 21.2834 22
18785400 21.5342 22
18785500 21.7655 22
18785600 22.1289 22
18785700 22.5589 22
18785800 22.6649 22
18785900 22.5023 22
18786000 22.4287 22
18786100 22.0925 22
18786200 21.7842 22
18786300 21.7339 22
18786400 21.7451 22
18786500 21.7507 22
18786600 21.7217 22
18786700 21.7524 22
18786800 21.8928 22
18786900 21.6129 22
18787000 21.6454 22
18787100 21.6329 22
18787200 21.3626 22
18787300 21.1642 22
18787400 21.2255 22
18787500 21.4013 22
18787600 21.2908 22
18787700 21.5733 22
18787800 21.851 22
18787900 21.7769 22
18788000 21.6626 22
18788100 21.6228 22
18788200 21.7031 22
18788300 21.5737 22
18788400 21.2979 22
18788500 21.4942 22
18788600 21.8767 22
18788700 22.0163 22
18788800 22.2105 22
18788900 22.316 22
18789000 22.1651 22
18789100 21.8174 22
18789200 21.885 22
18789300 22.2284 22
18789400 22.6818 22
18789500 22.7506 22
18789600 22.5934 22
18789700 22.1803 22
18789800 21.7879 22
18789900 21.6367 22
18790000 21.4963 22
18790100 20.9161 22
18790200 20.6739 22
18790300 20.8629 22
18790400 21.3962 22
18790500 21.8134 22
18790600 22.2229 22
18790700 22.2259 22
18790800 22.0494 22
18790900 22.2552 22
18791000 22.3462 22
18791100 22.155 22
18791200 21.9345 22
18791300 21.5147 22
18791400 21.3605 22
18791500 21.1494 22
18791600 20.967 22
18791700 21.364 22
18791800 21.7473 22
18791900 21.7775 22
18792000 21.7138 22
18792100 21.7099 22
18792200 21.5453 22
18792300 21.1955 22
18792400 21.0566 22
18792500 21.1277 22
18792600 21.4723 22
18792700 21.4314 22
18792800 21.6001 22
18792900 21.8576 22
18793000 22.0365 22
18793100 22.0671 22
18793200 21.907 22
18793300 21.7569 22
18793400 21.7165 22
18793500 21.8832 22
18793600 21.9647 22
18793700 21.9463 22
18793800 21.8239 22
18793900 21.5425 22
18794000 21.6801 22
18794100 21.9508 22
18794200 22.1094 22
18794300 22.1916 22
18794400 22.1717 22
18794500 22.1191 22
18794600 22.279 22
18794700 22.0726 22
18794800 21.9413 22
18794900 21.7101 22
18795000 21.4672 22
18795100 21.1394 22
18795200 20.8548 22
18795300 20.9789 22
18795400 21.2982 22
18795500 21.5709 22
18795600 21.55 22
18795700 21.4762 22
18795800 21.7215 22
18795900 21.7379 22
18796000 21.7803 22
18796100 22.0565 22
18796200 22.4591 22
18796300 22.6227 22
18796400 22.5627 22
18796500 22.3957 22
18796600 22.245 22
18796700 22.1065 22
18796800 21.9645 22
18796900 21.7193 22
18797000 21.4486 22
18797100 21.5763 22
18797200 21.8124 22
18797300 21.8628 22
18797400 21.899 22
18797500 21.7191 22
18797600 21.5329 22
18797700 21.8256 22
18797800 21.8539 22
18797900 21.6827 22
18798000 21.2926 22
18798100 21.3719 22
18798200 21.8733 22
18798300 22.1078 22
18798400 21.8062 22
18798500 21.9889 22
18798600 21.9484 22
18798700 21.6234 22
18798800 21.9209 22
18798900 21.9171 22
18799000 21.7932 22
18799100 22.0423 22
18799200 22.2338 22
18799300 21.9568 22
18799400 21.8252 22
18799500 21.6184 22
18799600 21.5042 22
18799700 21.5227 22
18799800 21.4399 22
18799900 21.7999 22
18800000 22.1238 22
