# Time-averaged data for fix myat1
# TimeStep v_xave v_xdes
3000100 -16.388 -17
3000200 -16.3825 -17
3000300 -16.2606 -17
3000400 -16.568 -17
3000500 -16.8231 -17
3000600 -16.9051 -17
3000700 -16.7695 -17
3000800 -16.8455 -17
3000900 -17.181 -17
3001000 -17.2478 -17
3001100 -17.3022 -17
3001200 -17.282 -17
3001300 -16.9076 -17
3001400 -16.6287 -17
3001500 -16.7715 -17
3001600 -16.8998 -17
3001700 -17.1405 -17
3001800 -17.5322 -17
3001900 -17.6093 -17
3002000 -17.5988 -17
3002100 -17.665 -17
3002200 -17.3421 -17
3002300 -17.0944 -17
3002400 -16.9494 -17
3002500 -16.9167 -17
3002600 -16.8898 -17
3002700 -16.7455 -17
3002800 -16.636 -17
3002900 -16.7037 -17
3003000 -16.7973 -17
3003100 -17.055 -17
3003200 -17.2935 -17
3003300 -17.1163 -17
3003400 -17.2765 -17
3003500 -17.3319 -17
3003600 -17.4085 -17
3003700 -17.326 -17
3003800 -17.7471 -17
3003900 -17.9706 -17
3004000 -17.9436 -17
3004100 -17.8666 -17
3004200 -17.8639 -17
3004300 -17.8204 -17
3004400 -17.5339 -17
3004500 -17.4503 -17
3004600 -17.0429 -17
3004700 -17.0253 -17
3004800 -17.3348 -17
3004900 -17.3002 -17
3005000 -17.0077 -17
3005100 -17.3872 -17
3005200 -17.5787 -17
3005300 -17.4659 -17
3005400 -17.1354 -17
3005500 -17.0005 -17
3005600 -17.044 -17
3005700 -17.1312 -17
3005800 -17.0179 -17
3005900 -16.5808 -17
3006000 -16.2506 -17
3006100 -16.1815 -17
3006200 -16.2575 -17
3006300 -16.489 -17
3006400 -16.4937 -17
3006500 -16.5359 -17
3006600 -16.5774 -17
3006700 -16.4773 -17
3006800 -16.6281 -17
3006900 -16.6912 -17
3007000 -16.8902 -17
3007100 -16.8201 -17
3007200 -16.7041 -17
3007300 -16.9517 -17
3007400 -17.3602 -17
3007500 -17.4703 -17
3007600 -17.8041 -17
3007700 -17.8683 -17
3007800 -17.6581 -17
3007900 -17.3875 -17
3008000 -16.9294 -17
3008100 -16.6938 -17
3008200 -16.9946 -17
3008300 -17.1918 -17
3008400 -17.3444 -17
3008500 -17.4888 -17
3008600 -17.3961 -17
3008700 -17.3919 -17
3008800 -17.5076 -17
3008900 -17.4826 -17
3009000 -17.641 -17
3009100 -17.6373 -17
3009200 -17.3791 -17
3009300 -17.0563 -17
3009400 -16.6063 -17
3009500 -16.5936 -17
3009600 -16.9758 -17
3009700 -17.0695 -17
3009800 -16.9004 -17
3009900 -17.2653 -17
3010000 -17.1614 -17
3010100 -17.2354 -17
3010200 -17.2949 -17
3010300 -17.2258 -17
3010400 -17.1706 -17
3010500 -17.1659 -17
3010600 -17.3831 -17
3010700 -17.0756 -17
3010800 -16.9825 -17
3010900 -16.7642 -17
3011000 -16.5004 -17
3011100 -16.7047 -17
3011200 -16.8656 -17
3011300 -17.0361 -17
3011400 -17.1884 -17
3011500 -17.2024 -17
3011600 -17.2229 -17
3011700 -17.0969 -17
3011800 -17.0292 -17
3011900 -17.0755 -17
3012000 -17.1169 -17
3012100 -17.0395 -17
3012200 -17.2133 -17
3012300 -17.0006 -17
3012400 -16.9134 -17
3012500 -17.3453 -17
3012600 -17.2121 -17
3012700 -17.0374 -17
3012800 -16.7315 -17
3012900 -16.8587 -17
3013000 -16.8743 -17
3013100 -17.0115 -17
3013200 -16.938 -17
3013300 -16.7397 -17
3013400 -16.9794 -17
3013500 -17.0254 -17
3013600 -17.0393 -17
3013700 -17.1529 -17
3013800 -17.2189 -17
3013900 -17.1494 -17
3014000 -16.9905 -17
3014100 -17.0513 -17
3014200 -17.1442 -17
3014300 -17.3649 -17
3014400 -17.395 -17
3014500 -16.9291 -17
3014600 -16.7975 -17
3014700 -16.9533 -17
3014800 -17.0594 -17
3014900 -17.1393 -17
3015000 -16.6903 -17
3015100 -16.5742 -17
3015200 -16.5668 -17
3015300 -17.0507 -17
3015400 -17.2002 -17
3015500 -17.274 -17
3015600 -17.1315 -17
3015700 -17.2139 -17
3015800 -17.2094 -17
3015900 -17.4299 -17
3016000 -17.7092 -17
3016100 -17.7363 -17
3016200 -17.7149 -17
3016300 -17.9164 -17
3016400 -17.6632 -17
3016500 -17.2271 -17
3016600 -17.1626 -17
3016700 -17.3986 -17
3016800 -17.4983 -17
3016900 -17.4837 -17
3017000 -17.5722 -17
3017100 -17.6691 -17
3017200 -17.4365 -17
3017300 -17.1389 -17
3017400 -17.1359 -17
3017500 -17.3926 -17
3017600 -17.3405 -17
3017700 -17.144 -17
3017800 -17.3182 -17
3017900 -17.3112 -17
3018000 -16.9415 -17
3018100 -17.1041 -17
3018200 -17.1959 -17
3018300 -17.2994 -17
3018400 -17.5988 -17
3018500 -17.7959 -17
3018600 -17.6588 -17
3018700 -17.5122 -17
3018800 -17.0855 -17
3018900 -16.8564 -17
3019000 -17.0729 -17
3019100 -17.1007 -17
3019200 -17.009 -17
3019300 -16.6691 -17
3019400 -16.7014 -17
3019500 -16.833 -17
3019600 -17.0208 -17
3019700 -17.2594 -17
3019800 -17.4515 -17
3019900 -17.9105 -17
3020000 -17.8698 -17
3020100 -17.6111 -17
3020200 -17.4602 -17
3020300 -17.0874 -17
3020400 -16.6444 -17
3020500 -16.7162 -17
3020600 -17.2973 -17
3020700 -17.3239 -17
3020800 -17.2241 -17
3020900 -17.3112 -17
3021000 -17.0778 -17
3021100 -16.766 -17
3021200 -16.9103 -17
3021300 -17.0063 -17
3021400 -16.8687 -17
3021500 -16.9573 -17
3021600 -17.0625 -17
3021700 -17.287 -17
3021800 -17.2919 -17
3021900 -17.0064 -17
3022000 -16.9781 -17
3022100 -17.2259 -17
3022200 -17.0879 -17
3022300 -16.6225 -17
3022400 -16.3893 -17
3022500 -16.4385 -17
3022600 -16.9464 -17
3022700 -17.1326 -17
3022800 -17.0959 -17
3022900 -17.2292 -17
3023000 -17.2614 -17
3023100 -17.3106 -17
3023200 -17.5249 -17
3023300 -17.7425 -17
3023400 -17.6018 -17
3023500 -17.5294 -17
3023600 -17.6073 -17
3023700 -17.4723 -17
3023800 -17.2213 -17
3023900 -17.0951 -17
3024000 -16.9977 -17
3024100 -16.9404 -17
3024200 -17.0579 -17
3024300 -16.9331 -17
3024400 -16.5408 -17
3024500 -16.4773 -17
3024600 -16.5358 -17
3024700 -16.566 -17
3024800 -16.3077 -17
3024900 -16.1695 -17
3025000 -16.427 -17
3025100 -16.6672 -17
3025200 -17.1322 -17
3025300 -17.3054 -17
3025400 -17.5994 -17
3025500 -17.5126 -17
3025600 -17.3323 -17
3025700 -17.0519 -17
3025800 -16.9427 -17
3025900 -16.6288 -17
3026000 -16.8701 -17
3026100 -17.1291 -17
3026200 -17.1427 -17
3026300 -17.3565 -17
3026400 -17.3871 -17
3026500 -17.3193 -17
3026600 -17.0917 -17
3026700 -17.1705 -17
3026800 -17.0898 -17
3026900 -17.2306 -17
3027000 -17.5115 -17
3027100 -17.6174 -17
3027200 -17.438 -17
3027300 -17.1167 -17
3027400 -17.0236 -17
3027500 -16.9871 -17
3027600 -16.8924 -17
3027700 -16.7682 -17
3027800 -16.476 -17
3027900 -16.2838 -17
3028000 -16.3206 -17
3028100 -16.5085 -17
3028200 -16.5377 -17
3028300 -16.2826 -17
3028400 -16.1748 -17
3028500 -16.2821 -17
3028600 -16.461 -17
3028700 -16.774 -17
3028800 -17.4053 -17
3028900 -17.6207 -17
3029000 -17.7196 -17
3029100 -17.6901 -17
3029200 -17.199 -17
3029300 -16.8131 -17
3029400 -16.6658 -17
3029500 -16.583 -17
3029600 -16.5741 -17
3029700 -16.8419 -17
3029800 -17.1739 -17
3029900 -17.3557 -17
3030000 -17.3691 -17
3030100 -17.4112 -17
3030200 -17.4818 -17
3030300 -17.1882 -17
3030400 -17.1046 -17
3030500 -17.4111 -17
3030600 -17.6557 -17
3030700 -17.5635 -17
3030800 -17.3484 -17
3030900 -16.8323 -17
3031000 -16.6401 -17
3031100 -16.6459 -17
3031200 -16.6957 -17
3031300 -16.7247 -17
3031400 -16.5684 -17
3031500 -16.7085 -17
3031600 -16.7324 -17
3031700 -16.8271 -17
3031800 -17.0838 -17
3031900 -17.4718 -17
3032000 -17.5225 -17
3032100 -17.3404 -17
3032200 -17.1445 -17
3032300 -16.843 -17
3032400 -17.0405 -17
3032500 -16.9973 -17
3032600 -16.8957 -17
3032700 -17.3145 -17
3032800 -17.5597 -17
3032900 -17.366 -17
3033000 -17.286 -17
3033100 -17.2994 -17
3033200 -17.0289 -17
3033300 -16.7702 -17
3033400 -16.677 -17
3033500 -16.8243 -17
3033600 -16.73 -17
3033700 -16.687 -17
3033800 -16.8766 -17
3033900 -16.8842 -17
3034000 -16.7174 -17
3034100 -16.3879 -17
3034200 -15.9895 -17
3034300 -16.3549 -17
3034400 -16.521 -17
3034500 -16.6131 -17
3034600 -16.4794 -17
3034700 -16.8263 -17
3034800 -16.9575 -17
3034900 -17.0839 -17
3035000 -17.0103 -17
3035100 -16.8702 -17
3035200 -16.829 -17
3035300 -17.2165 -17
3035400 -17.6174 -17
3035500 -17.8612 -17
3035600 -17.6551 -17
3035700 -17.4017 -17
3035800 -17.5192 -17
3035900 -17.7516 -17
3036000 -17.8783 -17
3036100 -17.9256 -17
3036200 -17.6291 -17
3036300 -17.1585 -17
3036400 -17.1258 -17
3036500 -17.0503 -17
3036600 -17.0083 -17
3036700 -17.1443 -17
3036800 -17.0706 -17
3036900 -16.9192 -17
3037000 -17.011 -17
3037100 -17.1259 -17
3037200 -17.2769 -17
3037300 -17.2497 -17
3037400 -17.076 -17
3037500 -16.5174 -17
3037600 -16.2787 -17
3037700 -16.3625 -17
3037800 -16.3105 -17
3037900 -16.4368 -17
3038000 -16.6736 -17
3038100 -16.7955 -17
3038200 -16.6313 -17
3038300 -16.6461 -17
3038400 -16.5967 -17
3038500 -16.5998 -17
3038600 -16.6735 -17
3038700 -16.7318 -17
3038800 -16.7962 -17
3038900 -16.8107 -17
3039000 -16.7443 -17
3039100 -16.6547 -17
3039200 -16.8008 -17
3039300 -16.7539 -17
3039400 -16.6828 -17
3039500 -16.737 -17
3039600 -16.7341 -17
3039700 -16.7407 -17
3039800 -16.8642 -17
3039900 -16.76 -17
3040000 -16.9412 -17
3040100 -17.1722 -17
3040200 -17.1756 -17
3040300 -17.2935 -17
3040400 -17.4605 -17
3040500 -17.4157 -17
3040600 -17.1985 -17
3040700 -17.3971 -17
3040800 -17.2275 -17
3040900 -17.1667 -17
3041000 -17.2011 -17
3041100 -17.2615 -17
3041200 -17.2795 -17
3041300 -17.4834 -17
3041400 -17.5374 -17
3041500 -17.6342 -17
3041600 -17.4828 -17
3041700 -17.1065 -17
3041800 -16.9572 -17
3041900 -16.9648 -17
3042000 -16.8639 -17
3042100 -16.8896 -17
3042200 -17.1019 -17
3042300 -17.1956 -17
3042400 -17.1104 -17
3042500 -17.1577 -17
3042600 -16.9641 -17
3042700 -16.8487 -17
3042800 -16.8477 -17
3042900 -16.6757 -17
3043000 -16.6229 -17
3043100 -16.671 -17
3043200 -16.8866 -17
3043300 -17.219 -17
3043400 -17.3643 -17
3043500 -17.4339 -17
3043600 -17.4522 -17
3043700 -17.297 -17
3043800 -17.5197 -17
3043900 -17.525 -17
3044000 -17.3457 -17
3044100 -17.2452 -17
3044200 -17.6413 -17
3044300 -17.6139 -17
3044400 -17.3577 -17
3044500 -17.1667 -17
3044600 -17.144 -17
3044700 -17.0657 -17
3044800 -17.2064 -17
3044900 -17.2933 -17
3045000 -17.1417 -17
3045100 -17.0477 -17
3045200 -16.8901 -17
3045300 -16.6963 -17
3045400 -16.622 -17
3045500 -16.6719 -17
3045600 -16.9661 -17
3045700 -17.119 -17
3045800 -17.0882 -17
3045900 -17.0392 -17
3046000 -16.9606 -17
3046100 -16.7275 -17
3046200 -16.755 -17
3046300 -16.9977 -17
3046400 -17.2331 -17
3046500 -17.1369 -17
3046600 -17.2274 -17
3046700 -17.2786 -17
3046800 -17.228 -17
3046900 -16.9598 -17
3047000 -16.9328 -17
3047100 -16.876 -17
3047200 -16.782 -17
3047300 -16.5891 -17
3047400 -16.6025 -17
3047500 -16.7558 -17
3047600 -17.1979 -17
3047700 -17.2721 -17
3047800 -16.9773 -17
3047900 -16.9535 -17
3048000 -16.9251 -17
3048100 -16.7044 -17
3048200 -17.0383 -17
3048300 -16.975 -17
3048400 -16.7868 -17
3048500 -16.8592 -17
3048600 -17.316 -17
3048700 -17.6055 -17
3048800 -17.7952 -17
3048900 -17.883 -17
3049000 -17.709 -17
3049100 -17.5548 -17
3049200 -17.6835 -17
3049300 -17.7466 -17
3049400 -17.3285 -17
3049500 -17.0174 -17
3049600 -17.0324 -17
3049700 -16.9124 -17
3049800 -16.6313 -17
3049900 -16.8572 -17
3050000 -16.8866 -17
3050100 -17.2259 -17
3050200 -17.3974 -17
3050300 -17.3084 -17
3050400 -17.1051 -17
3050500 -16.98 -17
3050600 -17.1856 -17
3050700 -17.4809 -17
3050800 -17.3409 -17
3050900 -17.6039 -17
3051000 -17.9415 -17
3051100 -17.8788 -17
3051200 -17.6535 -17
3051300 -17.3074 -17
3051400 -17.0412 -17
3051500 -16.7367 -17
3051600 -16.6511 -17
3051700 -16.7549 -17
3051800 -16.8406 -17
3051900 -16.901 -17
3052000 -16.9125 -17
3052100 -16.7835 -17
3052200 -16.8548 -17
3052300 -16.8525 -17
3052400 -16.8958 -17
3052500 -17.1744 -17
3052600 -16.9284 -17
3052700 -16.7023 -17
3052800 -16.6573 -17
3052900 -16.7616 -17
3053000 -16.9641 -17
3053100 -17.1415 -17
3053200 -17.2637 -17
3053300 -17.2727 -17
3053400 -17.711 -17
3053500 -18.0609 -17
3053600 -17.7456 -17
3053700 -17.6827 -17
3053800 -17.4158 -17
3053900 -16.9761 -17
3054000 -16.9607 -17
3054100 -17.1723 -17
3054200 -17.2125 -17
3054300 -17.2226 -17
3054400 -17.1849 -17
3054500 -17.0641 -17
3054600 -16.879 -17
3054700 -16.9909 -17
3054800 -16.8697 -17
3054900 -16.7577 -17
3055000 -16.5577 -17
3055100 -16.5416 -17
3055200 -16.5973 -17
3055300 -16.5333 -17
3055400 -16.7152 -17
3055500 -16.7766 -17
3055600 -16.6172 -17
3055700 -16.5652 -17
3055800 -16.6747 -17
3055900 -16.7156 -17
3056000 -16.836 -17
3056100 -17.1594 -17
3056200 -17.1547 -17
3056300 -17.0658 -17
3056400 -16.9964 -17
3056500 -17.2956 -17
3056600 -17.3057 -17
3056700 -17.1084 -17
3056800 -16.9768 -17
3056900 -16.8035 -17
3057000 -16.7837 -17
3057100 -16.535 -17
3057200 -16.1943 -17
3057300 -16.1405 -17
3057400 -16.3665 -17
3057500 -16.9023 -17
3057600 -17.0455 -17
3057700 -16.7681 -17
3057800 -16.4151 -17
3057900 -16.3116 -17
3058000 -16.5412 -17
3058100 -16.9003 -17
3058200 -17.0426 -17
3058300 -16.8724 -17
3058400 -16.6874 -17
3058500 -16.8738 -17
3058600 -17.3142 -17
3058700 -17.323 -17
3058800 -17.2244 -17
3058900 -17.0954 -17
3059000 -16.8836 -17
3059100 -16.5008 -17
3059200 -16.3137 -17
3059300 -16.2973 -17
3059400 -16.2544 -17
3059500 -16.1323 -17
3059600 -16.5008 -17
3059700 -17.2033 -17
3059800 -17.6266 -17
3059900 -17.5113 -17
3060000 -17.0668 -17
3060100 -16.8905 -17
3060200 -16.7737 -17
3060300 -16.8212 -17
3060400 -16.725 -17
3060500 -16.9393 -17
3060600 -17.1264 -17
3060700 -16.9963 -17
3060800 -16.7402 -17
3060900 -16.6123 -17
3061000 -16.4701 -17
3061100 -16.441 -17
3061200 -16.3665 -17
3061300 -16.7642 -17
3061400 -16.8642 -17
3061500 -16.9415 -17
3061600 -16.8551 -17
3061700 -16.4393 -17
3061800 -16.3092 -17
3061900 -16.492 -17
3062000 -16.8287 -17
3062100 -16.7354 -17
3062200 -16.5867 -17
3062300 -16.6689 -17
3062400 -16.8151 -17
3062500 -16.6432 -17
3062600 -16.3889 -17
3062700 -16.3495 -17
3062800 -16.3419 -17
3062900 -16.3885 -17
3063000 -16.5559 -17
3063100 -16.623 -17
3063200 -16.5351 -17
3063300 -16.4654 -17
3063400 -16.2727 -17
3063500 -16.2738 -17
3063600 -16.3092 -17
3063700 -16.4935 -17
3063800 -16.9013 -17
3063900 -17.1174 -17
3064000 -16.9232 -17
3064100 -16.8315 -17
3064200 -16.9043 -17
3064300 -17.1511 -17
3064400 -17.4191 -17
3064500 -17.5831 -17
3064600 -17.7252 -17
3064700 -17.8772 -17
3064800 -17.8754 -17
3064900 -17.2559 -17
3065000 -17.1946 -17
3065100 -16.9147 -17
3065200 -16.7302 -17
3065300 -16.5229 -17
3065400 -16.5706 -17
3065500 -16.6715 -17
3065600 -16.3188 -17
3065700 -16.274 -17
3065800 -16.7655 -17
3065900 -17.147 -17
3066000 -17.63 -17
3066100 -17.7118 -17
3066200 -17.1324 -17
3066300 -16.7946 -17
3066400 -16.709 -17
3066500 -16.5786 -17
3066600 -16.541 -17
3066700 -16.5893 -17
3066800 -16.6402 -17
3066900 -16.8535 -17
3067000 -17.0414 -17
3067100 -17.137 -17
3067200 -17.4139 -17
3067300 -17.292 -17
3067400 -17.1291 -17
3067500 -16.8388 -17
3067600 -16.8301 -17
3067700 -16.7835 -17
3067800 -16.719 -17
3067900 -16.7484 -17
3068000 -16.9204 -17
3068100 -17.1067 -17
3068200 -16.9485 -17
3068300 -16.8809 -17
3068400 -17.2593 -17
3068500 -17.4125 -17
3068600 -17.4038 -17
3068700 -17.1831 -17
3068800 -17.3271 -17
3068900 -17.3567 -17
3069000 -17.2299 -17
3069100 -17.0714 -17
3069200 -16.6926 -17
3069300 -16.5427 -17
3069400 -16.6807 -17
3069500 -16.8415 -17
3069600 -16.964 -17
3069700 -17.1264 -17
3069800 -17.1305 -17
3069900 -17.2353 -17
3070000 -17.0737 -17
3070100 -16.6731 -17
3070200 -16.8535 -17
3070300 -17.2315 -17
3070400 -17.2287 -17
3070500 -17.2762 -17
3070600 -16.9289 -17
3070700 -16.5207 -17
3070800 -16.7145 -17
3070900 -17.1768 -17
3071000 -17.4231 -17
3071100 -17.0968 -17
3071200 -17.0573 -17
3071300 -16.9782 -17
3071400 -17.0516 -17
3071500 -17.1418 -17
3071600 -17.1074 -17
3071700 -17.1875 -17
3071800 -17.0097 -17
3071900 -17.0371 -17
3072000 -17.2305 -17
3072100 -17.2487 -17
3072200 -16.5215 -17
3072300 -15.8318 -17
3072400 -15.7354 -17
3072500 -15.9422 -17
3072600 -16.229 -17
3072700 -16.218 -17
3072800 -16.4252 -17
3072900 -16.655 -17
3073000 -16.817 -17
3073100 -16.9064 -17
3073200 -17.0124 -17
3073300 -17.2816 -17
3073400 -17.0519 -17
3073500 -16.8666 -17
3073600 -16.9321 -17
3073700 -16.8947 -17
3073800 -17.1657 -17
3073900 -16.849 -17
3074000 -16.6437 -17
3074100 -16.9812 -17
3074200 -17.0463 -17
3074300 -17.1519 -17
3074400 -17.5925 -17
3074500 -17.7056 -17
3074600 -17.7055 -17
3074700 -17.761 -17
3074800 -17.6075 -17
3074900 -17.7777 -17
3075000 -17.5594 -17
3075100 -17.4461 -17
3075200 -17.3365 -17
3075300 -17.4199 -17
3075400 -17.6824 -17
3075500 -17.523 -17
3075600 -17.4315 -17
3075700 -17.552 -17
3075800 -17.5349 -17
3075900 -17.2142 -17
3076000 -17.1244 -17
3076100 -17.024 -17
3076200 -17.0077 -17
3076300 -17.3848 -17
3076400 -17.326 -17
3076500 -17.0967 -17
3076600 -16.9992 -17
3076700 -16.9641 -17
3076800 -16.8697 -17
3076900 -16.8711 -17
3077000 -17.1415 -17
3077100 -17.4001 -17
3077200 -17.6591 -17
3077300 -17.5237 -17
3077400 -17.3809 -17
3077500 -17.2245 -17
3077600 -17.2474 -17
3077700 -17.1516 -17
3077800 -17.4744 -17
3077900 -17.6359 -17
3078000 -17.1188 -17
3078100 -17.1886 -17
3078200 -17.1554 -17
3078300 -16.6576 -17
3078400 -16.8104 -17
3078500 -16.755 -17
3078600 -16.7007 -17
3078700 -16.9055 -17
3078800 -16.7987 -17
3078900 -16.7602 -17
3079000 -16.7393 -17
3079100 -16.9293 -17
3079200 -16.7597 -17
3079300 -16.7715 -17
3079400 -16.7493 -17
3079500 -16.9132 -17
3079600 -17.1673 -17
3079700 -17.3734 -17
3079800 -17.5582 -17
3079900 -17.5562 -17
3080000 -17.2144 -17
3080100 -16.7823 -17
3080200 -16.8117 -17
3080300 -17.218 -17
3080400 -17.1772 -17
3080500 -17.173 -17
3080600 -17.2312 -17
3080700 -16.8974 -17
3080800 -16.65 -17
3080900 -16.7957 -17
3081000 -16.9005 -17
3081100 -17.1726 -17
3081200 -17.2225 -17
3081300 -16.9834 -17
3081400 -17.0159 -17
3081500 -16.9062 -17
3081600 -16.8168 -17
3081700 -16.822 -17
3081800 -17.0221 -17
3081900 -17.2627 -17
3082000 -17.2178 -17
3082100 -16.8943 -17
3082200 -16.6493 -17
3082300 -16.6418 -17
3082400 -16.5506 -17
3082500 -16.3693 -17
3082600 -16.6094 -17
3082700 -16.66 -17
3082800 -16.4811 -17
3082900 -16.5709 -17
3083000 -16.5174 -17
3083100 -16.4394 -17
3083200 -16.5357 -17
3083300 -16.5245 -17
3083400 -16.4612 -17
3083500 -16.2231 -17
3083600 -16.2969 -17
3083700 -16.4507 -17
3083800 -16.4742 -17
3083900 -16.7431 -17
3084000 -17.1346 -17
3084100 -17.254 -17
3084200 -17.0339 -17
3084300 -16.7701 -17
3084400 -16.8097 -17
3084500 -16.8536 -17
3084600 -16.9057 -17
3084700 -16.9769 -17
3084800 -16.9026 -17
3084900 -17.1162 -17
3085000 -17.2756 -17
3085100 -17.6559 -17
3085200 -17.6971 -17
3085300 -17.7013 -17
3085400 -17.9164 -17
3085500 -17.4651 -17
3085600 -17.2777 -17
3085700 -16.9628 -17
3085800 -16.9228 -17
3085900 -17.4481 -17
3086000 -17.7826 -17
3086100 -17.8161 -17
3086200 -17.7095 -17
3086300 -17.8342 -17
3086400 -17.8382 -17
3086500 -17.7746 -17
3086600 -17.6277 -17
3086700 -17.219 -17
3086800 -16.9707 -17
3086900 -16.9138 -17
3087000 -16.9997 -17
3087100 -17.0463 -17
3087200 -16.9853 -17
3087300 -17.1696 -17
3087400 -17.3644 -17
3087500 -17.5834 -17
3087600 -17.7538 -17
3087700 -17.7385 -17
3087800 -17.6482 -17
3087900 -17.3241 -17
3088000 -17.1065 -17
3088100 -17.1588 -17
3088200 -17.1878 -17
3088300 -17.1375 -17
3088400 -17.0327 -17
3088500 -16.8396 -17
3088600 -16.7362 -17
3088700 -16.8063 -17
3088800 -17.0278 -17
3088900 -17.0704 -17
3089000 -17.1698 -17
3089100 -17.057 -17
3089200 -16.8315 -17
3089300 -16.8877 -17
3089400 -17.0862 -17
3089500 -17.3369 -17
3089600 -16.9982 -17
3089700 -16.709 -17
3089800 -16.8411 -17
3089900 -16.7673 -17
3090000 -17.1347 -17
3090100 -17.4699 -17
3090200 -17.2532 -17
3090300 -17.1267 -17
3090400 -16.9479 -17
3090500 -16.9302 -17
3090600 -16.8316 -17
3090700 -17.0605 -17
3090800 -17.1743 -17
3090900 -17.3077 -17
3091000 -16.7905 -17
3091100 -16.6968 -17
3091200 -16.5261 -17
3091300 -16.3607 -17
3091400 -16.5309 -17
3091500 -16.9498 -17
3091600 -17.0097 -17
3091700 -17.3219 -17
3091800 -17.5671 -17
3091900 -17.8091 -17
3092000 -17.5607 -17
3092100 -17.1388 -17
3092200 -16.8135 -17
3092300 -16.5655 -17
3092400 -16.5414 -17
3092500 -16.8019 -17
3092600 -16.997 -17
3092700 -16.946 -17
3092800 -16.6956 -17
3092900 -16.6557 -17
3093000 -16.6032 -17
3093100 -16.5625 -17
3093200 -16.6621 -17
3093300 -16.7401 -17
3093400 -16.937 -17
3093500 -17.2209 -17
3093600 -17.3143 -17
3093700 -17.1345 -17
3093800 -17.283 -17
3093900 -17.6607 -17
3094000 -18.0014 -17
3094100 -17.5796 -17
3094200 -17.2934 -17
3094300 -17.0668 -17
3094400 -16.939 -17
3094500 -17.1297 -17
3094600 -17.1394 -17
3094700 -17.0335 -17
3094800 -17.0992 -17
3094900 -17.2609 -17
3095000 -17.4089 -17
3095100 -17.3008 -17
3095200 -17.0028 -17
3095300 -16.7898 -17
3095400 -16.8803 -17
3095500 -16.8399 -17
3095600 -16.5337 -17
3095700 -16.7759 -17
3095800 -17.3192 -17
3095900 -17.6465 -17
3096000 -17.6776 -17
3096100 -17.6166 -17
3096200 -17.7436 -17
3096300 -17.6674 -17
3096400 -17.3637 -17
3096500 -17.4657 -17
3096600 -17.3409 -17
3096700 -17.3087 -17
3096800 -17.0786 -17
3096900 -16.9292 -17
3097000 -16.5731 -17
3097100 -16.4148 -17
3097200 -16.4709 -17
3097300 -16.6133 -17
3097400 -16.6264 -17
3097500 -16.6289 -17
3097600 -16.6648 -17
3097700 -17.2135 -17
3097800 -17.248 -17
3097900 -17.0864 -17
3098000 -16.9196 -17
3098100 -16.9333 -17
3098200 -16.9602 -17
3098300 -16.8042 -17
3098400 -16.7461 -17
3098500 -16.938 -17
3098600 -17.1174 -17
3098700 -17.1936 -17
3098800 -17.4503 -17
3098900 -17.7212 -17
3099000 -17.7421 -17
3099100 -17.5936 -17
3099200 -17.5437 -17
3099300 -17.7162 -17
3099400 -18.0826 -17
3099500 -17.9284 -17
3099600 -17.9521 -17
3099700 -17.8294 -17
3099800 -17.6594 -17
3099900 -17.5187 -17
3100000 -17.2753 -17
3100100 -17.0567 -17
3100200 -17.2075 -17
3100300 -17.0677 -17
3100400 -17.0938 -17
3100500 -17.0073 -17
3100600 -17.0423 -17
3100700 -17.0992 -17
3100800 -17.2332 -17
3100900 -17.1727 -17
3101000 -17.0779 -17
3101100 -16.9735 -17
3101200 -17.0715 -17
3101300 -17.2116 -17
3101400 -17.1767 -17
3101500 -17.0609 -17
3101600 -16.8674 -17
3101700 -16.9005 -17
3101800 -16.8224 -17
3101900 -16.7415 -17
3102000 -16.3553 -17
3102100 -16.069 -17
3102200 -16.1357 -17
3102300 -16.3637 -17
3102400 -16.4325 -17
3102500 -16.6278 -17
3102600 -16.6045 -17
3102700 -16.5008 -17
3102800 -16.6345 -17
3102900 -16.4601 -17
3103000 -16.5708 -17
3103100 -16.5453 -17
3103200 -16.4908 -17
3103300 -16.5574 -17
3103400 -16.4253 -17
3103500 -16.5266 -17
3103600 -16.7392 -17
3103700 -16.777 -17
3103800 -16.589 -17
3103900 -16.9129 -17
3104000 -17.1794 -17
3104100 -17.3249 -17
3104200 -17.2191 -17
3104300 -17.0474 -17
3104400 -16.9018 -17
3104500 -16.7996 -17
3104600 -16.8189 -17
3104700 -16.4671 -17
3104800 -16.579 -17
3104900 -16.7398 -17
3105000 -16.7943 -17
3105100 -16.9788 -17
3105200 -17.4163 -17
3105300 -17.7949 -17
3105400 -17.712 -17
3105500 -17.6522 -17
3105600 -17.5364 -17
3105700 -17.5688 -17
3105800 -17.2711 -17
3105900 -16.8618 -17
3106000 -16.768 -17
3106100 -16.6832 -17
3106200 -16.6598 -17
3106300 -16.4562 -17
3106400 -16.5797 -17
3106500 -16.6358 -17
3106600 -16.6232 -17
3106700 -16.6412 -17
3106800 -16.5784 -17
3106900 -16.6077 -17
3107000 -16.893 -17
3107100 -16.9317 -17
3107200 -17.0647 -17
3107300 -17.3706 -17
3107400 -17.4766 -17
3107500 -17.4959 -17
3107600 -17.73 -17
3107700 -17.7674 -17
3107800 -17.7459 -17
3107900 -17.4845 -17
3108000 -17.4048 -17
3108100 -17.3914 -17
3108200 -17.2914 -17
3108300 -17.1486 -17
3108400 -16.8352 -17
3108500 -16.6321 -17
3108600 -16.466 -17
3108700 -16.6157 -17
3108800 -16.8176 -17
3108900 -16.8378 -17
3109000 -16.8018 -17
3109100 -17.0365 -17
3109200 -17.0757 -17
3109300 -16.8629 -17
3109400 -16.6955 -17
3109500 -16.3397 -17
3109600 -16.1911 -17
3109700 -16.2465 -17
3109800 -16.2513 -17
3109900 -16.2815 -17
3110000 -16.4944 -17
3110100 -16.3987 -17
3110200 -16.5646 -17
3110300 -16.7817 -17
3110400 -17.0591 -17
3110500 -17.248 -17
3110600 -17.0673 -17
3110700 -16.9542 -17
3110800 -17.0342 -17
3110900 -17.0585 -17
3111000 -17.1686 -17
3111100 -17.3665 -17
3111200 -17.3132 -17
3111300 -17.3697 -17
3111400 -17.5917 -17
3111500 -17.6326 -17
3111600 -17.2619 -17
3111700 -16.9342 -17
3111800 -16.872 -17
3111900 -16.9075 -17
3112000 -16.9045 -17
3112100 -16.9086 -17
3112200 -16.9219 -17
3112300 -17.3492 -17
3112400 -17.5856 -17
3112500 -17.5332 -17
3112600 -17.695 -17
3112700 -17.4492 -17
3112800 -17.4106 -17
3112900 -17.3065 -17
3113000 -17.0966 -17
3113100 -17.0512 -17
3113200 -17.0042 -17
3113300 -16.8919 -17
3113400 -16.8446 -17
3113500 -16.8093 -17
3113600 -16.8807 -17
3113700 -16.9639 -17
3113800 -16.8792 -17
3113900 -16.7898 -17
3114000 -16.7387 -17
3114100 -16.7646 -17
3114200 -16.9021 -17
3114300 -16.506 -17
3114400 -16.5598 -17
3114500 -17.0869 -17
3114600 -17.0834 -17
3114700 -16.8652 -17
3114800 -16.7481 -17
3114900 -16.507 -17
3115000 -16.4886 -17
3115100 -16.4895 -17
3115200 -16.1768 -17
3115300 -16.2789 -17
3115400 -16.5567 -17
3115500 -16.7195 -17
3115600 -16.8531 -17
3115700 -17.2064 -17
3115800 -17.4265 -17
3115900 -17.5919 -17
3116000 -17.4029 -17
3116100 -17.3464 -17
3116200 -17.5849 -17
3116300 -17.6282 -17
3116400 -17.5969 -17
3116500 -17.5809 -17
3116600 -17.6157 -17
3116700 -17.289 -17
3116800 -17.0308 -17
3116900 -17.0973 -17
3117000 -17.1816 -17
3117100 -17.3434 -17
3117200 -17.0509 -17
3117300 -16.749 -17
3117400 -16.9375 -17
3117500 -17.2035 -17
3117600 -17.4382 -17
3117700 -17.2713 -17
3117800 -17.0394 -17
3117900 -16.8064 -17
3118000 -16.7404 -17
3118100 -16.7883 -17
3118200 -16.6712 -17
3118300 -16.4391 -17
3118400 -16.4579 -17
3118500 -16.3908 -17
3118600 -16.585 -17
3118700 -16.9561 -17
3118800 -17.2955 -17
3118900 -17.5022 -17
3119000 -17.5595 -17
3119100 -17.7951 -17
3119200 -17.8867 -17
3119300 -17.7066 -17
3119400 -17.5341 -17
3119500 -17.6103 -17
3119600 -17.8254 -17
3119700 -17.7684 -17
3119800 -17.5875 -17
3119900 -17.5344 -17
3120000 -17.655 -17
3120100 -17.5742 -17
3120200 -17.7557 -17
3120300 -17.8987 -17
3120400 -17.6158 -17
3120500 -17.3829 -17
3120600 -17.0969 -17
3120700 -17.03 -17
3120800 -16.9774 -17
3120900 -16.8604 -17
3121000 -16.6925 -17
3121100 -16.7328 -17
3121200 -16.8164 -17
3121300 -16.9083 -17
3121400 -16.8565 -17
3121500 -16.8104 -17
3121600 -16.5265 -17
3121700 -16.4462 -17
3121800 -16.328 -17
3121900 -16.2078 -17
3122000 -16.2361 -17
3122100 -16.6001 -17
3122200 -17.121 -17
3122300 -17.0942 -17
3122400 -17.0217 -17
3122500 -17.0908 -17
3122600 -17.0848 -17
3122700 -16.8837 -17
3122800 -17.1271 -17
3122900 -17.3892 -17
3123000 -17.2372 -17
3123100 -16.9801 -17
3123200 -16.7448 -17
3123300 -16.4325 -17
3123400 -16.5106 -17
3123500 -16.5434 -17
3123600 -16.6443 -17
3123700 -16.6006 -17
3123800 -16.6351 -17
3123900 -16.8797 -17
3124000 -17.0018 -17
3124100 -17.1333 -17
3124200 -17.0345 -17
3124300 -17.0203 -17
3124400 -16.9578 -17
3124500 -17.1701 -17
3124600 -17.0988 -17
3124700 -16.8492 -17
3124800 -16.7421 -17
3124900 -16.6407 -17
3125000 -16.7585 -17
3125100 -16.6809 -17
3125200 -16.3345 -17
3125300 -16.4969 -17
3125400 -16.9202 -17
3125500 -17.1985 -17
3125600 -17.1301 -17
3125700 -17.0222 -17
3125800 -17.0714 -17
3125900 -17.1122 -17
3126000 -17.2231 -17
3126100 -17.1022 -17
3126200 -17.0822 -17
3126300 -16.9496 -17
3126400 -17.0653 -17
3126500 -17.0134 -17
3126600 -16.9724 -17
3126700 -16.8939 -17
3126800 -16.6008 -17
3126900 -16.4558 -17
3127000 -16.4381 -17
3127100 -16.7254 -17
3127200 -16.4556 -17
3127300 -16.1911 -17
3127400 -16.3127 -17
3127500 -16.7618 -17
3127600 -17.18 -17
3127700 -17.2373 -17
3127800 -17.1243 -17
3127900 -17.1514 -17
3128000 -17.3594 -17
3128100 -17.2982 -17
3128200 -16.9794 -17
3128300 -16.4583 -17
3128400 -16.5931 -17
3128500 -16.7001 -17
3128600 -16.9367 -17
3128700 -16.8957 -17
3128800 -16.6246 -17
3128900 -16.5445 -17
3129000 -16.4053 -17
3129100 -16.5683 -17
3129200 -16.6573 -17
3129300 -16.9557 -17
3129400 -17.1717 -17
3129500 -17.0767 -17
3129600 -16.943 -17
3129700 -16.9344 -17
3129800 -17.2043 -17
3129900 -17.3887 -17
3130000 -17.569 -17
3130100 -17.6742 -17
3130200 -18.0908 -17
3130300 -18.156 -17
3130400 -17.886 -17
3130500 -17.7181 -17
3130600 -17.3753 -17
3130700 -17.2309 -17
3130800 -17.0394 -17
3130900 -16.6654 -17
3131000 -16.5872 -17
3131100 -16.3411 -17
3131200 -16.6063 -17
3131300 -16.7734 -17
3131400 -17.0694 -17
3131500 -17.5616 -17
3131600 -17.7904 -17
3131700 -17.7159 -17
3131800 -17.4507 -17
3131900 -17.0317 -17
3132000 -16.8798 -17
3132100 -16.4787 -17
3132200 -16.3291 -17
3132300 -16.6233 -17
3132400 -16.8379 -17
3132500 -17.3828 -17
3132600 -17.1091 -17
3132700 -16.9731 -17
3132800 -16.5812 -17
3132900 -16.4928 -17
3133000 -16.5343 -17
3133100 -16.7214 -17
3133200 -16.7012 -17
3133300 -16.8376 -17
3133400 -16.9907 -17
3133500 -16.7073 -17
3133600 -16.257 -17
3133700 -16.185 -17
3133800 -16.3075 -17
3133900 -16.6776 -17
3134000 -17.0817 -17
3134100 -17.2657 -17
3134200 -17.3653 -17
3134300 -17.2595 -17
3134400 -17.2017 -17
3134500 -17.3317 -17
3134600 -17.1608 -17
3134700 -17.2366 -17
3134800 -17.1519 -17
3134900 -17.0687 -17
3135000 -16.8986 -17
3135100 -16.4752 -17
3135200 -16.3766 -17
3135300 -16.4961 -17
3135400 -16.6962 -17
3135500 -17.0309 -17
3135600 -17.2452 -17
3135700 -17.352 -17
3135800 -17.4897 -17
3135900 -17.4077 -17
3136000 -17.4851 -17
3136100 -17.5026 -17
3136200 -17.5157 -17
3136300 -17.7304 -17
3136400 -17.7842 -17
3136500 -17.5854 -17
3136600 -17.3247 -17
3136700 -17.5201 -17
3136800 -17.5871 -17
3136900 -17.4257 -17
3137000 -17.1025 -17
3137100 -16.8023 -17
3137200 -16.5253 -17
3137300 -16.2491 -17
3137400 -16.3328 -17
3137500 -16.8249 -17
3137600 -17.4471 -17
3137700 -17.4738 -17
3137800 -17.2794 -17
3137900 -17.395 -17
3138000 -17.1307 -17
3138100 -16.6904 -17
3138200 -16.5957 -17
3138300 -16.5554 -17
3138400 -16.8554 -17
3138500 -17.0845 -17
3138600 -17.051 -17
3138700 -17.0966 -17
3138800 -17.4209 -17
3138900 -17.6783 -17
3139000 -17.6392 -17
3139100 -17.411 -17
3139200 -17.4878 -17
3139300 -17.7768 -17
3139400 -17.8798 -17
3139500 -17.367 -17
3139600 -16.3792 -17
3139700 -15.9364 -17
3139800 -16.2076 -17
3139900 -16.6445 -17
3140000 -16.5652 -17
3140100 -16.7835 -17
3140200 -17.075 -17
3140300 -16.8941 -17
3140400 -16.7257 -17
3140500 -16.4881 -17
3140600 -16.6817 -17
3140700 -16.9678 -17
3140800 -16.8787 -17
3140900 -16.684 -17
3141000 -16.6515 -17
3141100 -16.7244 -17
3141200 -16.8096 -17
3141300 -16.9078 -17
3141400 -17.0748 -17
3141500 -16.9068 -17
3141600 -16.5297 -17
3141700 -16.4697 -17
3141800 -16.7697 -17
3141900 -16.8438 -17
3142000 -16.9567 -17
3142100 -16.7484 -17
3142200 -16.6589 -17
3142300 -16.7491 -17
3142400 -16.9768 -17
3142500 -16.9063 -17
3142600 -16.877 -17
3142700 -16.5997 -17
3142800 -16.1316 -17
3142900 -16.1364 -17
3143000 -16.1747 -17
3143100 -16.2755 -17
3143200 -16.4924 -17
3143300 -16.8596 -17
3143400 -16.9959 -17
3143500 -17.0933 -17
3143600 -16.674 -17
3143700 -16.6406 -17
3143800 -16.5855 -17
3143900 -16.877 -17
3144000 -17.0436 -17
3144100 -17.0832 -17
3144200 -17.1351 -17
3144300 -17.1075 -17
3144400 -17.4227 -17
3144500 -17.1643 -17
3144600 -16.8288 -17
3144700 -16.6816 -17
3144800 -16.5254 -17
3144900 -16.428 -17
3145000 -16.3338 -17
3145100 -16.8569 -17
3145200 -17.1811 -17
3145300 -17.3523 -17
3145400 -16.9788 -17
3145500 -16.7359 -17
3145600 -16.7883 -17
3145700 -17.1966 -17
3145800 -17.3279 -17
3145900 -17.0839 -17
3146000 -17.2488 -17
3146100 -17.3291 -17
3146200 -17.4242 -17
3146300 -17.5905 -17
3146400 -17.5251 -17
3146500 -17.3767 -17
3146600 -17.6349 -17
3146700 -17.8006 -17
3146800 -17.7522 -17
3146900 -17.612 -17
3147000 -17.278 -17
3147100 -17.14 -17
3147200 -17.0933 -17
3147300 -17.0496 -17
3147400 -17.0435 -17
3147500 -16.6825 -17
3147600 -16.5745 -17
3147700 -16.9203 -17
3147800 -17.006 -17
3147900 -17.0277 -17
3148000 -16.8617 -17
3148100 -17.0646 -17
3148200 -17.061 -17
3148300 -17.274 -17
3148400 -17.331 -17
3148500 -16.7768 -17
3148600 -16.7042 -17
3148700 -16.7218 -17
3148800 -16.2476 -17
3148900 -16.2834 -17
3149000 -16.6792 -17
3149100 -16.8096 -17
3149200 -16.9253 -17
3149300 -16.9784 -17
3149400 -17.0734 -17
3149500 -17.2702 -17
3149600 -17.2253 -17
3149700 -17.3131 -17
3149800 -17.2504 -17
3149900 -17.4102 -17
3150000 -17.2692 -17
3150100 -17.181 -17
3150200 -17.1906 -17
3150300 -17.1104 -17
3150400 -16.9815 -17
3150500 -16.632 -17
3150600 -16.4281 -17
3150700 -16.7844 -17
3150800 -16.743 -17
3150900 -16.4947 -17
3151000 -16.636 -17
3151100 -17.0158 -17
3151200 -17.4718 -17
3151300 -17.3095 -17
3151400 -17.1855 -17
3151500 -17.0777 -17
3151600 -17.2478 -17
3151700 -17.2814 -17
3151800 -17.0405 -17
3151900 -16.7829 -17
3152000 -16.6362 -17
3152100 -16.5738 -17
3152200 -16.5882 -17
3152300 -17.0006 -17
3152400 -17.3092 -17
3152500 -17.5199 -17
3152600 -17.2942 -17
3152700 -17.0075 -17
3152800 -16.7412 -17
3152900 -16.7089 -17
3153000 -16.5816 -17
3153100 -16.4384 -17
3153200 -16.7375 -17
3153300 -16.7385 -17
3153400 -16.6187 -17
3153500 -16.8003 -17
3153600 -17.1278 -17
3153700 -17.2958 -17
3153800 -17.0266 -17
3153900 -17.1511 -17
3154000 -17.0046 -17
3154100 -16.9144 -17
3154200 -16.9978 -17
3154300 -17.0118 -17
3154400 -17.252 -17
3154500 -17.046 -17
3154600 -16.7022 -17
3154700 -16.4117 -17
3154800 -16.5791 -17
3154900 -16.7133 -17
3155000 -16.5696 -17
3155100 -16.0846 -17
3155200 -15.9315 -17
3155300 -16.2047 -17
3155400 -16.1838 -17
3155500 -16.2795 -17
3155600 -16.4282 -17
3155700 -16.1252 -17
3155800 -16.3912 -17
3155900 -16.6463 -17
3156000 -16.7651 -17
3156100 -16.7951 -17
3156200 -16.9112 -17
3156300 -17.3184 -17
3156400 -17.0808 -17
3156500 -16.7233 -17
3156600 -16.5371 -17
3156700 -16.5892 -17
3156800 -16.6728 -17
3156900 -16.4709 -17
3157000 -16.4124 -17
3157100 -16.642 -17
3157200 -16.7825 -17
3157300 -16.777 -17
3157400 -16.7891 -17
3157500 -16.6732 -17
3157600 -16.662 -17
3157700 -16.7791 -17
3157800 -16.6771 -17
3157900 -16.419 -17
3158000 -16.2936 -17
3158100 -16.3276 -17
3158200 -16.3786 -17
3158300 -16.4304 -17
3158400 -16.6599 -17
3158500 -16.6689 -17
3158600 -16.6985 -17
3158700 -16.6246 -17
3158800 -16.3096 -17
3158900 -16.5368 -17
3159000 -16.9458 -17
3159100 -16.9837 -17
3159200 -16.8335 -17
3159300 -16.5708 -17
3159400 -16.6185 -17
3159500 -16.8651 -17
3159600 -17.1872 -17
3159700 -17.1731 -17
3159800 -16.8771 -17
3159900 -17.001 -17
3160000 -16.8166 -17
3160100 -16.7019 -17
3160200 -16.8865 -17
3160300 -16.8982 -17
3160400 -16.9096 -17
3160500 -17.2552 -17
3160600 -17.2986 -17
3160700 -17.5068 -17
3160800 -17.5341 -17
3160900 -17.4841 -17
3161000 -17.0661 -17
3161100 -16.65 -17
3161200 -16.51 -17
3161300 -16.3621 -17
3161400 -16.4508 -17
3161500 -16.4822 -17
3161600 -16.2686 -17
3161700 -16.0601 -17
3161800 -15.9856 -17
3161900 -16.3791 -17
3162000 -16.1874 -17
3162100 -16.2713 -17
3162200 -16.6668 -17
3162300 -16.8539 -17
3162400 -16.8951 -17
3162500 -16.9326 -17
3162600 -16.6933 -17
3162700 -16.5644 -17
3162800 -16.5591 -17
3162900 -16.9404 -17
3163000 -17.0572 -17
3163100 -16.8597 -17
3163200 -16.9537 -17
3163300 -17.0765 -17
3163400 -17.1561 -17
3163500 -17.3497 -17
3163600 -17.5782 -17
3163700 -17.4964 -17
3163800 -17.3058 -17
3163900 -17.1409 -17
3164000 -16.8869 -17
3164100 -16.9199 -17
3164200 -17.0465 -17
3164300 -17.2285 -17
3164400 -17.3384 -17
3164500 -17.2335 -17
3164600 -16.9971 -17
3164700 -16.9707 -17
3164800 -17.2132 -17
3164900 -17.285 -17
3165000 -17.1877 -17
3165100 -17.1636 -17
3165200 -17.0342 -17
3165300 -17.1467 -17
3165400 -17.0023 -17
3165500 -16.7771 -17
3165600 -17.1524 -17
3165700 -17.2628 -17
3165800 -17.2405 -17
3165900 -17.1854 -17
3166000 -17.066 -17
3166100 -16.9365 -17
3166200 -16.8147 -17
3166300 -16.6072 -17
3166400 -16.5647 -17
3166500 -16.5833 -17
3166600 -16.3555 -17
3166700 -16.0865 -17
3166800 -16.1947 -17
3166900 -16.6021 -17
3167000 -16.4851 -17
3167100 -16.5193 -17
3167200 -16.4606 -17
3167300 -16.6477 -17
3167400 -16.747 -17
3167500 -16.5164 -17
3167600 -16.3373 -17
3167700 -16.2256 -17
3167800 -16.3382 -17
3167900 -16.2249 -17
3168000 -16.2432 -17
3168100 -16.4667 -17
3168200 -16.5612 -17
3168300 -16.5389 -17
3168400 -16.6062 -17
3168500 -16.4608 -17
3168600 -16.3393 -17
3168700 -16.2136 -17
3168800 -16.3468 -17
3168900 -16.5392 -17
3169000 -16.4813 -17
3169100 -16.5775 -17
3169200 -16.7342 -17
3169300 -16.513 -17
3169400 -16.6253 -17
3169500 -16.6847 -17
3169600 -16.6802 -17
3169700 -16.6178 -17
3169800 -16.9814 -17
3169900 -17.0478 -17
3170000 -16.9501 -17
3170100 -16.9153 -17
3170200 -16.8558 -17
3170300 -17.1213 -17
3170400 -16.9567 -17
3170500 -16.8864 -17
3170600 -17.204 -17
3170700 -17.6208 -17
3170800 -17.2489 -17
3170900 -16.943 -17
3171000 -16.864 -17
3171100 -16.7119 -17
3171200 -16.8319 -17
3171300 -16.7881 -17
3171400 -16.8079 -17
3171500 -16.8398 -17
3171600 -16.7439 -17
3171700 -17.0552 -17
3171800 -16.9736 -17
3171900 -16.6411 -17
3172000 -16.322 -17
3172100 -16.4764 -17
3172200 -16.7243 -17
3172300 -16.5155 -17
3172400 -16.6917 -17
3172500 -16.7904 -17
3172600 -16.6723 -17
3172700 -16.6817 -17
3172800 -16.7054 -17
3172900 -17.3164 -17
3173000 -17.7319 -17
3173100 -17.5329 -17
3173200 -17.1792 -17
3173300 -17.2702 -17
3173400 -17.4549 -17
3173500 -17.4026 -17
3173600 -16.7827 -17
3173700 -16.7101 -17
3173800 -16.7652 -17
3173900 -16.6531 -17
3174000 -16.3448 -17
3174100 -16.4234 -17
3174200 -16.3763 -17
3174300 -16.5958 -17
3174400 -16.9613 -17
3174500 -16.8388 -17
3174600 -16.8815 -17
3174700 -16.8532 -17
3174800 -16.914 -17
3174900 -17.1125 -17
3175000 -17.3248 -17
3175100 -17.4789 -17
3175200 -17.3167 -17
3175300 -17.1047 -17
3175400 -17.4915 -17
3175500 -17.5845 -17
3175600 -17.353 -17
3175700 -17.0461 -17
3175800 -17.0368 -17
3175900 -16.8512 -17
3176000 -16.5972 -17
3176100 -16.3927 -17
3176200 -16.6588 -17
3176300 -16.6279 -17
3176400 -16.5241 -17
3176500 -16.4685 -17
3176600 -16.3981 -17
3176700 -16.501 -17
3176800 -16.9415 -17
3176900 -17.398 -17
3177000 -17.5238 -17
3177100 -17.3596 -17
3177200 -17.3411 -17
3177300 -17.0312 -17
3177400 -16.9224 -17
3177500 -17.0827 -17
3177600 -17.2246 -17
3177700 -17.4828 -17
3177800 -17.6362 -17
3177900 -17.504 -17
3178000 -17.5263 -17
3178100 -17.6824 -17
3178200 -17.3183 -17
3178300 -17.1003 -17
3178400 -16.8504 -17
3178500 -16.7773 -17
3178600 -16.7517 -17
3178700 -16.9912 -17
3178800 -16.9748 -17
3178900 -16.8734 -17
3179000 -16.997 -17
3179100 -17.2177 -17
3179200 -17.0277 -17
3179300 -17.1378 -17
3179400 -17.2754 -17
3179500 -17.5912 -17
3179600 -17.5604 -17
3179700 -17.2112 -17
3179800 -17.1626 -17
3179900 -17.1062 -17
3180000 -17.4718 -17
3180100 -17.7027 -17
3180200 -17.6297 -17
3180300 -17.6733 -17
3180400 -17.6567 -17
3180500 -17.4724 -17
3180600 -17.6388 -17
3180700 -17.2995 -17
3180800 -16.7611 -17
3180900 -16.4912 -17
3181000 -16.4089 -17
3181100 -16.2653 -17
3181200 -16.5553 -17
3181300 -16.8896 -17
3181400 -17.0776 -17
3181500 -16.8709 -17
3181600 -16.7793 -17
3181700 -16.5847 -17
3181800 -16.5719 -17
3181900 -16.5784 -17
3182000 -16.7314 -17
3182100 -16.7854 -17
3182200 -16.7297 -17
3182300 -16.9427 -17
3182400 -17.3194 -17
3182500 -17.3553 -17
3182600 -17.1424 -17
3182700 -16.8604 -17
3182800 -16.6238 -17
3182900 -16.8972 -17
3183000 -16.9322 -17
3183100 -16.7289 -17
3183200 -16.6295 -17
3183300 -16.4214 -17
3183400 -16.4461 -17
3183500 -16.8097 -17
3183600 -16.9318 -17
3183700 -16.7168 -17
3183800 -16.3833 -17
3183900 -16.5732 -17
3184000 -16.8596 -17
3184100 -16.9139 -17
3184200 -16.8088 -17
3184300 -16.6964 -17
3184400 -16.917 -17
3184500 -16.9253 -17
3184600 -16.9575 -17
3184700 -17.0625 -17
3184800 -17.0237 -17
3184900 -16.9957 -17
3185000 -16.8027 -17
3185100 -16.6482 -17
3185200 -16.6944 -17
3185300 -16.7332 -17
3185400 -16.2628 -17
3185500 -16.2983 -17
3185600 -16.4109 -17
3185700 -16.8526 -17
3185800 -17.104 -17
3185900 -17.027 -17
3186000 -16.9239 -17
3186100 -17.0499 -17
3186200 -16.9958 -17
3186300 -16.7626 -17
3186400 -16.7646 -17
3186500 -16.8572 -17
3186600 -16.8182 -17
3186700 -16.8669 -17
3186800 -16.8527 -17
3186900 -16.7133 -17
3187000 -16.5111 -17
3187100 -16.8675 -17
3187200 -17.3695 -17
3187300 -17.2744 -17
3187400 -16.8453 -17
3187500 -16.6902 -17
3187600 -16.7122 -17
3187700 -16.8925 -17
3187800 -16.7273 -17
3187900 -16.8507 -17
3188000 -17.1692 -17
3188100 -17.2327 -17
3188200 -17.1944 -17
3188300 -16.7819 -17
3188400 -16.7186 -17
3188500 -16.9331 -17
3188600 -17.123 -17
3188700 -16.8267 -17
3188800 -16.8174 -17
3188900 -16.9724 -17
3189000 -16.9734 -17
3189100 -17.0618 -17
3189200 -17.025 -17
3189300 -17.1633 -17
3189400 -17.429 -17
3189500 -17.3771 -17
3189600 -17.384 -17
3189700 -17.4103 -17
3189800 -17.256 -17
3189900 -17.2785 -17
3190000 -17.1798 -17
3190100 -17.0347 -17
3190200 -16.8533 -17
3190300 -17.1507 -17
3190400 -17.3612 -17
3190500 -17.1773 -17
3190600 -16.9872 -17
3190700 -16.9864 -17
3190800 -17.1027 -17
3190900 -17.4855 -17
3191000 -17.6778 -17
3191100 -17.7647 -17
3191200 -17.4984 -17
3191300 -17.086 -17
3191400 -16.8991 -17
3191500 -17.068 -17
3191600 -17.1295 -17
3191700 -17.4398 -17
3191800 -17.5394 -17
3191900 -17.4104 -17
3192000 -17.0881 -17
3192100 -17.1127 -17
3192200 -16.8916 -17
3192300 -16.7538 -17
3192400 -16.6798 -17
3192500 -16.7612 -17
3192600 -16.5495 -17
3192700 -16.3368 -17
3192800 -16.3228 -17
3192900 -16.3475 -17
3193000 -16.4304 -17
3193100 -16.9747 -17
3193200 -17.097 -17
3193300 -16.9933 -17
3193400 -17.1303 -17
3193500 -17.2716 -17
3193600 -17.2899 -17
3193700 -17.2126 -17
3193800 -17.0925 -17
3193900 -17.1369 -17
3194000 -17.4276 -17
3194100 -17.4706 -17
3194200 -17.1416 -17
3194300 -17.2358 -17
3194400 -17.4877 -17
3194500 -17.3449 -17
3194600 -17.1384 -17
3194700 -16.9967 -17
3194800 -17.0402 -17
3194900 -17.0128 -17
3195000 -16.9283 -17
3195100 -16.8681 -17
3195200 -17 -17
3195300 -16.9461 -17
3195400 -17.2633 -17
3195500 -17.1483 -17
3195600 -17.1705 -17
3195700 -17.3676 -17
3195800 -17.5572 -17
3195900 -17.246 -17
3196000 -16.9185 -17
3196100 -16.864 -17
3196200 -16.6757 -17
3196300 -16.7997 -17
3196400 -17.0122 -17
3196500 -17.2239 -17
3196600 -16.9646 -17
3196700 -16.7488 -17
3196800 -16.8096 -17
3196900 -16.9841 -17
3197000 -17.1207 -17
3197100 -16.5823 -17
3197200 -16.3494 -17
3197300 -16.2974 -17
3197400 -16.351 -17
3197500 -16.6745 -17
3197600 -16.7037 -17
3197700 -16.6309 -17
3197800 -16.7958 -17
3197900 -17.221 -17
3198000 -17.2951 -17
3198100 -17.4429 -17
3198200 -17.5462 -17
3198300 -17.4292 -17
3198400 -17.4379 -17
3198500 -17.6678 -17
3198600 -17.7301 -17
3198700 -17.5524 -17
3198800 -17.6366 -17
3198900 -17.524 -17
3199000 -17.4905 -17
3199100 -17.5035 -17
3199200 -17.1274 -17
3199300 -17.0807 -17
3199400 -17.0863 -17
3199500 -17.1381 -17
3199600 -17.1333 -17
3199700 -16.8253 -17
3199800 -16.7874 -17
3199900 -16.5855 -17
3200000 -16.724 -17
