# Time-averaged data for fix myat1
# TimeStep v_xave v_xdes
4200100 -13.7511 -14
4200200 -13.8041 -14
4200300 -13.9744 -14
4200400 -13.8942 -14
4200500 -13.9975 -14
4200600 -14.12 -14
4200700 -14.4069 -14
4200800 -14.6036 -14
4200900 -14.7259 -14
4201000 -14.7891 -14
4201100 -14.3208 -14
4201200 -14.1847 -14
4201300 -14.5189 -14
4201400 -14.8612 -14
4201500 -14.8747 -14
4201600 -14.7049 -14
4201700 -14.8364 -14
4201800 -14.9943 -14
4201900 -15.0132 -14
4202000 -14.6485 -14
4202100 -14.38 -14
4202200 -14.4551 -14
4202300 -14.5857 -14
4202400 -14.4387 -14
4202500 -14.1237 -14
4202600 -13.9108 -14
4202700 -14.0051 -14
4202800 -14.2106 -14
4202900 -14.471 -14
4203000 -14.5356 -14
4203100 -14.4166 -14
4203200 -14.4835 -14
4203300 -14.3251 -14
4203400 -14.1942 -14
4203500 -14.1567 -14
4203600 -13.7249 -14
4203700 -13.5053 -14
4203800 -13.3889 -14
4203900 -13.5387 -14
4204000 -13.738 -14
4204100 -13.8713 -14
4204200 -14.046 -14
4204300 -14.1113 -14
4204400 -14.2972 -14
4204500 -14.4292 -14
4204600 -14.3595 -14
4204700 -14.3782 -14
4204800 -14.1755 -14
4204900 -13.7829 -14
4205000 -13.7281 -14
4205100 -13.842 -14
4205200 -13.8641 -14
4205300 -13.7791 -14
4205400 -13.6772 -14
4205500 -13.929 -14
4205600 -13.7535 -14
4205700 -13.7368 -14
4205800 -13.8754 -14
4205900 -13.8791 -14
4206000 -13.9936 -14
4206100 -14.2021 -14
4206200 -14.2336 -14
4206300 -14.3455 -14
4206400 -14.2042 -14
4206500 -14.0497 -14
4206600 -14.0572 -14
4206700 -14.0599 -14
4206800 -14.3989 -14
4206900 -14.6389 -14
4207000 -14.4857 -14
4207100 -14.1166 -14
4207200 -14.1719 -14
4207300 -14.0533 -14
4207400 -13.9449 -14
4207500 -14.0231 -14
4207600 -13.6478 -14
4207700 -13.3468 -14
4207800 -13.4037 -14
4207900 -13.8407 -14
4208000 -14.3488 -14
4208100 -14.7003 -14
4208200 -14.6528 -14
4208300 -14.4613 -14
4208400 -14.3824 -14
4208500 -14.5154 -14
4208600 -14.6487 -14
4208700 -14.5645 -14
4208800 -14.4253 -14
4208900 -14.0721 -14
4209000 -13.9534 -14
4209100 -14.2014 -14
4209200 -14.5187 -14
4209300 -14.6316 -14
4209400 -14.5528 -14
4209500 -14.1368 -14
4209600 -13.9381 -14
4209700 -13.8035 -14
4209800 -13.9467 -14
4209900 -13.7431 -14
4210000 -13.7973 -14
4210100 -13.6193 -14
4210200 -13.4715 -14
4210300 -13.2438 -14
4210400 -13.3339 -14
4210500 -13.5905 -14
4210600 -13.7718 -14
4210700 -13.7058 -14
4210800 -13.8672 -14
4210900 -13.8681 -14
4211000 -13.6891 -14
4211100 -13.3536 -14
4211200 -12.9871 -14
4211300 -12.7503 -14
4211400 -13.0447 -14
4211500 -13.3613 -14
4211600 -13.8181 -14
4211700 -14.1771 -14
4211800 -14.4757 -14
4211900 -14.3784 -14
4212000 -14.4399 -14
4212100 -14.4608 -14
4212200 -14.2005 -14
4212300 -14.0048 -14
4212400 -14.1601 -14
4212500 -14.4833 -14
4212600 -14.6127 -14
4212700 -14.5339 -14
4212800 -14.3017 -14
4212900 -14.1694 -14
4213000 -13.8213 -14
4213100 -13.8047 -14
4213200 -14.0427 -14
4213300 -14.5876 -14
4213400 -14.6857 -14
4213500 -14.7249 -14
4213600 -14.5073 -14
4213700 -13.9885 -14
4213800 -13.4739 -14
4213900 -13.2501 -14
4214000 -13.0746 -14
4214100 -12.9672 -14
4214200 -12.9859 -14
4214300 -13.2907 -14
4214400 -13.5637 -14
4214500 -13.5626 -14
4214600 -13.3428 -14
4214700 -13.1254 -14
4214800 -13.4164 -14
4214900 -13.8416 -14
4215000 -13.9719 -14
4215100 -14.2036 -14
4215200 -14.4005 -14
4215300 -14.3627 -14
4215400 -14.1043 -14
4215500 -13.8692 -14
4215600 -13.7296 -14
4215700 -13.6368 -14
4215800 -13.9659 -14
4215900 -14.441 -14
4216000 -14.6273 -14
4216100 -14.8068 -14
4216200 -14.5283 -14
4216300 -14.0832 -14
4216400 -13.9246 -14
4216500 -13.7086 -14
4216600 -13.5065 -14
4216700 -13.829 -14
4216800 -13.716 -14
4216900 -13.6765 -14
4217000 -13.8269 -14
4217100 -13.8136 -14
4217200 -13.9656 -14
4217300 -14.1937 -14
4217400 -14.2539 -14
4217500 -14.0137 -14
4217600 -13.7577 -14
4217700 -14.0823 -14
4217800 -13.9405 -14
4217900 -14.1379 -14
4218000 -14.4105 -14
4218100 -14.44 -14
4218200 -14.5171 -14
4218300 -14.2852 -14
4218400 -14.1696 -14
4218500 -14.0225 -14
4218600 -13.8911 -14
4218700 -14.0705 -14
4218800 -13.8344 -14
4218900 -13.7115 -14
4219000 -13.8416 -14
4219100 -13.8538 -14
4219200 -14.0618 -14
4219300 -14.2191 -14
4219400 -14.2351 -14
4219500 -14.1054 -14
4219600 -13.8478 -14
4219700 -13.7281 -14
4219800 -13.5475 -14
4219900 -13.4155 -14
4220000 -13.4695 -14
4220100 -13.8408 -14
4220200 -13.9189 -14
4220300 -14.1129 -14
4220400 -14.2642 -14
4220500 -14.3297 -14
4220600 -14.1961 -14
4220700 -14.1872 -14
4220800 -14.2996 -14
4220900 -14.2847 -14
4221000 -14.2003 -14
4221100 -14.0555 -14
4221200 -13.9644 -14
4221300 -13.8371 -14
4221400 -14.0723 -14
4221500 -13.974 -14
4221600 -13.5301 -14
4221700 -13.6913 -14
4221800 -13.9932 -14
4221900 -14.2942 -14
4222000 -14.4598 -14
4222100 -14.5424 -14
4222200 -14.3698 -14
4222300 -14.4065 -14
4222400 -14.511 -14
4222500 -14.3662 -14
4222600 -14.1632 -14
4222700 -14.1307 -14
4222800 -13.8709 -14
4222900 -13.706 -14
4223000 -13.8739 -14
4223100 -14.2002 -14
4223200 -14.5021 -14
4223300 -14.1894 -14
4223400 -13.8021 -14
4223500 -13.9115 -14
4223600 -14.1387 -14
4223700 -14.6628 -14
4223800 -14.7917 -14
4223900 -14.802 -14
4224000 -14.7856 -14
4224100 -15.0353 -14
4224200 -14.8945 -14
4224300 -14.5781 -14
4224400 -14.1037 -14
4224500 -13.7938 -14
4224600 -13.8706 -14
4224700 -13.7307 -14
4224800 -13.7362 -14
4224900 -13.9408 -14
4225000 -14.1512 -14
4225100 -14.0003 -14
4225200 -13.8874 -14
4225300 -13.797 -14
4225400 -14.0514 -14
4225500 -14.3769 -14
4225600 -14.7634 -14
4225700 -14.8823 -14
4225800 -14.5614 -14
4225900 -14.3934 -14
4226000 -14.2251 -14
4226100 -14.1608 -14
4226200 -14.2904 -14
4226300 -14.2498 -14
4226400 -13.8366 -14
4226500 -13.9747 -14
4226600 -14.1766 -14
4226700 -14.3103 -14
4226800 -14.1148 -14
4226900 -14.2064 -14
4227000 -14.1374 -14
4227100 -13.9011 -14
4227200 -13.9686 -14
4227300 -13.8416 -14
4227400 -13.8562 -14
4227500 -13.9507 -14
4227600 -14.1494 -14
4227700 -14.3231 -14
4227800 -14.2846 -14
4227900 -14.2653 -14
4228000 -14.3792 -14
4228100 -14.3986 -14
4228200 -14.2122 -14
4228300 -14.1501 -14
4228400 -14.0876 -14
4228500 -14.0196 -14
4228600 -14.0547 -14
4228700 -14.2934 -14
4228800 -14.3058 -14
4228900 -14.1555 -14
4229000 -13.9197 -14
4229100 -14.014 -14
4229200 -13.9813 -14
4229300 -13.7778 -14
4229400 -13.5442 -14
4229500 -13.1784 -14
4229600 -12.9579 -14
4229700 -13.1004 -14
4229800 -13.8291 -14
4229900 -13.9185 -14
4230000 -13.8326 -14
4230100 -13.9006 -14
4230200 -14.0295 -14
4230300 -14.3347 -14
4230400 -14.6092 -14
4230500 -14.6231 -14
4230600 -14.3901 -14
4230700 -14.3035 -14
4230800 -14.3706 -14
4230900 -14.2118 -14
4231000 -13.9087 -14
4231100 -13.815 -14
4231200 -13.8874 -14
4231300 -13.9544 -14
4231400 -14.1205 -14
4231500 -13.9699 -14
4231600 -13.7584 -14
4231700 -13.502 -14
4231800 -13.1989 -14
4231900 -13.0476 -14
4232000 -13.1278 -14
4232100 -13.529 -14
4232200 -13.5102 -14
4232300 -13.5085 -14
4232400 -13.3996 -14
4232500 -13.6478 -14
4232600 -13.9559 -14
4232700 -14.2206 -14
4232800 -14.5015 -14
4232900 -14.5316 -14
4233000 -14.6083 -14
4233100 -14.8501 -14
4233200 -14.7779 -14
4233300 -14.833 -14
4233400 -14.8706 -14
4233500 -14.5213 -14
4233600 -14.5925 -14
4233700 -14.5199 -14
4233800 -13.9684 -14
4233900 -13.7961 -14
4234000 -13.4111 -14
4234100 -13.4058 -14
4234200 -13.2565 -14
4234300 -13.184 -14
4234400 -13.4552 -14
4234500 -13.5614 -14
4234600 -13.6953 -14
4234700 -13.9769 -14
4234800 -13.717 -14
4234900 -13.9486 -14
4235000 -14.2689 -14
4235100 -14.1413 -14
4235200 -13.9002 -14
4235300 -13.6888 -14
4235400 -13.6466 -14
4235500 -14.0888 -14
4235600 -14.3721 -14
4235700 -14.1487 -14
4235800 -13.9847 -14
4235900 -14.207 -14
4236000 -14.5658 -14
4236100 -14.8744 -14
4236200 -15.021 -14
4236300 -14.6022 -14
4236400 -14.3852 -14
4236500 -14.4482 -14
4236600 -14.4197 -14
4236700 -14.2747 -14
4236800 -13.9121 -14
4236900 -13.7529 -14
4237000 -13.9284 -14
4237100 -13.8771 -14
4237200 -13.6879 -14
4237300 -13.7938 -14
4237400 -14.0036 -14
4237500 -14.1048 -14
4237600 -14.0263 -14
4237700 -13.996 -14
4237800 -13.6395 -14
4237900 -13.7239 -14
4238000 -14.0377 -14
4238100 -13.9434 -14
4238200 -14.2878 -14
4238300 -14.5704 -14
4238400 -14.5655 -14
4238500 -14.4255 -14
4238600 -14.2637 -14
4238700 -14.5841 -14
4238800 -14.5601 -14
4238900 -14.4901 -14
4239000 -14.5251 -14
4239100 -14.2764 -14
4239200 -14.1936 -14
4239300 -13.9663 -14
4239400 -13.8849 -14
4239500 -13.9841 -14
4239600 -14.1441 -14
4239700 -14.1471 -14
4239800 -14.2674 -14
4239900 -14.3981 -14
4240000 -14.7517 -14
4240100 -14.7216 -14
4240200 -14.4035 -14
4240300 -14.2435 -14
4240400 -14.0165 -14
4240500 -13.8971 -14
4240600 -14.0915 -14
4240700 -14.1359 -14
4240800 -13.8096 -14
4240900 -13.5874 -14
4241000 -13.3588 -14
4241100 -13.4242 -14
4241200 -13.8242 -14
4241300 -13.8941 -14
4241400 -14.0012 -14
4241500 -13.8959 -14
4241600 -13.8893 -14
4241700 -13.725 -14
4241800 -13.6955 -14
4241900 -13.6475 -14
4242000 -13.5252 -14
4242100 -13.4332 -14
4242200 -13.7435 -14
4242300 -14.1565 -14
4242400 -14.168 -14
4242500 -14.1115 -14
4242600 -14.0382 -14
4242700 -14.1265 -14
4242800 -14.3031 -14
4242900 -14.4092 -14
4243000 -14.156 -14
4243100 -13.789 -14
4243200 -13.7868 -14
4243300 -13.658 -14
4243400 -13.4566 -14
4243500 -13.2819 -14
4243600 -13.3127 -14
4243700 -13.3982 -14
4243800 -13.9643 -14
4243900 -14.1718 -14
4244000 -13.9975 -14
4244100 -13.9134 -14
4244200 -13.7688 -14
4244300 -14.0126 -14
4244400 -14.1945 -14
4244500 -14.2714 -14
4244600 -14.2813 -14
4244700 -14.4017 -14
4244800 -14.4202 -14
4244900 -14.0936 -14
4245000 -14.1966 -14
4245100 -14.058 -14
4245200 -14.081 -14
4245300 -14.1972 -14
4245400 -14.2192 -14
4245500 -14.2981 -14
4245600 -14.2649 -14
4245700 -13.9313 -14
4245800 -14.0831 -14
4245900 -14.2872 -14
4246000 -14.2733 -14
4246100 -14.3254 -14
4246200 -14.2961 -14
4246300 -14.1924 -14
4246400 -14.1964 -14
4246500 -14.1539 -14
4246600 -13.8154 -14
4246700 -13.6305 -14
4246800 -13.3783 -14
4246900 -13.5879 -14
4247000 -13.5631 -14
4247100 -13.4103 -14
4247200 -13.6544 -14
4247300 -14.203 -14
4247400 -14.0669 -14
4247500 -13.805 -14
4247600 -13.7287 -14
4247700 -13.8298 -14
4247800 -13.948 -14
4247900 -14.0838 -14
4248000 -14.1521 -14
4248100 -14.1133 -14
4248200 -13.7969 -14
4248300 -13.6628 -14
4248400 -13.6155 -14
4248500 -13.4647 -14
4248600 -13.3888 -14
4248700 -13.69 -14
4248800 -13.7539 -14
4248900 -13.7402 -14
4249000 -13.6511 -14
4249100 -13.4848 -14
4249200 -13.7951 -14
4249300 -14.0013 -14
4249400 -13.9851 -14
4249500 -13.9665 -14
4249600 -14.1984 -14
4249700 -14.6232 -14
4249800 -14.473 -14
4249900 -14.241 -14
4250000 -14.0731 -14
4250100 -14.2679 -14
4250200 -14.5016 -14
4250300 -14.4974 -14
4250400 -14.6178 -14
4250500 -14.479 -14
4250600 -14.0874 -14
4250700 -13.6621 -14
4250800 -13.8801 -14
4250900 -14.173 -14
4251000 -14.1916 -14
4251100 -13.9138 -14
4251200 -13.532 -14
4251300 -13.6081 -14
4251400 -13.8973 -14
4251500 -13.8943 -14
4251600 -13.8675 -14
4251700 -13.7863 -14
4251800 -13.9381 -14
4251900 -13.8236 -14
4252000 -14.1011 -14
4252100 -14.3071 -14
4252200 -14.5361 -14
4252300 -14.6815 -14
4252400 -14.5702 -14
4252500 -14.4496 -14
4252600 -14.3876 -14
4252700 -14.2531 -14
4252800 -14.1116 -14
4252900 -14.1186 -14
4253000 -14.3659 -14
4253100 -14.2331 -14
4253200 -14.0768 -14
4253300 -13.9579 -14
4253400 -13.8354 -14
4253500 -13.6766 -14
4253600 -13.5069 -14
4253700 -13.5457 -14
4253800 -13.5642 -14
4253900 -13.8135 -14
4254000 -13.6015 -14
4254100 -13.6705 -14
4254200 -13.6835 -14
4254300 -13.5543 -14
4254400 -13.4791 -14
4254500 -13.5328 -14
4254600 -13.8522 -14
4254700 -14.0974 -14
4254800 -13.998 -14
4254900 -13.8831 -14
4255000 -13.8124 -14
4255100 -13.7298 -14
4255200 -13.7008 -14
4255300 -13.8145 -14
4255400 -13.7251 -14
4255500 -13.7485 -14
4255600 -13.8153 -14
4255700 -13.8657 -14
4255800 -13.9298 -14
4255900 -13.9336 -14
4256000 -14.2079 -14
4256100 -14.1428 -14
4256200 -14.331 -14
4256300 -14.5343 -14
4256400 -14.7382 -14
4256500 -14.4318 -14
4256600 -14.0176 -14
4256700 -13.9458 -14
4256800 -13.8691 -14
4256900 -13.7726 -14
4257000 -13.6379 -14
4257100 -13.8251 -14
4257200 -14.0774 -14
4257300 -14.307 -14
4257400 -14.1931 -14
4257500 -13.986 -14
4257600 -13.9375 -14
4257700 -14.2099 -14
4257800 -14.3922 -14
4257900 -14.5738 -14
4258000 -14.6706 -14
4258100 -14.5419 -14
4258200 -14.3499 -14
4258300 -14.0737 -14
4258400 -13.955 -14
4258500 -14.1705 -14
4258600 -14.4741 -14
4258700 -14.426 -14
4258800 -14.1869 -14
4258900 -14.3498 -14
4259000 -14.3948 -14
4259100 -14.6033 -14
4259200 -14.6764 -14
4259300 -14.6295 -14
4259400 -14.7069 -14
4259500 -14.2552 -14
4259600 -13.6623 -14
4259700 -13.787 -14
4259800 -13.9795 -14
4259900 -14.1787 -14
4260000 -13.9747 -14
4260100 -13.6884 -14
4260200 -13.8845 -14
4260300 -13.8989 -14
4260400 -13.8689 -14
4260500 -13.7603 -14
4260600 -13.8467 -14
4260700 -13.9121 -14
4260800 -13.8369 -14
4260900 -13.8568 -14
4261000 -13.9466 -14
4261100 -13.9616 -14
4261200 -14.1398 -14
4261300 -14.2064 -14
4261400 -14.0904 -14
4261500 -14.2481 -14
4261600 -14.2075 -14
4261700 -14.2035 -14
4261800 -14.1723 -14
4261900 -14.1924 -14
4262000 -14.0776 -14
4262100 -14.0402 -14
4262200 -13.8217 -14
4262300 -13.6261 -14
4262400 -13.2241 -14
4262500 -13.3087 -14
4262600 -13.6982 -14
4262700 -14.3353 -14
4262800 -14.4854 -14
4262900 -14.3291 -14
4263000 -14.3093 -14
4263100 -14.0759 -14
4263200 -13.934 -14
4263300 -14.1009 -14
4263400 -14.304 -14
4263500 -14.1115 -14
4263600 -13.8389 -14
4263700 -14.1198 -14
4263800 -14.4134 -14
4263900 -14.514 -14
4264000 -14.2477 -14
4264100 -13.8988 -14
4264200 -13.8273 -14
4264300 -13.9788 -14
4264400 -13.8398 -14
4264500 -13.6366 -14
4264600 -13.6479 -14
4264700 -13.6786 -14
4264800 -13.956 -14
4264900 -14.4266 -14
4265000 -14.5546 -14
4265100 -14.0094 -14
4265200 -13.6466 -14
4265300 -13.3059 -14
4265400 -13.5611 -14
4265500 -13.7591 -14
4265600 -13.7123 -14
4265700 -13.5512 -14
4265800 -14.061 -14
4265900 -14.1428 -14
4266000 -14.4464 -14
4266100 -14.3363 -14
4266200 -14.2481 -14
4266300 -14.4639 -14
4266400 -14.755 -14
4266500 -14.6484 -14
4266600 -14.504 -14
4266700 -14.7145 -14
4266800 -14.7811 -14
4266900 -14.3787 -14
4267000 -13.9224 -14
4267100 -13.9878 -14
4267200 -13.7875 -14
4267300 -13.6917 -14
4267400 -13.8938 -14
4267500 -14.0243 -14
4267600 -14.1089 -14
4267700 -14.1329 -14
4267800 -14.2205 -14
4267900 -14.133 -14
4268000 -13.5181 -14
4268100 -13.6733 -14
4268200 -13.6788 -14
4268300 -13.9162 -14
4268400 -14.2911 -14
4268500 -14.2519 -14
4268600 -14.1912 -14
4268700 -14.0132 -14
4268800 -13.8686 -14
4268900 -13.6012 -14
4269000 -13.2919 -14
4269100 -13.2417 -14
4269200 -13.473 -14
4269300 -13.7667 -14
4269400 -13.7236 -14
4269500 -13.47 -14
4269600 -13.411 -14
4269700 -13.5091 -14
4269800 -13.572 -14
4269900 -13.9221 -14
4270000 -14.0865 -14
4270100 -14.0055 -14
4270200 -14.2404 -14
4270300 -14.4176 -14
4270400 -14.2965 -14
4270500 -14.2338 -14
4270600 -14.3457 -14
4270700 -14.1675 -14
4270800 -14.0654 -14
4270900 -14.0407 -14
4271000 -13.9853 -14
4271100 -13.9266 -14
4271200 -13.8701 -14
4271300 -14.0752 -14
4271400 -14.2565 -14
4271500 -14.8556 -14
4271600 -15.1109 -14
4271700 -14.8935 -14
4271800 -14.4462 -14
4271900 -13.9757 -14
4272000 -14.016 -14
4272100 -14.2703 -14
4272200 -14.38 -14
4272300 -14.2607 -14
4272400 -14.1141 -14
4272500 -13.9925 -14
4272600 -13.5669 -14
4272700 -13.6138 -14
4272800 -13.9226 -14
4272900 -13.9896 -14
4273000 -13.7419 -14
4273100 -13.6481 -14
4273200 -13.9218 -14
4273300 -14.1991 -14
4273400 -14.3792 -14
4273500 -14.4823 -14
4273600 -14.5549 -14
4273700 -14.7167 -14
4273800 -14.8868 -14
4273900 -15.0439 -14
4274000 -14.8706 -14
4274100 -14.4414 -14
4274200 -14.3972 -14
4274300 -14.3225 -14
4274400 -14.2056 -14
4274500 -13.8106 -14
4274600 -13.6802 -14
4274700 -13.7295 -14
4274800 -14.2539 -14
4274900 -14.5112 -14
4275000 -14.3349 -14
4275100 -14.3589 -14
4275200 -14.2813 -14
4275300 -14.2021 -14
4275400 -14.4205 -14
4275500 -14.6338 -14
4275600 -14.4955 -14
4275700 -14.2343 -14
4275800 -13.8421 -14
4275900 -13.2799 -14
4276000 -13.3029 -14
4276100 -13.1548 -14
4276200 -13.3501 -14
4276300 -13.5727 -14
4276400 -13.9845 -14
4276500 -14.1245 -14
4276600 -13.9045 -14
4276700 -13.9264 -14
4276800 -13.7616 -14
4276900 -13.686 -14
4277000 -13.8938 -14
4277100 -14.2253 -14
4277200 -14.1234 -14
4277300 -13.9498 -14
4277400 -13.9293 -14
4277500 -14.0121 -14
4277600 -13.8709 -14
4277700 -13.7627 -14
4277800 -13.8565 -14
4277900 -14.3345 -14
4278000 -14.4485 -14
4278100 -14.2882 -14
4278200 -14.1896 -14
4278300 -14.0461 -14
4278400 -14.1366 -14
4278500 -13.9776 -14
4278600 -13.9735 -14
4278700 -14.1612 -14
4278800 -14.0688 -14
4278900 -14.1412 -14
4279000 -14.2988 -14
4279100 -14.2816 -14
4279200 -14.1399 -14
4279300 -14.3315 -14
4279400 -14.5781 -14
4279500 -14.6131 -14
4279600 -14.3359 -14
4279700 -14.2814 -14
4279800 -14.1389 -14
4279900 -14.2159 -14
4280000 -14.1988 -14
4280100 -14.3085 -14
4280200 -14.4875 -14
4280300 -14.4429 -14
4280400 -14.2087 -14
4280500 -14.351 -14
4280600 -14.435 -14
4280700 -14.2964 -14
4280800 -14.5694 -14
4280900 -14.5039 -14
4281000 -14.3871 -14
4281100 -14.0297 -14
4281200 -13.6297 -14
4281300 -13.2852 -14
4281400 -13.5541 -14
4281500 -13.8284 -14
4281600 -14.0401 -14
4281700 -14.4871 -14
4281800 -14.5001 -14
4281900 -14.232 -14
4282000 -14.1501 -14
4282100 -14.1568 -14
4282200 -14.0509 -14
4282300 -14.1794 -14
4282400 -14.1459 -14
4282500 -14.1114 -14
4282600 -14.1716 -14
4282700 -14.0291 -14
4282800 -13.8241 -14
4282900 -13.9026 -14
4283000 -14.0543 -14
4283100 -13.9926 -14
4283200 -13.8931 -14
4283300 -13.8497 -14
4283400 -13.8602 -14
4283500 -13.8303 -14
4283600 -13.9716 -14
4283700 -14.2288 -14
4283800 -14.401 -14
4283900 -14.4305 -14
4284000 -14.6125 -14
4284100 -14.5548 -14
4284200 -14.4866 -14
4284300 -14.1461 -14
4284400 -14.0042 -14
4284500 -14.0114 -14
4284600 -13.5824 -14
4284700 -13.3702 -14
4284800 -13.3256 -14
4284900 -13.3541 -14
4285000 -13.4776 -14
4285100 -13.449 -14
4285200 -13.4574 -14
4285300 -13.5632 -14
4285400 -13.7842 -14
4285500 -14.1434 -14
4285600 -14.3732 -14
4285700 -14.5238 -14
4285800 -14.6995 -14
4285900 -14.305 -14
4286000 -13.8557 -14
4286100 -13.6918 -14
4286200 -13.9573 -14
4286300 -14.1263 -14
4286400 -14.161 -14
4286500 -13.7649 -14
4286600 -13.6714 -14
4286700 -13.4498 -14
4286800 -13.3588 -14
4286900 -13.5379 -14
4287000 -13.7123 -14
4287100 -13.8597 -14
4287200 -13.8946 -14
4287300 -13.9558 -14
4287400 -13.9984 -14
4287500 -14.0808 -14
4287600 -13.9471 -14
4287700 -13.8528 -14
4287800 -14.1332 -14
4287900 -14.2108 -14
4288000 -13.976 -14
4288100 -13.9194 -14
4288200 -13.956 -14
4288300 -14.1425 -14
4288400 -14.2569 -14
4288500 -14.1468 -14
4288600 -14.1858 -14
4288700 -14.2471 -14
4288800 -14.1496 -14
4288900 -14.074 -14
4289000 -14.0053 -14
4289100 -13.8517 -14
4289200 -13.9837 -14
4289300 -13.9355 -14
4289400 -14.0337 -14
4289500 -13.7347 -14
4289600 -13.4631 -14
4289700 -13.7282 -14
4289800 -13.8308 -14
4289900 -14.0275 -14
4290000 -13.6312 -14
4290100 -13.2553 -14
4290200 -13.3667 -14
4290300 -13.8462 -14
4290400 -14.1357 -14
4290500 -14.2866 -14
4290600 -14.337 -14
4290700 -14.3635 -14
4290800 -14.4362 -14
4290900 -14.1802 -14
4291000 -14.2025 -14
4291100 -14.2191 -14
4291200 -14.0946 -14
4291300 -13.8637 -14
4291400 -14.1079 -14
4291500 -14.2984 -14
4291600 -14.3563 -14
4291700 -14.4571 -14
4291800 -14.337 -14
4291900 -14.3271 -14
4292000 -14.3221 -14
4292100 -14.0486 -14
4292200 -13.8769 -14
4292300 -13.7211 -14
4292400 -13.6373 -14
4292500 -13.765 -14
4292600 -13.6427 -14
4292700 -13.711 -14
4292800 -14.0691 -14
4292900 -14.2223 -14
4293000 -14.1002 -14
4293100 -13.9005 -14
4293200 -13.8331 -14
4293300 -13.6507 -14
4293400 -13.5237 -14
4293500 -13.032 -14
4293600 -13.0048 -14
4293700 -13.1164 -14
4293800 -12.8112 -14
4293900 -12.3714 -14
4294000 -12.6344 -14
4294100 -13.2408 -14
4294200 -13.3338 -14
4294300 -13.0066 -14
4294400 -12.9506 -14
4294500 -13.1591 -14
4294600 -13.1741 -14
4294700 -13.4417 -14
4294800 -13.7212 -14
4294900 -14.0126 -14
4295000 -14.1304 -14
4295100 -14.2311 -14
4295200 -14.1575 -14
4295300 -14.4188 -14
4295400 -14.3116 -14
4295500 -14.5218 -14
4295600 -14.532 -14
4295700 -14.346 -14
4295800 -14.3713 -14
4295900 -14.1724 -14
4296000 -14.3645 -14
4296100 -14.2846 -14
4296200 -14.3727 -14
4296300 -14.1702 -14
4296400 -14.091 -14
4296500 -13.913 -14
4296600 -13.6411 -14
4296700 -13.6278 -14
4296800 -13.9554 -14
4296900 -14.5176 -14
4297000 -14.4885 -14
4297100 -14.3283 -14
4297200 -14.4863 -14
4297300 -14.4407 -14
4297400 -14.2391 -14
4297500 -13.8962 -14
4297600 -13.7366 -14
4297700 -13.8074 -14
4297800 -13.6367 -14
4297900 -13.6592 -14
4298000 -13.3558 -14
4298100 -13.5811 -14
4298200 -14.0318 -14
4298300 -14.3885 -14
4298400 -14.3424 -14
4298500 -14.469 -14
4298600 -14.454 -14
4298700 -14.3342 -14
4298800 -14.4932 -14
4298900 -14.6926 -14
4299000 -14.9254 -14
4299100 -14.912 -14
4299200 -14.8839 -14
4299300 -14.6428 -14
4299400 -14.3915 -14
4299500 -14.2001 -14
4299600 -14.0928 -14
4299700 -14.087 -14
4299800 -14.1928 -14
4299900 -14.0912 -14
4300000 -13.9018 -14
4300100 -13.6509 -14
4300200 -13.6924 -14
4300300 -13.8192 -14
4300400 -13.6356 -14
4300500 -13.7818 -14
4300600 -13.7066 -14
4300700 -13.9374 -14
4300800 -14.432 -14
4300900 -14.6759 -14
4301000 -14.3513 -14
4301100 -14.0698 -14
4301200 -13.7967 -14
4301300 -13.5454 -14
4301400 -13.3946 -14
4301500 -13.5622 -14
4301600 -13.6953 -14
4301700 -13.6913 -14
4301800 -13.5356 -14
4301900 -13.7286 -14
4302000 -14.0255 -14
4302100 -14.19 -14
4302200 -14.129 -14
4302300 -13.9905 -14
4302400 -14.0977 -14
4302500 -14.2963 -14
4302600 -14.2224 -14
4302700 -14.1749 -14
4302800 -13.9544 -14
4302900 -13.9623 -14
4303000 -13.954 -14
4303100 -13.8098 -14
4303200 -13.9702 -14
4303300 -14.1486 -14
4303400 -14.1102 -14
4303500 -14.0548 -14
4303600 -13.9488 -14
4303700 -13.7984 -14
4303800 -13.9864 -14
4303900 -14.1231 -14
4304000 -14.0123 -14
4304100 -14.0547 -14
4304200 -14.0112 -14
4304300 -14.0431 -14
4304400 -13.9694 -14
4304500 -14.0043 -14
4304600 -14.187 -14
4304700 -14.0136 -14
4304800 -14.0035 -14
4304900 -14.1193 -14
4305000 -14.2136 -14
4305100 -14.2902 -14
4305200 -14.3656 -14
4305300 -14.3468 -14
4305400 -14.2258 -14
4305500 -14.1067 -14
4305600 -13.7033 -14
4305700 -13.698 -14
4305800 -13.8172 -14
4305900 -13.4172 -14
4306000 -13.452 -14
4306100 -13.7056 -14
4306200 -13.6634 -14
4306300 -13.5731 -14
4306400 -13.1763 -14
4306500 -13.072 -14
4306600 -13.2972 -14
4306700 -13.4896 -14
4306800 -13.4313 -14
4306900 -13.2412 -14
4307000 -13.3267 -14
4307100 -13.6188 -14
4307200 -13.6707 -14
4307300 -13.9404 -14
4307400 -14.1838 -14
4307500 -14.057 -14
4307600 -13.7234 -14
4307700 -13.7099 -14
4307800 -13.8983 -14
4307900 -13.6616 -14
4308000 -14.0639 -14
4308100 -14.4385 -14
4308200 -14.1653 -14
4308300 -13.8547 -14
4308400 -13.4998 -14
4308500 -13.3128 -14
4308600 -13.3442 -14
4308700 -13.7151 -14
4308800 -13.7409 -14
4308900 -13.5687 -14
4309000 -13.6347 -14
4309100 -13.636 -14
4309200 -13.4763 -14
4309300 -13.6055 -14
4309400 -13.4744 -14
4309500 -13.4375 -14
4309600 -13.4324 -14
4309700 -13.7239 -14
4309800 -13.742 -14
4309900 -13.9341 -14
4310000 -14.2528 -14
4310100 -14.2712 -14
4310200 -13.9947 -14
4310300 -13.8165 -14
4310400 -13.8283 -14
4310500 -13.818 -14
4310600 -13.9211 -14
4310700 -13.9885 -14
4310800 -14.088 -14
4310900 -14.0369 -14
4311000 -13.7655 -14
4311100 -14.1238 -14
4311200 -14.4254 -14
4311300 -14.3769 -14
4311400 -14.3674 -14
4311500 -14.1756 -14
4311600 -14.127 -14
4311700 -14.1635 -14
4311800 -14.055 -14
4311900 -13.9842 -14
4312000 -14.2968 -14
4312100 -14.5973 -14
4312200 -15.1093 -14
4312300 -15.2957 -14
4312400 -15.0768 -14
4312500 -14.4446 -14
4312600 -13.9853 -14
4312700 -13.967 -14
4312800 -13.9979 -14
4312900 -13.867 -14
4313000 -13.6349 -14
4313100 -13.7367 -14
4313200 -14.0837 -14
4313300 -14.4047 -14
4313400 -14.312 -14
4313500 -13.8198 -14
4313600 -13.7225 -14
4313700 -13.7796 -14
4313800 -14.0395 -14
4313900 -14.0214 -14
4314000 -13.8539 -14
4314100 -13.7518 -14
4314200 -13.7906 -14
4314300 -13.8127 -14
4314400 -13.637 -14
4314500 -13.5054 -14
4314600 -13.4302 -14
4314700 -13.5016 -14
4314800 -13.6771 -14
4314900 -13.8213 -14
4315000 -13.6283 -14
4315100 -13.9022 -14
4315200 -14.1659 -14
4315300 -14.3284 -14
4315400 -14.2254 -14
4315500 -14.4091 -14
4315600 -14.4518 -14
4315700 -13.9533 -14
4315800 -13.9922 -14
4315900 -14.1855 -14
4316000 -13.7712 -14
4316100 -13.6538 -14
4316200 -13.6712 -14
4316300 -13.8158 -14
4316400 -13.9456 -14
4316500 -14.0675 -14
4316600 -13.9675 -14
4316700 -13.6828 -14
4316800 -13.7671 -14
4316900 -13.7522 -14
4317000 -13.752 -14
4317100 -13.9347 -14
4317200 -14.2546 -14
4317300 -14.2796 -14
4317400 -14.0992 -14
4317500 -13.9419 -14
4317600 -13.8384 -14
4317700 -13.8455 -14
4317800 -13.8982 -14
4317900 -13.7618 -14
4318000 -13.7919 -14
4318100 -13.7021 -14
4318200 -14.0535 -14
4318300 -14.2852 -14
4318400 -14.2011 -14
4318500 -14.1318 -14
4318600 -13.9817 -14
4318700 -13.8756 -14
4318800 -13.7591 -14
4318900 -13.6562 -14
4319000 -13.6516 -14
4319100 -13.6858 -14
4319200 -13.3058 -14
4319300 -13.6617 -14
4319400 -14.0815 -14
4319500 -14.0292 -14
4319600 -14.1201 -14
4319700 -14.2901 -14
4319800 -14.4398 -14
4319900 -14.4781 -14
4320000 -14.1258 -14
4320100 -14.1724 -14
4320200 -14.359 -14
4320300 -14.5057 -14
4320400 -14.6491 -14
4320500 -14.6814 -14
4320600 -14.6314 -14
4320700 -14.3591 -14
4320800 -14.3948 -14
4320900 -14.3955 -14
4321000 -14.3622 -14
4321100 -14.2386 -14
4321200 -13.912 -14
4321300 -13.9067 -14
4321400 -14.0279 -14
4321500 -13.8461 -14
4321600 -13.8816 -14
4321700 -13.789 -14
4321800 -13.9988 -14
4321900 -14.3939 -14
4322000 -14.2043 -14
4322100 -14.222 -14
4322200 -14.0287 -14
4322300 -13.8671 -14
4322400 -13.8176 -14
4322500 -14.103 -14
4322600 -14.0257 -14
4322700 -14.1888 -14
4322800 -14.4287 -14
4322900 -14.3888 -14
4323000 -14.2103 -14
4323100 -13.8014 -14
4323200 -13.7642 -14
4323300 -13.9972 -14
4323400 -14.2383 -14
4323500 -14.1664 -14
4323600 -14.1415 -14
4323700 -14.0408 -14
4323800 -13.9339 -14
4323900 -13.9616 -14
4324000 -13.7102 -14
4324100 -13.5995 -14
4324200 -13.3744 -14
4324300 -13.164 -14
4324400 -13.5239 -14
4324500 -13.6989 -14
4324600 -13.7684 -14
4324700 -13.8404 -14
4324800 -13.9624 -14
4324900 -14.0109 -14
4325000 -14.1009 -14
4325100 -14.0395 -14
4325200 -13.9557 -14
4325300 -13.8533 -14
4325400 -13.9397 -14
4325500 -14.1524 -14
4325600 -13.8949 -14
4325700 -13.531 -14
4325800 -13.4887 -14
4325900 -13.6102 -14
4326000 -13.7496 -14
4326100 -13.951 -14
4326200 -14.0531 -14
4326300 -14.145 -14
4326400 -14.0984 -14
4326500 -14.2753 -14
4326600 -14.3336 -14
4326700 -13.7842 -14
4326800 -13.5162 -14
4326900 -13.7934 -14
4327000 -13.8428 -14
4327100 -13.646 -14
4327200 -13.6685 -14
4327300 -14.0652 -14
4327400 -13.7586 -14
4327500 -13.7246 -14
4327600 -14.1133 -14
4327700 -14.2956 -14
4327800 -14.1967 -14
4327900 -14.087 -14
4328000 -14.1632 -14
4328100 -13.7479 -14
4328200 -13.5801 -14
4328300 -13.743 -14
4328400 -14.0304 -14
4328500 -14.1048 -14
4328600 -14.1733 -14
4328700 -14.1782 -14
4328800 -14.3422 -14
4328900 -14.652 -14
4329000 -14.3533 -14
4329100 -14.1457 -14
4329200 -14.0011 -14
4329300 -14.1492 -14
4329400 -14.2242 -14
4329500 -14.1933 -14
4329600 -14.0574 -14
4329700 -14.0764 -14
4329800 -14.2585 -14
4329900 -14.3927 -14
4330000 -14.4611 -14
4330100 -14.3223 -14
4330200 -14.1843 -14
4330300 -14.349 -14
4330400 -14.2264 -14
4330500 -14.0924 -14
4330600 -14.169 -14
4330700 -14.1437 -14
4330800 -13.7014 -14
4330900 -13.466 -14
4331000 -13.3185 -14
4331100 -13.2159 -14
4331200 -13.1237 -14
4331300 -13.2882 -14
4331400 -13.7314 -14
4331500 -14.0269 -14
4331600 -14.2175 -14
4331700 -14.2881 -14
4331800 -14.0257 -14
4331900 -13.795 -14
4332000 -13.6606 -14
4332100 -13.6588 -14
4332200 -13.4689 -14
4332300 -13.4292 -14
4332400 -13.7011 -14
4332500 -13.6774 -14
4332600 -13.8237 -14
4332700 -13.7406 -14
4332800 -13.8297 -14
4332900 -13.787 -14
4333000 -14.2468 -14
4333100 -14.1021 -14
4333200 -13.805 -14
4333300 -13.3983 -14
4333400 -13.461 -14
4333500 -13.8837 -14
4333600 -14.0793 -14
4333700 -13.9289 -14
4333800 -13.6694 -14
4333900 -13.9495 -14
4334000 -14.243 -14
4334100 -14.4418 -14
4334200 -14.2057 -14
4334300 -13.9424 -14
4334400 -13.9154 -14
4334500 -13.9 -14
4334600 -13.6829 -14
4334700 -13.757 -14
4334800 -13.9871 -14
4334900 -14.002 -14
4335000 -14.0578 -14
4335100 -13.9008 -14
4335200 -13.9716 -14
4335300 -14.2285 -14
4335400 -14.3488 -14
4335500 -14.0666 -14
4335600 -14.1873 -14
4335700 -14.2801 -14
4335800 -14.247 -14
4335900 -14.1348 -14
4336000 -14.0715 -14
4336100 -14.0899 -14
4336200 -14.0955 -14
4336300 -14.1014 -14
4336400 -14.3468 -14
4336500 -14.5335 -14
4336600 -14.3811 -14
4336700 -14.1298 -14
4336800 -13.8349 -14
4336900 -13.7585 -14
4337000 -13.7898 -14
4337100 -13.7557 -14
4337200 -13.6935 -14
4337300 -13.9341 -14
4337400 -14.142 -14
4337500 -14.2221 -14
4337600 -14.1317 -14
4337700 -13.8003 -14
4337800 -13.8487 -14
4337900 -14.133 -14
4338000 -14.521 -14
4338100 -14.4975 -14
4338200 -14.3996 -14
4338300 -14.4477 -14
4338400 -14.2429 -14
4338500 -13.9818 -14
4338600 -13.9791 -14
4338700 -14.1798 -14
4338800 -14.0592 -14
4338900 -14.0339 -14
4339000 -14.0791 -14
4339100 -14.1621 -14
4339200 -14.1633 -14
4339300 -13.9324 -14
4339400 -13.7923 -14
4339500 -13.836 -14
4339600 -13.628 -14
4339700 -13.3615 -14
4339800 -13.5188 -14
4339900 -13.4956 -14
4340000 -13.3502 -14
4340100 -13.5689 -14
4340200 -13.9038 -14
4340300 -14.0518 -14
4340400 -13.8253 -14
4340500 -14.2139 -14
4340600 -14.6153 -14
4340700 -14.6701 -14
4340800 -14.4328 -14
4340900 -14.2884 -14
4341000 -13.8765 -14
4341100 -13.8344 -14
4341200 -14.0803 -14
4341300 -14.3658 -14
4341400 -14.3978 -14
4341500 -14.219 -14
4341600 -14.3891 -14
4341700 -14.5663 -14
4341800 -14.3337 -14
4341900 -14.11 -14
4342000 -14.2538 -14
4342100 -14.2555 -14
4342200 -14.5317 -14
4342300 -14.5503 -14
4342400 -14.4662 -14
4342500 -14.0834 -14
4342600 -13.6916 -14
4342700 -13.6685 -14
4342800 -13.6458 -14
4342900 -13.6068 -14
4343000 -13.7261 -14
4343100 -13.7937 -14
4343200 -13.8822 -14
4343300 -13.9092 -14
4343400 -13.5259 -14
4343500 -13.3988 -14
4343600 -13.2565 -14
4343700 -13.3114 -14
4343800 -13.5832 -14
4343900 -13.7268 -14
4344000 -13.7689 -14
4344100 -13.9417 -14
4344200 -13.7475 -14
4344300 -13.6379 -14
4344400 -13.6133 -14
4344500 -13.7615 -14
4344600 -13.6412 -14
4344700 -13.7847 -14
4344800 -14.2629 -14
4344900 -14.2053 -14
4345000 -14.0941 -14
4345100 -14.0627 -14
4345200 -14.0218 -14
4345300 -13.729 -14
4345400 -13.5407 -14
4345500 -13.554 -14
4345600 -13.8972 -14
4345700 -14.2798 -14
4345800 -14.3503 -14
4345900 -13.9361 -14
4346000 -13.6942 -14
4346100 -14.0459 -14
4346200 -14.2196 -14
4346300 -14.4478 -14
4346400 -14.5065 -14
4346500 -14.5226 -14
4346600 -14.6888 -14
4346700 -14.6214 -14
4346800 -14.5136 -14
4346900 -14.5262 -14
4347000 -14.2657 -14
4347100 -13.7141 -14
4347200 -13.7086 -14
4347300 -13.7636 -14
4347400 -13.6804 -14
4347500 -13.4024 -14
4347600 -13.3872 -14
4347700 -13.4605 -14
4347800 -13.7743 -14
4347900 -13.7082 -14
4348000 -13.9358 -14
4348100 -14.0142 -14
4348200 -14.092 -14
4348300 -13.8267 -14
4348400 -13.6922 -14
4348500 -13.7994 -14
4348600 -14.027 -14
4348700 -14.0214 -14
4348800 -13.6929 -14
4348900 -13.327 -14
4349000 -13.4806 -14
4349100 -13.7361 -14
4349200 -14.1758 -14
4349300 -14.2758 -14
4349400 -14.1477 -14
4349500 -14.0118 -14
4349600 -14.2015 -14
4349700 -14.5676 -14
4349800 -14.3779 -14
4349900 -14.3897 -14
4350000 -14.3492 -14
4350100 -14.0696 -14
4350200 -13.8169 -14
4350300 -13.7111 -14
4350400 -13.858 -14
4350500 -13.7444 -14
4350600 -13.6616 -14
4350700 -13.4788 -14
4350800 -13.5142 -14
4350900 -13.9053 -14
4351000 -14.2384 -14
4351100 -14.357 -14
4351200 -14.1538 -14
4351300 -14.0953 -14
4351400 -14.3764 -14
4351500 -14.4281 -14
4351600 -14.5444 -14
4351700 -14.7839 -14
4351800 -14.9638 -14
4351900 -14.8889 -14
4352000 -14.3243 -14
4352100 -14.004 -14
4352200 -13.8488 -14
4352300 -13.674 -14
4352400 -13.7135 -14
4352500 -13.6134 -14
4352600 -13.7664 -14
4352700 -13.7273 -14
4352800 -13.7577 -14
4352900 -14.1621 -14
4353000 -14.3824 -14
4353100 -14.4313 -14
4353200 -14.2907 -14
4353300 -13.9547 -14
4353400 -13.9427 -14
4353500 -14.0832 -14
4353600 -14.3014 -14
4353700 -14.188 -14
4353800 -14.0211 -14
4353900 -14.0184 -14
4354000 -14.0063 -14
4354100 -14.0078 -14
4354200 -14.1651 -14
4354300 -14.173 -14
4354400 -14.4458 -14
4354500 -14.5612 -14
4354600 -14.7385 -14
4354700 -14.7009 -14
4354800 -14.2319 -14
4354900 -13.706 -14
4355000 -13.917 -14
4355100 -14.2077 -14
4355200 -14.4624 -14
4355300 -14.4947 -14
4355400 -14.4412 -14
4355500 -14.2574 -14
4355600 -14.036 -14
4355700 -13.927 -14
4355800 -13.9342 -14
4355900 -13.7764 -14
4356000 -13.6729 -14
4356100 -13.8205 -14
4356200 -14.1099 -14
4356300 -14.2208 -14
4356400 -14.1265 -14
4356500 -13.8798 -14
4356600 -13.5477 -14
4356700 -13.3029 -14
4356800 -13.6441 -14
4356900 -13.8096 -14
4357000 -13.9292 -14
4357100 -13.8578 -14
4357200 -13.963 -14
4357300 -14.0349 -14
4357400 -14.1474 -14
4357500 -14.1147 -14
4357600 -14.2591 -14
4357700 -14.302 -14
4357800 -14.1275 -14
4357900 -13.9396 -14
4358000 -13.8239 -14
4358100 -13.9155 -14
4358200 -14.0662 -14
4358300 -13.9448 -14
4358400 -13.9295 -14
4358500 -14.1572 -14
4358600 -14.1602 -14
4358700 -14.0941 -14
4358800 -13.937 -14
4358900 -14.0854 -14
4359000 -14.3466 -14
4359100 -14.2511 -14
4359200 -14.2914 -14
4359300 -14.1212 -14
4359400 -14.2085 -14
4359500 -14.2085 -14
4359600 -14.1299 -14
4359700 -13.9076 -14
4359800 -13.9239 -14
4359900 -14.1281 -14
4360000 -14.3116 -14
4360100 -13.7935 -14
4360200 -13.5064 -14
4360300 -13.4392 -14
4360400 -13.5275 -14
4360500 -14.0533 -14
4360600 -14.059 -14
4360700 -14.2463 -14
4360800 -14.5659 -14
4360900 -14.3912 -14
4361000 -14.1247 -14
4361100 -14.1069 -14
4361200 -14.268 -14
4361300 -14.3042 -14
4361400 -13.9093 -14
4361500 -13.8853 -14
4361600 -14.2062 -14
4361700 -14.2422 -14
4361800 -14.3175 -14
4361900 -14.3991 -14
4362000 -14.5131 -14
4362100 -14.4281 -14
4362200 -14.535 -14
4362300 -14.7618 -14
4362400 -14.6715 -14
4362500 -14.7651 -14
4362600 -14.3196 -14
4362700 -13.7915 -14
4362800 -13.2752 -14
4362900 -13.4483 -14
4363000 -13.6743 -14
4363100 -13.8173 -14
4363200 -14.0543 -14
4363300 -13.7834 -14
4363400 -13.8233 -14
4363500 -13.9339 -14
4363600 -13.9447 -14
4363700 -13.6382 -14
4363800 -13.7153 -14
4363900 -14.2027 -14
4364000 -14.1077 -14
4364100 -13.8443 -14
4364200 -13.9 -14
4364300 -13.8998 -14
4364400 -14.0346 -14
4364500 -14.2487 -14
4364600 -14.2047 -14
4364700 -14.1147 -14
4364800 -14.2359 -14
4364900 -14.368 -14
4365000 -14.5332 -14
4365100 -14.253 -14
4365200 -13.921 -14
4365300 -13.7139 -14
4365400 -13.6645 -14
4365500 -13.647 -14
4365600 -13.693 -14
4365700 -13.8023 -14
4365800 -13.7608 -14
4365900 -13.7091 -14
4366000 -13.5063 -14
4366100 -13.7696 -14
4366200 -14.0652 -14
4366300 -14.3161 -14
4366400 -14.2814 -14
4366500 -14.2513 -14
4366600 -14.5007 -14
4366700 -14.4305 -14
4366800 -14.4982 -14
4366900 -14.9278 -14
4367000 -14.8433 -14
4367100 -14.5642 -14
4367200 -14.2327 -14
4367300 -13.892 -14
4367400 -13.9551 -14
4367500 -13.8255 -14
4367600 -13.8329 -14
4367700 -13.7731 -14
4367800 -13.7868 -14
4367900 -14.0148 -14
4368000 -14.0554 -14
4368100 -13.8993 -14
4368200 -13.842 -14
4368300 -14.0648 -14
4368400 -14.4491 -14
4368500 -14.7051 -14
4368600 -14.6246 -14
4368700 -14.1524 -14
4368800 -13.8757 -14
4368900 -13.795 -14
4369000 -14.05 -14
4369100 -14.3033 -14
4369200 -14.1659 -14
4369300 -14.1869 -14
4369400 -14.3396 -14
4369500 -14.2288 -14
4369600 -14.1581 -14
4369700 -14.0948 -14
4369800 -14.1736 -14
4369900 -14.3814 -14
4370000 -14.6691 -14
4370100 -14.8829 -14
4370200 -14.7198 -14
4370300 -14.6392 -14
4370400 -14.7677 -14
4370500 -14.7216 -14
4370600 -14.3636 -14
4370700 -13.8729 -14
4370800 -13.5644 -14
4370900 -13.5869 -14
4371000 -13.5347 -14
4371100 -13.5192 -14
4371200 -13.6408 -14
4371300 -13.8115 -14
4371400 -13.883 -14
4371500 -13.8771 -14
4371600 -14.0603 -14
4371700 -14.0505 -14
4371800 -14.2769 -14
4371900 -14.5307 -14
4372000 -14.7492 -14
4372100 -14.6794 -14
4372200 -14.469 -14
4372300 -14.2733 -14
4372400 -14.0464 -14
4372500 -13.8661 -14
4372600 -13.5072 -14
4372700 -13.6096 -14
4372800 -13.845 -14
4372900 -13.7274 -14
4373000 -13.5017 -14
4373100 -13.8264 -14
4373200 -14.2944 -14
4373300 -14.3341 -14
4373400 -14.117 -14
4373500 -13.806 -14
4373600 -13.4785 -14
4373700 -13.6891 -14
4373800 -13.972 -14
4373900 -14.0256 -14
4374000 -13.8585 -14
4374100 -13.7845 -14
4374200 -13.7814 -14
4374300 -13.9065 -14
4374400 -14.0642 -14
4374500 -14.1293 -14
4374600 -13.9159 -14
4374700 -13.6921 -14
4374800 -13.5899 -14
4374900 -13.8154 -14
4375000 -13.9491 -14
4375100 -14.1821 -14
4375200 -14.3885 -14
4375300 -14.2385 -14
4375400 -14.2655 -14
4375500 -14.1423 -14
4375600 -13.8618 -14
4375700 -13.5494 -14
4375800 -13.5217 -14
4375900 -13.4234 -14
4376000 -13.5619 -14
4376100 -13.7928 -14
4376200 -13.9939 -14
4376300 -13.9102 -14
4376400 -14.1394 -14
4376500 -14.0752 -14
4376600 -13.9959 -14
4376700 -13.7135 -14
4376800 -13.7687 -14
4376900 -13.7743 -14
4377000 -13.6425 -14
4377100 -13.4177 -14
4377200 -13.4634 -14
4377300 -13.6718 -14
4377400 -13.9742 -14
4377500 -14.3103 -14
4377600 -14.5048 -14
4377700 -14.5398 -14
4377800 -14.2525 -14
4377900 -14.24 -14
4378000 -13.9133 -14
4378100 -13.718 -14
4378200 -13.8676 -14
4378300 -14.0684 -14
4378400 -13.889 -14
4378500 -13.5931 -14
4378600 -13.3935 -14
4378700 -13.2867 -14
4378800 -13.3713 -14
4378900 -13.2722 -14
4379000 -13.4602 -14
4379100 -13.5802 -14
4379200 -13.5351 -14
4379300 -13.8162 -14
4379400 -13.9098 -14
4379500 -13.8348 -14
4379600 -13.5646 -14
4379700 -13.3957 -14
4379800 -13.4143 -14
4379900 -13.5886 -14
4380000 -14.209 -14
4380100 -14.5284 -14
4380200 -14.5836 -14
4380300 -14.4787 -14
4380400 -14.2565 -14
4380500 -13.801 -14
4380600 -13.543 -14
4380700 -13.4429 -14
4380800 -13.8538 -14
4380900 -14.067 -14
4381000 -13.9926 -14
4381100 -14.0039 -14
4381200 -13.8931 -14
4381300 -13.7172 -14
4381400 -13.7865 -14
4381500 -14.2476 -14
4381600 -14.3956 -14
4381700 -14.1271 -14
4381800 -13.899 -14
4381900 -13.624 -14
4382000 -13.8988 -14
4382100 -14.3413 -14
4382200 -14.2871 -14
4382300 -14.5758 -14
4382400 -14.539 -14
4382500 -14.1551 -14
4382600 -13.7628 -14
4382700 -13.5587 -14
4382800 -13.7977 -14
4382900 -14.4242 -14
4383000 -14.8719 -14
4383100 -14.7518 -14
4383200 -14.7552 -14
4383300 -14.3392 -14
4383400 -13.9184 -14
4383500 -13.7748 -14
4383600 -13.9421 -14
4383700 -13.8509 -14
4383800 -13.7304 -14
4383900 -13.5786 -14
4384000 -13.5312 -14
4384100 -13.9178 -14
4384200 -14.0442 -14
4384300 -13.7277 -14
4384400 -13.6056 -14
4384500 -13.4811 -14
4384600 -13.4393 -14
4384700 -13.5572 -14
4384800 -13.4114 -14
4384900 -13.7188 -14
4385000 -13.9269 -14
4385100 -13.8949 -14
4385200 -14.0097 -14
4385300 -13.9141 -14
4385400 -14.0244 -14
4385500 -13.9459 -14
4385600 -13.5254 -14
4385700 -13.3461 -14
4385800 -13.5003 -14
4385900 -13.6163 -14
4386000 -14.1134 -14
4386100 -14.3242 -14
4386200 -14.4058 -14
4386300 -14.3771 -14
4386400 -14.5158 -14
4386500 -14.833 -14
4386600 -14.6727 -14
4386700 -14.3485 -14
4386800 -14.1613 -14
4386900 -14.1197 -14
4387000 -13.848 -14
4387100 -13.4973 -14
4387200 -13.5437 -14
4387300 -13.4101 -14
4387400 -13.554 -14
4387500 -13.8853 -14
4387600 -13.7469 -14
4387700 -13.4774 -14
4387800 -13.4059 -14
4387900 -13.6579 -14
4388000 -13.7788 -14
4388100 -13.8277 -14
4388200 -13.8533 -14
4388300 -13.667 -14
4388400 -13.2384 -14
4388500 -13.0698 -14
4388600 -13.3021 -14
4388700 -13.7336 -14
4388800 -13.912 -14
4388900 -13.8531 -14
4389000 -14.0665 -14
4389100 -14.1254 -14
4389200 -14.0486 -14
4389300 -14.1469 -14
4389400 -13.9463 -14
4389500 -13.972 -14
4389600 -14.0601 -14
4389700 -14.1071 -14
4389800 -13.9955 -14
4389900 -13.8199 -14
4390000 -13.8495 -14
4390100 -14.0825 -14
4390200 -14.0116 -14
4390300 -13.8746 -14
4390400 -13.8251 -14
4390500 -13.7774 -14
4390600 -13.7753 -14
4390700 -13.8425 -14
4390800 -13.8419 -14
4390900 -13.8959 -14
4391000 -14.0267 -14
4391100 -13.8211 -14
4391200 -13.4848 -14
4391300 -13.4421 -14
4391400 -13.1324 -14
4391500 -13.019 -14
4391600 -13.2198 -14
4391700 -13.3474 -14
4391800 -13.6547 -14
4391900 -13.9134 -14
4392000 -14.5004 -14
4392100 -14.3783 -14
4392200 -14.1622 -14
4392300 -13.9383 -14
4392400 -14.0446 -14
4392500 -14.2259 -14
4392600 -13.9648 -14
4392700 -13.6494 -14
4392800 -13.3487 -14
4392900 -13.3292 -14
4393000 -13.3779 -14
4393100 -13.5799 -14
4393200 -13.6004 -14
4393300 -13.726 -14
4393400 -13.9082 -14
4393500 -14.0531 -14
4393600 -14.1464 -14
4393700 -14.5117 -14
4393800 -14.6774 -14
4393900 -14.3461 -14
4394000 -14.088 -14
4394100 -14.4262 -14
4394200 -14.7226 -14
4394300 -14.8461 -14
4394400 -14.6915 -14
4394500 -14.5566 -14
4394600 -14.3806 -14
4394700 -14.242 -14
4394800 -14.2648 -14
4394900 -14.0747 -14
4395000 -14.1747 -14
4395100 -14.239 -14
4395200 -13.8896 -14
4395300 -13.9775 -14
4395400 -14.3729 -14
4395500 -14.4695 -14
4395600 -14.4011 -14
4395700 -14.1539 -14
4395800 -14.0401 -14
4395900 -13.8337 -14
4396000 -13.8673 -14
4396100 -13.7787 -14
4396200 -13.8617 -14
4396300 -13.8308 -14
4396400 -13.7987 -14
4396500 -13.7395 -14
4396600 -13.8306 -14
4396700 -14.1317 -14
4396800 -14.3159 -14
4396900 -14.151 -14
4397000 -13.8067 -14
4397100 -13.7051 -14
4397200 -13.8439 -14
4397300 -13.8593 -14
4397400 -14.1623 -14
4397500 -14.5396 -14
4397600 -14.344 -14
4397700 -14.1602 -14
4397800 -14.039 -14
4397900 -13.631 -14
4398000 -13.7069 -14
4398100 -13.987 -14
4398200 -13.871 -14
4398300 -13.7947 -14
4398400 -13.9347 -14
4398500 -13.8736 -14
4398600 -14.0787 -14
4398700 -14.2209 -14
4398800 -14.3551 -14
4398900 -14.3879 -14
4399000 -14.0496 -14
4399100 -13.8233 -14
4399200 -13.7439 -14
4399300 -13.4622 -14
4399400 -13.7426 -14
4399500 -13.8401 -14
4399600 -14.1763 -14
4399700 -14.5667 -14
4399800 -14.9888 -14
4399900 -14.9516 -14
4400000 -14.7882 -14
