# Time-averaged data for fix myat1
# TimeStep v_xave v_xdes
16600100 17.2031 17
16600200 16.9424 17
16600300 17.149 17
16600400 17.1736 17
16600500 17.4426 17
16600600 17.3401 17
16600700 17.0101 17
16600800 16.8417 17
16600900 16.857 17
16601000 17.0701 17
16601100 17.1765 17
16601200 17.2453 17
16601300 17.1191 17
16601400 17.2819 17
16601500 17.3017 17
16601600 17.3294 17
16601700 17.2134 17
16601800 17.1789 17
16601900 17.2364 17
16602000 17.0987 17
16602100 16.9272 17
16602200 17.1136 17
16602300 17.1754 17
16602400 17.0081 17
16602500 17.1018 17
16602600 17.707 17
16602700 17.7664 17
16602800 17.3712 17
16602900 17.2916 17
16603000 17.3732 17
16603100 17.3355 17
16603200 17.327 17
16603300 17.412 17
16603400 17.3224 17
16603500 17.2936 17
16603600 17.1193 17
16603700 16.8757 17
16603800 16.7021 17
16603900 16.9277 17
16604000 17.187 17
16604100 17.4485 17
16604200 17.1392 17
16604300 17.0905 17
16604400 17.5971 17
16604500 17.9215 17
16604600 17.8707 17
16604700 17.6741 17
16604800 17.4309 17
16604900 17.2493 17
16605000 17.0714 17
16605100 17.0491 17
16605200 17.0352 17
16605300 17.1265 17
16605400 17.1884 17
16605500 17.251 17
16605600 17.5624 17
16605700 17.7762 17
16605800 17.7727 17
16605900 17.7511 17
16606000 17.6243 17
16606100 17.0775 17
16606200 17.2511 17
16606300 17.378 17
16606400 17.2072 17
16606500 16.7348 17
16606600 16.4901 17
16606700 16.768 17
16606800 17.0893 17
16606900 17.333 17
16607000 17.4242 17
16607100 17.3311 17
16607200 16.9406 17
16607300 16.7118 17
16607400 16.5816 17
16607500 16.4994 17
16607600 16.6146 17
16607700 16.4966 17
16607800 16.5019 17
16607900 16.5672 17
16608000 16.3593 17
16608100 16.6208 17
16608200 17.0529 17
16608300 17.2001 17
16608400 17.4085 17
16608500 17.5495 17
16608600 17.5983 17
16608700 17.6078 17
16608800 17.3476 17
16608900 17.0686 17
16609000 16.7101 17
16609100 16.6199 17
16609200 16.6486 17
16609300 16.7237 17
16609400 17.0063 17
16609500 17.2728 17
16609600 17.3798 17
16609700 17.4727 17
16609800 17.5322 17
16609900 17.4955 17
16610000 17.1298 17
16610100 17.0654 17
16610200 17.2699 17
16610300 17.3067 17
16610400 17.2179 17
16610500 17.3808 17
16610600 17.4974 17
16610700 17.1441 17
16610800 17.2263 17
16610900 17.4116 17
16611000 17.2272 17
16611100 17.549 17
16611200 17.2852 17
16611300 17.1348 17
16611400 17.4282 17
16611500 17.2288 17
16611600 17.0677 17
16611700 17.1072 17
16611800 17.2627 17
16611900 17.548 17
16612000 17.4453 17
16612100 17.5767 17
16612200 17.6247 17
16612300 17.3349 17
16612400 16.9472 17
16612500 16.6292 17
16612600 16.4953 17
16612700 16.8094 17
16612800 17.0509 17
16612900 17.2643 17
16613000 17.1847 17
16613100 17.254 17
16613200 17.0226 17
16613300 16.5768 17
16613400 16.3565 17
16613500 16.2968 17
16613600 16.2103 17
16613700 16.3718 17
16613800 16.7765 17
16613900 16.9751 17
16614000 17.0093 17
16614100 17.0187 17
16614200 16.9893 17
16614300 16.6955 17
16614400 16.467 17
16614500 16.1866 17
16614600 16.2253 17
16614700 16.473 17
16614800 16.836 17
16614900 16.9716 17
16615000 17.1237 17
16615100 16.8496 17
16615200 16.3399 17
16615300 15.8842 17
16615400 15.6038 17
16615500 15.9775 17
16615600 16.2866 17
16615700 16.6088 17
16615800 17.0436 17
16615900 17.3114 17
16616000 16.8845 17
16616100 16.7071 17
16616200 16.9543 17
16616300 16.809 17
16616400 16.9083 17
16616500 17.0822 17
16616600 17.0392 17
16616700 17.2289 17
16616800 17.4034 17
16616900 17.4603 17
16617000 17.3375 17
16617100 17.6088 17
16617200 17.8043 17
16617300 17.5169 17
16617400 17.0709 17
16617500 16.9048 17
16617600 17.1497 17
16617700 17.1688 17
16617800 17.1302 17
16617900 16.9538 17
16618000 16.9543 17
16618100 17.0353 17
16618200 17.2409 17
16618300 17.0656 17
16618400 16.7408 17
16618500 16.5836 17
16618600 16.6867 17
16618700 16.8787 17
16618800 17.2579 17
16618900 17.6814 17
16619000 17.9138 17
16619100 17.9577 17
16619200 17.6184 17
16619300 16.9728 17
16619400 16.6707 17
16619500 16.9374 17
16619600 16.8603 17
16619700 16.8634 17
16619800 17.0164 17
16619900 16.9772 17
16620000 16.7864 17
16620100 16.5708 17
16620200 16.5884 17
16620300 16.7988 17
16620400 16.9627 17
16620500 16.8697 17
16620600 17.1266 17
16620700 17.4555 17
16620800 17.5693 17
16620900 17.3716 17
16621000 17.0978 17
16621100 16.9676 17
16621200 17.0611 17
16621300 17.1212 17
16621400 17.3088 17
16621500 17.1169 17
16621600 16.5417 17
16621700 16.4154 17
16621800 16.7973 17
16621900 16.836 17
16622000 16.6367 17
16622100 16.5168 17
16622200 16.5018 17
16622300 16.7624 17
16622400 16.9084 17
16622500 16.7377 17
16622600 16.7284 17
16622700 16.8811 17
16622800 17.0625 17
16622900 16.9657 17
16623000 16.9881 17
16623100 16.8826 17
16623200 16.8726 17
16623300 17.0705 17
16623400 16.7051 17
16623500 16.5477 17
16623600 16.7946 17
16623700 17.1058 17
16623800 17.1698 17
16623900 17.143 17
16624000 17.1053 17
16624100 17.1678 17
16624200 17.1148 17
16624300 17.117 17
16624400 17.5573 17
16624500 17.5441 17
16624600 17.3408 17
16624700 17.0908 17
16624800 17.0044 17
16624900 16.7323 17
16625000 16.6048 17
16625100 16.5892 17
16625200 16.5138 17
16625300 16.7625 17
16625400 17.0273 17
16625500 17.2235 17
16625600 17.5211 17
16625700 17.4333 17
16625800 17.1686 17
16625900 16.7954 17
16626000 16.9192 17
16626100 17.1607 17
16626200 17.3488 17
16626300 17.0613 17
16626400 17.1342 17
16626500 16.7602 17
16626600 16.7352 17
16626700 16.3814 17
16626800 16.4739 17
16626900 16.4504 17
16627000 16.3557 17
16627100 16.3665 17
16627200 16.3548 17
16627300 16.3757 17
16627400 16.6392 17
16627500 16.6913 17
16627600 16.7059 17
16627700 17.0229 17
16627800 16.9569 17
16627900 16.7861 17
16628000 16.6491 17
16628100 16.7474 17
16628200 16.4098 17
16628300 16.2465 17
16628400 16.7707 17
16628500 16.6519 17
16628600 16.7237 17
16628700 16.7229 17
16628800 16.8333 17
16628900 16.7284 17
16629000 16.7543 17
16629100 16.9824 17
16629200 17.2883 17
16629300 16.9662 17
16629400 17.1907 17
16629500 17.3752 17
16629600 17.0388 17
16629700 17.2327 17
16629800 17.2267 17
16629900 16.8474 17
16630000 16.36 17
16630100 16.2778 17
16630200 16.6019 17
16630300 16.8206 17
16630400 16.7426 17
16630500 17.0424 17
16630600 17.2146 17
16630700 17.3758 17
16630800 17.336 17
16630900 17.4781 17
16631000 17.3265 17
16631100 17.342 17
16631200 17.4024 17
16631300 17.5272 17
16631400 17.5439 17
16631500 17.2343 17
16631600 17.4536 17
16631700 17.467 17
16631800 17.432 17
16631900 17.3328 17
16632000 17.1677 17
16632100 17.4573 17
16632200 17.7734 17
16632300 17.7847 17
16632400 17.7223 17
16632500 17.617 17
16632600 17.4168 17
16632700 17.2367 17
16632800 17.2414 17
16632900 17.1145 17
16633000 17.0107 17
16633100 17.0758 17
16633200 17.2428 17
16633300 17.3283 17
16633400 17.3694 17
16633500 17.4762 17
16633600 17.3092 17
16633700 17.3564 17
16633800 17.5915 17
16633900 17.2555 17
16634000 16.9225 17
16634100 16.8718 17
16634200 16.9083 17
16634300 17.1367 17
16634400 17.5463 17
16634500 17.7978 17
16634600 18.0609 17
16634700 18.1951 17
16634800 18.0587 17
16634900 17.6991 17
16635000 17.5956 17
16635100 17.3974 17
16635200 17.0461 17
16635300 16.7919 17
16635400 16.6526 17
16635500 16.6847 17
16635600 17.0061 17
16635700 17.1788 17
16635800 17.2607 17
16635900 17.5174 17
16636000 17.3018 17
16636100 17.2156 17
16636200 17.4796 17
16636300 17.6079 17
16636400 17.5349 17
16636500 17.8137 17
16636600 17.6836 17
16636700 17.4512 17
16636800 17.2978 17
16636900 17.3042 17
16637000 17.109 17
16637100 16.8796 17
16637200 16.8936 17
16637300 16.8632 17
16637400 17.0636 17
16637500 17.2344 17
16637600 17.4098 17
16637700 17.2924 17
16637800 17.2267 17
16637900 17.0914 17
16638000 16.9986 17
16638100 16.8751 17
16638200 16.9378 17
16638300 17.0873 17
16638400 17.3898 17
16638500 17.4261 17
16638600 17.4169 17
16638700 17.549 17
16638800 17.619 17
16638900 17.4379 17
16639000 17.2796 17
16639100 17.0336 17
16639200 16.9457 17
16639300 17.1383 17
16639400 16.9721 17
16639500 17.1046 17
16639600 17.0745 17
16639700 16.8772 17
16639800 16.9752 17
16639900 17.3895 17
16640000 17.3062 17
16640100 17.0799 17
16640200 17.0491 17
16640300 17.023 17
16640400 16.9212 17
16640500 16.8388 17
16640600 16.8753 17
16640700 16.7823 17
16640800 16.5459 17
16640900 16.6636 17
16641000 17.1018 17
16641100 17.2073 17
16641200 17.4696 17
16641300 17.7617 17
16641400 17.8012 17
16641500 17.901 17
16641600 17.9345 17
16641700 17.9775 17
16641800 17.6447 17
16641900 17.1796 17
16642000 17.1069 17
16642100 17.2462 17
16642200 17.0632 17
16642300 16.8255 17
16642400 16.8516 17
16642500 16.8463 17
16642600 17.007 17
16642700 17.0457 17
16642800 17.0717 17
16642900 17.032 17
16643000 17.0409 17
16643100 17.2156 17
16643200 17.1143 17
16643300 17.0697 17
16643400 17.3484 17
16643500 17.1899 17
16643600 17.023 17
16643700 17.0895 17
16643800 17.2955 17
16643900 17.5522 17
16644000 17.675 17
16644100 17.7347 17
16644200 17.533 17
16644300 17.1447 17
16644400 16.9055 17
16644500 17.2365 17
16644600 16.9098 17
16644700 16.74 17
16644800 16.7519 17
16644900 16.6449 17
16645000 16.5817 17
16645100 16.4339 17
16645200 16.031 17
16645300 16.3578 17
16645400 16.9642 17
16645500 16.9028 17
16645600 16.502 17
16645700 16.615 17
16645800 17.1791 17
16645900 17.3921 17
16646000 17.5167 17
16646100 17.5308 17
16646200 17.3034 17
16646300 17.4278 17
16646400 17.3579 17
16646500 17.5972 17
16646600 17.6646 17
16646700 17.3374 17
16646800 17.1845 17
16646900 17.2547 17
16647000 17.08 17
16647100 17.201 17
16647200 16.9898 17
16647300 17.0709 17
16647400 17.1846 17
16647500 17.167 17
16647600 17.1748 17
16647700 17.1194 17
16647800 17.0198 17
16647900 16.8362 17
16648000 16.9822 17
16648100 17.2135 17
16648200 17.5494 17
16648300 17.5684 17
16648400 17.8784 17
16648500 17.7114 17
16648600 17.6686 17
16648700 17.4469 17
16648800 17.3611 17
16648900 17.3574 17
16649000 17.3312 17
16649100 17.2702 17
16649200 17.3354 17
16649300 17.2353 17
16649400 17.0456 17
16649500 16.9256 17
16649600 16.9733 17
16649700 16.7656 17
16649800 16.8439 17
16649900 16.5696 17
16650000 16.4397 17
16650100 16.1646 17
16650200 16.0366 17
16650300 16.1557 17
16650400 16.3898 17
16650500 16.5075 17
16650600 16.62 17
16650700 16.5863 17
16650800 16.5136 17
16650900 16.3943 17
16651000 16.1998 17
16651100 16.3864 17
16651200 16.6596 17
16651300 17.0345 17
16651400 16.9163 17
16651500 16.7591 17
16651600 16.5547 17
16651700 16.5419 17
16651800 16.6958 17
16651900 16.8032 17
16652000 16.9271 17
16652100 17.153 17
16652200 16.828 17
16652300 16.8964 17
16652400 17.4317 17
16652500 17.1571 17
16652600 16.6944 17
16652700 16.8344 17
16652800 16.8237 17
16652900 16.4961 17
16653000 16.3438 17
16653100 16.5953 17
16653200 16.983 17
16653300 17.3544 17
16653400 17.734 17
16653500 17.4307 17
16653600 17.1784 17
16653700 17.3155 17
16653800 17.5358 17
16653900 17.7769 17
16654000 17.7516 17
16654100 17.7763 17
16654200 17.4666 17
16654300 17.5453 17
16654400 17.4172 17
16654500 17.0193 17
16654600 16.6499 17
16654700 16.6838 17
16654800 16.7994 17
16654900 16.9898 17
16655000 17.1589 17
16655100 17.2584 17
16655200 17.4484 17
16655300 17.6154 17
16655400 17.8167 17
16655500 17.5444 17
16655600 17.1747 17
16655700 17.0907 17
16655800 17.005 17
16655900 16.6419 17
16656000 16.7373 17
16656100 16.7271 17
16656200 16.7127 17
16656300 16.8723 17
16656400 17.1564 17
16656500 17.1338 17
16656600 17.0448 17
16656700 16.7213 17
16656800 16.4411 17
16656900 16.7543 17
16657000 16.9338 17
16657100 17.0557 17
16657200 17.0729 17
16657300 17.0633 17
16657400 17.0176 17
16657500 17.0443 17
16657600 17.2728 17
16657700 17.4759 17
16657800 17.1189 17
16657900 16.8117 17
16658000 17.1971 17
16658100 17.4655 17
16658200 17.3779 17
16658300 17.4145 17
16658400 17.0882 17
16658500 16.9233 17
16658600 17.1665 17
16658700 17.405 17
16658800 17.379 17
16658900 17.2305 17
16659000 17.0352 17
16659100 17.035 17
16659200 17.0996 17
16659300 17.3155 17
16659400 17.2698 17
16659500 17.2627 17
16659600 17.4075 17
16659700 17.1369 17
16659800 16.9276 17
16659900 17.1335 17
16660000 16.8742 17
16660100 16.8272 17
16660200 16.9921 17
16660300 16.7828 17
16660400 16.8044 17
16660500 16.6987 17
16660600 16.6305 17
16660700 16.6082 17
16660800 16.8101 17
16660900 16.964 17
16661000 17.1598 17
16661100 17.4916 17
16661200 17.4352 17
16661300 17.384 17
16661400 17.3039 17
16661500 17.1339 17
16661600 17.1527 17
16661700 17.2949 17
16661800 17.3532 17
16661900 17.299 17
16662000 17.2591 17
16662100 17.6645 17
16662200 17.893 17
16662300 18.0395 17
16662400 18.0951 17
16662500 17.8295 17
16662600 17.9172 17
16662700 17.7946 17
16662800 17.5861 17
16662900 17.0424 17
16663000 16.8681 17
16663100 16.7714 17
16663200 16.7847 17
16663300 16.7916 17
16663400 16.8268 17
16663500 16.6061 17
16663600 16.773 17
16663700 16.9282 17
16663800 16.8484 17
16663900 17.0678 17
16664000 17.0386 17
16664100 16.8435 17
16664200 16.7977 17
16664300 16.782 17
16664400 16.8227 17
16664500 16.4596 17
16664600 16.1444 17
16664700 16.097 17
16664800 16.3246 17
16664900 16.3482 17
16665000 16.3923 17
16665100 16.4574 17
16665200 16.4459 17
16665300 16.4886 17
16665400 16.8434 17
16665500 17.1545 17
16665600 17.1869 17
16665700 16.8981 17
16665800 16.582 17
16665900 16.3863 17
16666000 16.3844 17
16666100 16.5692 17
16666200 16.7658 17
16666300 16.9307 17
16666400 16.9254 17
16666500 16.9446 17
16666600 16.9691 17
16666700 17.2106 17
16666800 17.331 17
16666900 17.2206 17
16667000 17.2256 17
16667100 17.4579 17
16667200 17.6237 17
16667300 17.5232 17
16667400 17.7626 17
16667500 18.0224 17
16667600 17.8023 17
16667700 17.6361 17
16667800 17.4517 17
16667900 17.2859 17
16668000 17.1711 17
16668100 17.3003 17
16668200 17.5286 17
16668300 17.3683 17
16668400 17.2368 17
16668500 17.2395 17
16668600 17.163 17
16668700 17.4882 17
16668800 17.6838 17
16668900 17.6196 17
16669000 17.6674 17
16669100 17.668 17
16669200 17.306 17
16669300 16.8249 17
16669400 16.7326 17
16669500 16.7799 17
16669600 17.0416 17
16669700 17.0246 17
16669800 16.8604 17
16669900 16.8907 17
16670000 16.6772 17
16670100 16.4995 17
16670200 16.4252 17
16670300 16.2552 17
16670400 16.5706 17
16670500 16.7595 17
16670600 16.9519 17
16670700 17.1842 17
16670800 16.9421 17
16670900 17.1632 17
16671000 17.1621 17
16671100 16.8705 17
16671200 16.7875 17
16671300 17.2659 17
16671400 17.4264 17
16671500 17.2645 17
16671600 17.3501 17
16671700 17.2454 17
16671800 17.1188 17
16671900 16.9396 17
16672000 16.8542 17
16672100 16.6464 17
16672200 16.4268 17
16672300 16.3136 17
16672400 16.1432 17
16672500 15.9403 17
16672600 16.2278 17
16672700 16.5867 17
16672800 16.8467 17
16672900 16.8949 17
16673000 16.8259 17
16673100 16.7125 17
16673200 17.0713 17
16673300 17.4857 17
16673400 17.2832 17
16673500 17.4466 17
16673600 17.6744 17
16673700 17.5288 17
16673800 17.3512 17
16673900 17.4807 17
16674000 17.4306 17
16674100 17.4819 17
16674200 17.3852 17
16674300 17.3371 17
16674400 17.1932 17
16674500 16.998 17
16674600 16.8973 17
16674700 16.8804 17
16674800 16.99 17
16674900 17.1042 17
16675000 17.0298 17
16675100 17.1323 17
16675200 17.2734 17
16675300 17.4319 17
16675400 17.5252 17
16675500 17.3858 17
16675600 17.2964 17
16675700 17.2446 17
16675800 17.168 17
16675900 17.2304 17
16676000 17.1802 17
16676100 17.2585 17
16676200 17.3575 17
16676300 17.4096 17
16676400 17.5069 17
16676500 17.5702 17
16676600 17.5152 17
16676700 17.5777 17
16676800 17.7856 17
16676900 17.74 17
16677000 17.7882 17
16677100 17.9921 17
16677200 18.1391 17
16677300 18.0589 17
16677400 17.5809 17
16677500 17.0171 17
16677600 16.502 17
16677700 16.2293 17
16677800 16.3201 17
16677900 16.4951 17
16678000 16.6388 17
16678100 16.7233 17
16678200 16.848 17
16678300 16.6332 17
16678400 16.7287 17
16678500 16.914 17
16678600 16.8878 17
16678700 16.9508 17
16678800 17.3858 17
16678900 17.4658 17
16679000 17.2651 17
16679100 17.3582 17
16679200 17.3211 17
16679300 16.8928 17
16679400 16.6659 17
16679500 16.6538 17
16679600 16.7575 17
16679700 16.6949 17
16679800 16.3832 17
16679900 16.0505 17
16680000 15.8201 17
16680100 15.9094 17
16680200 16.1408 17
16680300 16.2649 17
16680400 16.6237 17
16680500 16.9081 17
16680600 16.7755 17
16680700 16.6357 17
16680800 16.6775 17
16680900 16.4001 17
16681000 16.537 17
16681100 16.5536 17
16681200 16.3703 17
16681300 16.4561 17
16681400 16.6566 17
16681500 16.7905 17
16681600 16.9172 17
16681700 17.1495 17
16681800 17.0601 17
16681900 16.7434 17
16682000 17.0064 17
16682100 17.0371 17
16682200 17.1993 17
16682300 17.2296 17
16682400 17.1784 17
16682500 17.2998 17
16682600 17.5266 17
16682700 17.5948 17
16682800 17.4884 17
16682900 17.6008 17
16683000 17.4963 17
16683100 17.131 17
16683200 17.2724 17
16683300 17.198 17
16683400 17.1955 17
16683500 17.1935 17
16683600 17.0339 17
16683700 17.106 17
16683800 17 17
16683900 16.9241 17
16684000 16.8959 17
16684100 16.8158 17
16684200 17.0759 17
16684300 17.0145 17
16684400 16.8605 17
16684500 16.8907 17
16684600 16.9037 17
16684700 17.0698 17
16684800 17.3247 17
16684900 17.1326 17
16685000 17.2869 17
16685100 17.344 17
16685200 17.2891 17
16685300 17.1654 17
16685400 17.2789 17
16685500 17.3485 17
16685600 17.2344 17
16685700 17.1791 17
16685800 17.1077 17
16685900 17.461 17
16686000 17.4411 17
16686100 17.304 17
16686200 17.2919 17
16686300 17.0418 17
16686400 17.2717 17
16686500 17.7157 17
16686600 17.7429 17
16686700 17.7512 17
16686800 17.6977 17
16686900 17.7794 17
16687000 17.8042 17
16687100 17.8325 17
16687200 17.72 17
16687300 17.4516 17
16687400 17.1402 17
16687500 17.1072 17
16687600 17.156 17
16687700 16.9972 17
16687800 16.8677 17
16687900 16.9064 17
16688000 16.7977 17
16688100 17.1541 17
16688200 17.5267 17
16688300 17.3741 17
16688400 17.1182 17
16688500 17.1397 17
16688600 17.17 17
16688700 17.1585 17
16688800 17.1159 17
16688900 16.9227 17
16689000 16.8212 17
16689100 17.122 17
16689200 17.573 17
16689300 17.5756 17
16689400 17.4151 17
16689500 17.3627 17
16689600 17.4681 17
16689700 17.702 17
16689800 17.6964 17
16689900 17.3286 17
16690000 17.3442 17
16690100 17.0566 17
16690200 17.0982 17
16690300 17.3943 17
16690400 17.5036 17
16690500 17.4731 17
16690600 17.5988 17
16690700 17.7439 17
16690800 17.6105 17
16690900 17.5515 17
16691000 17.2121 17
16691100 16.9795 17
16691200 16.9452 17
16691300 17.126 17
16691400 17.4609 17
16691500 17.3608 17
16691600 16.8806 17
16691700 16.7741 17
16691800 17.1057 17
16691900 17.3031 17
16692000 17.4685 17
16692100 17.2229 17
16692200 17.0347 17
16692300 17.0682 17
16692400 17.0374 17
16692500 17.0787 17
16692600 17.2226 17
16692700 16.9716 17
16692800 17.0932 17
16692900 17.0718 17
16693000 17.0209 17
16693100 16.8948 17
16693200 16.9315 17
16693300 16.7885 17
16693400 16.7782 17
16693500 16.6146 17
16693600 16.3792 17
16693700 16.2202 17
16693800 16.4386 17
16693900 16.7874 17
16694000 17.1041 17
16694100 17.4659 17
16694200 17.8551 17
16694300 17.7086 17
16694400 17.4057 17
16694500 17.5051 17
16694600 17.8267 17
16694700 17.8127 17
16694800 17.7455 17
16694900 17.5314 17
16695000 17.4738 17
16695100 16.9104 17
16695200 16.824 17
16695300 16.7493 17
16695400 16.8454 17
16695500 16.9567 17
16695600 16.9337 17
16695700 16.8263 17
16695800 16.9873 17
16695900 17.2946 17
16696000 17.4339 17
16696100 17.0569 17
16696200 17.0405 17
16696300 17.2199 17
16696400 17.1595 17
16696500 17.0775 17
16696600 17.0104 17
16696700 17.0661 17
16696800 16.9927 17
16696900 17.2072 17
16697000 17.1967 17
16697100 17.1451 17
16697200 17.2673 17
16697300 17.3952 17
16697400 17.128 17
16697500 17.2739 17
16697600 17.79 17
16697700 17.5971 17
16697800 17.197 17
16697900 16.9626 17
16698000 16.6119 17
16698100 16.6276 17
16698200 16.8223 17
16698300 16.9277 17
16698400 16.6806 17
16698500 16.4713 17
16698600 16.6377 17
16698700 16.849 17
16698800 17.1904 17
16698900 17.3108 17
16699000 17.3076 17
16699100 17.4448 17
16699200 17.3956 17
16699300 17.1577 17
16699400 17.2625 17
16699500 17.3266 17
16699600 17.2089 17
16699700 17.0936 17
16699800 17.141 17
16699900 17.3404 17
16700000 17.3288 17
16700100 17.3015 17
16700200 17.5023 17
16700300 17.3439 17
16700400 17.0979 17
16700500 17.1708 17
16700600 17.1588 17
16700700 17.1973 17
16700800 17.5543 17
16700900 17.5617 17
16701000 17.5136 17
16701100 17.6025 17
16701200 17.6691 17
16701300 17.5022 17
16701400 17.2483 17
16701500 17.1724 17
16701600 17.3087 17
16701700 17.33 17
16701800 17.2837 17
16701900 17.1705 17
16702000 17.0435 17
16702100 17.2057 17
16702200 17.1873 17
16702300 17.0801 17
16702400 16.9336 17
16702500 16.9184 17
16702600 16.9062 17
16702700 16.8334 17
16702800 17.0144 17
16702900 17.0487 17
16703000 16.8228 17
16703100 16.8562 17
16703200 16.8881 17
16703300 17.0417 17
16703400 17.0816 17
16703500 17.1491 17
16703600 17.0283 17
16703700 17.1873 17
16703800 17.2225 17
16703900 17.2446 17
16704000 17.3305 17
16704100 17.2662 17
16704200 16.9742 17
16704300 16.6105 17
16704400 16.448 17
16704500 16.3874 17
16704600 16.5087 17
16704700 16.2984 17
16704800 16.4833 17
16704900 16.4709 17
16705000 16.3863 17
16705100 16.7353 17
16705200 17.2872 17
16705300 17.6413 17
16705400 17.4227 17
16705500 17.3332 17
16705600 17.3544 17
16705700 17.3961 17
16705800 17.2146 17
16705900 17.1187 17
16706000 17.2891 17
16706100 17.4947 17
16706200 17.0498 17
16706300 16.8886 17
16706400 16.9775 17
16706500 17.1591 17
16706600 17.1135 17
16706700 17.1433 17
16706800 17.1257 17
16706900 16.9852 17
16707000 16.8426 17
16707100 16.9535 17
16707200 16.9805 17
16707300 16.8216 17
16707400 17.0078 17
16707500 17.0189 17
16707600 16.8746 17
16707700 16.9491 17
16707800 16.934 17
16707900 16.8349 17
16708000 16.7789 17
16708100 16.5986 17
16708200 16.4662 17
16708300 16.6075 17
16708400 16.8422 17
16708500 16.9191 17
16708600 17.0931 17
16708700 17.4328 17
16708800 17.3377 17
16708900 17.317 17
16709000 17.1852 17
16709100 17.0098 17
16709200 16.8674 17
16709300 16.9196 17
16709400 17.2346 17
16709500 17.4398 17
16709600 17.6241 17
16709700 17.4188 17
16709800 17.1625 17
16709900 16.8289 17
16710000 16.4722 17
16710100 16.384 17
16710200 16.5316 17
16710300 16.7673 17
16710400 17.1427 17
16710500 17.3693 17
16710600 17.4723 17
16710700 17.2832 17
16710800 17.2066 17
16710900 17.2198 17
16711000 17.0427 17
16711100 17.0551 17
16711200 16.8204 17
16711300 16.6727 17
16711400 16.7749 17
16711500 16.8856 17
16711600 16.804 17
16711700 16.694 17
16711800 16.9284 17
16711900 17.0933 17
16712000 17.1131 17
16712100 17.1487 17
16712200 16.8075 17
16712300 16.5343 17
16712400 16.2651 17
16712500 16.257 17
16712600 16.3086 17
16712700 16.3212 17
16712800 16.0864 17
16712900 16.2376 17
16713000 16.7523 17
16713100 16.9766 17
16713200 16.8694 17
16713300 16.7883 17
16713400 16.9127 17
16713500 17.1149 17
16713600 17.0506 17
16713700 16.9503 17
16713800 17.0281 17
16713900 16.979 17
16714000 16.8684 17
16714100 16.8939 17
16714200 17.0865 17
16714300 17.0093 17
16714400 17.2227 17
16714500 17.3957 17
16714600 17.3691 17
16714700 17.2527 17
16714800 17.0984 17
16714900 17.1642 17
16715000 17.3463 17
16715100 17.6231 17
16715200 17.6441 17
16715300 17.2875 17
16715400 17.0016 17
16715500 16.9779 17
16715600 17.0672 17
16715700 17.0442 17
16715800 16.9855 17
16715900 17.1553 17
16716000 17.3489 17
16716100 17.4356 17
16716200 17.1753 17
16716300 16.8844 17
16716400 16.9526 17
16716500 17.0415 17
16716600 17.1674 17
16716700 17.4492 17
16716800 17.4378 17
16716900 17.408 17
16717000 17.2955 17
16717100 16.9863 17
16717200 16.6648 17
16717300 16.6539 17
16717400 16.3109 17
16717500 16.3095 17
16717600 16.5598 17
16717700 16.7354 17
16717800 16.9157 17
16717900 17.2544 17
16718000 17.6238 17
16718100 17.9146 17
16718200 17.4746 17
16718300 17.2018 17
16718400 17.1589 17
16718500 16.9064 17
16718600 16.5638 17
16718700 16.3521 17
16718800 16.4886 17
16718900 16.5599 17
16719000 16.4975 17
16719100 16.7235 17
16719200 16.7382 17
16719300 16.5393 17
16719400 16.5368 17
16719500 16.4532 17
16719600 16.4339 17
16719700 16.4315 17
16719800 16.6764 17
16719900 16.629 17
16720000 16.5184 17
16720100 16.1639 17
16720200 16.1282 17
16720300 16.3141 17
16720400 16.6041 17
16720500 16.9473 17
16720600 17.1859 17
16720700 17.3129 17
16720800 17.47 17
16720900 17.8137 17
16721000 17.7489 17
16721100 17.1661 17
16721200 16.8458 17
16721300 16.6875 17
16721400 16.8963 17
16721500 16.8811 17
16721600 16.8986 17
16721700 16.9565 17
16721800 17.2549 17
16721900 17.5438 17
16722000 17.9261 17
16722100 17.7739 17
16722200 17.196 17
16722300 17.0648 17
16722400 17.2746 17
16722500 17.2878 17
16722600 16.7629 17
16722700 16.8471 17
16722800 17.0364 17
16722900 16.9132 17
16723000 16.8631 17
16723100 17.0201 17
16723200 16.6672 17
16723300 16.3001 17
16723400 16.2649 17
16723500 16.2662 17
16723600 16.175 17
16723700 16.2645 17
16723800 16.1396 17
16723900 16.4312 17
16724000 16.6954 17
16724100 16.8397 17
16724200 16.9074 17
16724300 17.0429 17
16724400 17.3346 17
16724500 17.3594 17
16724600 17.349 17
16724700 17.26 17
16724800 17.1685 17
16724900 17.4329 17
16725000 17.1986 17
16725100 17.2715 17
16725200 17.5421 17
16725300 17.304 17
16725400 17.1401 17
16725500 17.3234 17
16725600 17.4524 17
16725700 17.1641 17
16725800 17.1911 17
16725900 17.232 17
16726000 17.345 17
16726100 17.8129 17
16726200 17.9151 17
16726300 17.9998 17
16726400 17.5291 17
16726500 17.3512 17
16726600 17.1938 17
16726700 17.1105 17
16726800 17.241 17
16726900 17.2861 17
16727000 17.1892 17
16727100 17.0349 17
16727200 17.0474 17
16727300 17.1939 17
16727400 17.0799 17
16727500 17.0095 17
16727600 17.1158 17
16727700 17.1572 17
16727800 16.9647 17
16727900 16.8381 17
16728000 17.0889 17
16728100 16.7956 17
16728200 16.7936 17
16728300 16.9733 17
16728400 17.1699 17
16728500 17.0313 17
16728600 16.5264 17
16728700 16.4909 17
16728800 16.6915 17
16728900 16.9414 17
16729000 16.9556 17
16729100 16.7994 17
16729200 16.8568 17
16729300 16.87 17
16729400 16.9461 17
16729500 17.0476 17
16729600 16.7989 17
16729700 16.6497 17
16729800 16.5248 17
16729900 16.6273 17
16730000 16.8581 17
16730100 16.9116 17
16730200 16.8755 17
16730300 16.8118 17
16730400 16.8589 17
16730500 16.8633 17
16730600 17.0451 17
16730700 17.1208 17
16730800 17.3326 17
16730900 17.4921 17
16731000 17.4187 17
16731100 17.0668 17
16731200 16.9776 17
16731300 16.9347 17
16731400 16.7806 17
16731500 16.8308 17
16731600 16.942 17
16731700 17.2237 17
16731800 17.5156 17
16731900 17.5726 17
16732000 17.7695 17
16732100 17.2791 17
16732200 16.6284 17
16732300 16.5374 17
16732400 16.6427 17
16732500 16.784 17
16732600 16.7514 17
16732700 16.63 17
16732800 16.692 17
16732900 16.8194 17
16733000 16.6996 17
16733100 16.8592 17
16733200 16.7626 17
16733300 16.3527 17
16733400 16.5319 17
16733500 16.8375 17
16733600 16.9776 17
16733700 17.2588 17
16733800 17.1503 17
16733900 17.0936 17
16734000 16.9912 17
16734100 17.1203 17
16734200 17.1978 17
16734300 17.1756 17
16734400 17.1992 17
16734500 17.1614 17
16734600 17.0622 17
16734700 17.0501 17
16734800 17.3205 17
16734900 17.1798 17
16735000 17.204 17
16735100 17.2395 17
16735200 17.2562 17
16735300 16.8806 17
16735400 16.868 17
16735500 17.1857 17
16735600 17.4732 17
16735700 17.5949 17
16735800 17.7598 17
16735900 17.6835 17
16736000 17.7212 17
16736100 17.7573 17
16736200 17.6405 17
16736300 17.3344 17
16736400 17.0608 17
16736500 16.6339 17
16736600 16.6182 17
16736700 17.145 17
16736800 17.2782 17
16736900 17.4798 17
16737000 17.5912 17
16737100 17.3693 17
16737200 17.1393 17
16737300 17.1502 17
16737400 17.3124 17
16737500 17.3856 17
16737600 17.3835 17
16737700 17.8277 17
16737800 17.9062 17
16737900 17.4665 17
16738000 17.2376 17
16738100 17.1436 17
16738200 16.9255 17
16738300 16.9357 17
16738400 16.9716 17
16738500 16.7659 17
16738600 16.6809 17
16738700 16.411 17
16738800 16.475 17
16738900 16.8214 17
16739000 16.8909 17
16739100 17.0136 17
16739200 17.443 17
16739300 17.4006 17
16739400 17.3668 17
16739500 17.3775 17
16739600 17.2693 17
16739700 17.3031 17
16739800 17.5193 17
16739900 17.4255 17
16740000 17.0426 17
16740100 16.6287 17
16740200 16.5853 17
16740300 16.5171 17
16740400 16.6759 17
16740500 16.6874 17
16740600 16.5909 17
16740700 16.655 17
16740800 16.8001 17
16740900 16.9886 17
16741000 16.8086 17
16741100 16.6097 17
16741200 16.6862 17
16741300 16.908 17
16741400 16.7321 17
16741500 16.5744 17
16741600 16.69 17
16741700 16.791 17
16741800 16.8878 17
16741900 16.6935 17
16742000 16.5415 17
16742100 16.7894 17
16742200 17.1577 17
16742300 17.1915 17
16742400 16.947 17
16742500 16.8674 17
16742600 16.6239 17
16742700 16.442 17
16742800 16.1882 17
16742900 16.1867 17
16743000 16.2165 17
16743100 16.2571 17
16743200 16.2625 17
16743300 16.5736 17
16743400 17.2339 17
16743500 17.2208 17
16743600 16.6658 17
16743700 16.4518 17
16743800 16.6389 17
16743900 16.9321 17
16744000 17.0332 17
16744100 16.7233 17
16744200 16.2582 17
16744300 16.1225 17
16744400 16.2084 17
16744500 16.4039 17
16744600 16.2771 17
16744700 16.1659 17
16744800 16.3392 17
16744900 16.6203 17
16745000 16.6442 17
16745100 16.882 17
16745200 16.962 17
16745300 16.9792 17
16745400 16.9602 17
16745500 16.6432 17
16745600 16.9151 17
16745700 16.9748 17
16745800 17.1143 17
16745900 17.4438 17
16746000 17.2304 17
16746100 17.4162 17
16746200 17.4569 17
16746300 17.3059 17
16746400 17.1836 17
16746500 17.0958 17
16746600 17.0657 17
16746700 16.9622 17
16746800 17.067 17
16746900 17.2421 17
16747000 17.016 17
16747100 16.8065 17
16747200 16.7286 17
16747300 16.9428 17
16747400 17.453 17
16747500 17.728 17
16747600 17.4752 17
16747700 17.4042 17
16747800 17.18 17
16747900 16.9254 17
16748000 17.0728 17
16748100 17.3932 17
16748200 17.4471 17
16748300 17.5963 17
16748400 17.3535 17
16748500 17.1783 17
16748600 17.1547 17
16748700 16.9636 17
16748800 16.389 17
16748900 16.5855 17
16749000 16.8016 17
16749100 16.874 17
16749200 16.996 17
16749300 16.7898 17
16749400 17.0758 17
16749500 17.304 17
16749600 17.2973 17
16749700 17.361 17
16749800 17.5635 17
16749900 17.5992 17
16750000 17.6203 17
16750100 17.505 17
16750200 17.4665 17
16750300 17.537 17
16750400 17.4813 17
16750500 17.5598 17
16750600 17.3867 17
16750700 17.2477 17
16750800 17.3035 17
16750900 17.527 17
16751000 17.31 17
16751100 17.1851 17
16751200 17.331 17
16751300 17.1392 17
16751400 16.8319 17
16751500 16.7727 17
16751600 16.7611 17
16751700 16.5096 17
16751800 16.4436 17
16751900 16.6635 17
16752000 17.2482 17
16752100 17.532 17
16752200 17.4238 17
16752300 17.2768 17
16752400 17.1722 17
16752500 16.8956 17
16752600 16.8509 17
16752700 16.8238 17
16752800 16.6973 17
16752900 16.8147 17
16753000 17.191 17
16753100 17.208 17
16753200 17.071 17
16753300 17.0483 17
16753400 17.1994 17
16753500 17.149 17
16753600 17.0447 17
16753700 17.1882 17
16753800 17.1537 17
16753900 16.8774 17
16754000 16.6699 17
16754100 16.4477 17
16754200 16.6617 17
16754300 16.8869 17
16754400 16.7943 17
16754500 16.6219 17
16754600 16.6692 17
16754700 16.816 17
16754800 17.0106 17
16754900 16.8008 17
16755000 16.7401 17
16755100 17.0645 17
16755200 17.0522 17
16755300 16.8256 17
16755400 16.6185 17
16755500 16.6732 17
16755600 16.8782 17
16755700 16.9151 17
16755800 16.8115 17
16755900 16.802 17
16756000 17.0292 17
16756100 17.2986 17
16756200 17.2835 17
16756300 17.1225 17
16756400 17.236 17
16756500 17.2847 17
16756600 17.2816 17
16756700 17.2165 17
16756800 17.2358 17
16756900 17.0317 17
16757000 16.7204 17
16757100 17.0682 17
16757200 17.4982 17
16757300 17.5566 17
16757400 17.4656 17
16757500 17.5745 17
16757600 17.3261 17
16757700 17.1588 17
16757800 17.1141 17
16757900 16.9091 17
16758000 16.7753 17
16758100 16.8466 17
16758200 17.1786 17
16758300 17.2471 17
16758400 17.3521 17
16758500 17.2049 17
16758600 17.0793 17
16758700 16.8797 17
16758800 16.7216 17
16758900 16.7155 17
16759000 16.9103 17
16759100 16.8636 17
16759200 16.709 17
16759300 17.1331 17
16759400 17.1224 17
16759500 16.736 17
16759600 16.7571 17
16759700 17.2261 17
16759800 17.4589 17
16759900 17.1816 17
16760000 16.8093 17
16760100 16.5133 17
16760200 16.3399 17
16760300 16.1405 17
16760400 16.1627 17
16760500 16.3798 17
16760600 16.3515 17
16760700 16.4499 17
16760800 16.5876 17
16760900 16.7215 17
16761000 16.4212 17
16761100 16.1471 17
16761200 16.3128 17
16761300 16.5127 17
16761400 16.5036 17
16761500 16.8453 17
16761600 16.9146 17
16761700 16.9144 17
16761800 16.9927 17
16761900 17.2415 17
16762000 17.107 17
16762100 17.0977 17
16762200 17.4822 17
16762300 17.4667 17
16762400 17.2652 17
16762500 17.0858 17
16762600 17.0847 17
16762700 17.0541 17
16762800 16.9115 17
16762900 16.9702 17
16763000 16.5979 17
16763100 16.4962 17
16763200 16.6009 17
16763300 16.9553 17
16763400 16.9285 17
16763500 16.6677 17
16763600 16.4602 17
16763700 16.4449 17
16763800 16.5958 17
16763900 16.7261 17
16764000 17.1701 17
16764100 17.1549 17
16764200 17.0766 17
16764300 17.0594 17
16764400 16.6102 17
16764500 16.2765 17
16764600 16.5884 17
16764700 16.6704 17
16764800 16.7902 17
16764900 17.1212 17
16765000 17.1745 17
16765100 17.1168 17
16765200 17.1705 17
16765300 17.0811 17
16765400 17.2157 17
16765500 17.3288 17
16765600 17.1873 17
16765700 17.0606 17
16765800 16.9027 17
16765900 16.6695 17
16766000 16.9553 17
16766100 16.8861 17
16766200 16.4996 17
16766300 16.27 17
16766400 16.362 17
16766500 16.595 17
16766600 16.5915 17
16766700 16.5454 17
16766800 16.7352 17
16766900 16.9753 17
16767000 16.9429 17
16767100 16.891 17
16767200 17.234 17
16767300 17.3441 17
16767400 17.2641 17
16767500 17.3745 17
16767600 17.1963 17
16767700 17.0792 17
16767800 16.8726 17
16767900 17.2596 17
16768000 17.3102 17
16768100 17.288 17
16768200 17.2453 17
16768300 16.9557 17
16768400 16.9249 17
16768500 16.7789 17
16768600 16.6409 17
16768700 16.4744 17
16768800 16.4985 17
16768900 16.8672 17
16769000 17.1527 17
16769100 17.1597 17
16769200 16.9786 17
16769300 16.7455 17
16769400 16.9615 17
16769500 16.9964 17
16769600 16.9122 17
16769700 16.8568 17
16769800 16.8295 17
16769900 16.7702 17
16770000 16.678 17
16770100 16.9078 17
16770200 17.353 17
16770300 17.4313 17
16770400 17.2934 17
16770500 17.36 17
16770600 17.5059 17
16770700 17.0984 17
16770800 16.8742 17
16770900 16.8082 17
16771000 16.8842 17
16771100 16.8892 17
16771200 16.9303 17
16771300 16.779 17
16771400 16.831 17
16771500 16.6339 17
16771600 16.324 17
16771700 16.3008 17
16771800 16.3821 17
16771900 16.4583 17
16772000 16.5266 17
16772100 16.5685 17
16772200 16.8232 17
16772300 17.0164 17
16772400 17.3609 17
16772500 17.1532 17
16772600 16.9154 17
16772700 16.9429 17
16772800 17.1256 17
16772900 17.0721 17
16773000 17.158 17
16773100 16.965 17
16773200 16.7949 17
16773300 16.8533 17
16773400 16.7278 17
16773500 16.7171 17
16773600 16.888 17
16773700 17.2645 17
16773800 17.2742 17
16773900 17.7106 17
16774000 18.1432 17
16774100 17.9816 17
16774200 18.0458 17
16774300 18.0618 17
16774400 17.7667 17
16774500 17.3791 17
16774600 17.2993 17
16774700 17.2469 17
16774800 17.042 17
16774900 16.9558 17
16775000 16.759 17
16775100 16.7374 17
16775200 17.1581 17
16775300 17.3574 17
16775400 17.2818 17
16775500 17.1887 17
16775600 17.6005 17
16775700 17.5039 17
16775800 17.5584 17
16775900 17.6644 17
16776000 17.4941 17
16776100 17.284 17
16776200 16.8668 17
16776300 16.4308 17
16776400 16.2992 17
16776500 16.4125 17
16776600 16.519 17
16776700 16.8276 17
16776800 16.8361 17
16776900 16.8779 17
16777000 17.1432 17
16777100 17.4591 17
16777200 17.484 17
16777300 17.342 17
16777400 17.1127 17
16777500 17.1063 17
16777600 17.2366 17
16777700 17.2003 17
16777800 17.3565 17
16777900 17.0985 17
16778000 16.8956 17
16778100 16.9876 17
16778200 16.8629 17
16778300 16.8441 17
16778400 16.8607 17
16778500 17.1225 17
16778600 17.1338 17
16778700 16.9067 17
16778800 16.8337 17
16778900 16.8274 17
16779000 16.9191 17
16779100 16.7908 17
16779200 16.9821 17
16779300 17.0591 17
16779400 16.7119 17
16779500 16.5504 17
16779600 16.4496 17
16779700 16.5032 17
16779800 16.5218 17
16779900 16.6433 17
16780000 16.942 17
16780100 17.1101 17
16780200 16.7505 17
16780300 16.4625 17
16780400 16.7582 17
16780500 16.8612 17
16780600 16.8383 17
16780700 16.7786 17
16780800 16.7703 17
16780900 16.8558 17
16781000 17.0448 17
16781100 17.0343 17
16781200 17.0203 17
16781300 17.2028 17
16781400 17.3366 17
16781500 17.1764 17
16781600 16.6159 17
16781700 16.0997 17
16781800 15.9585 17
16781900 16.2411 17
16782000 16.4819 17
16782100 16.8981 17
16782200 17.3926 17
16782300 17.3033 17
16782400 17.0736 17
16782500 16.9834 17
16782600 16.9468 17
16782700 16.8677 17
16782800 16.6992 17
16782900 16.4901 17
16783000 16.7962 17
16783100 17.1909 17
16783200 17.1682 17
16783300 16.9319 17
16783400 16.5415 17
16783500 16.4418 17
16783600 16.874 17
16783700 16.9686 17
16783800 17.221 17
16783900 17.6567 17
16784000 17.5957 17
16784100 17.5737 17
16784200 17.7113 17
16784300 17.7452 17
16784400 17.7315 17
16784500 17.4233 17
16784600 17.1758 17
16784700 16.786 17
16784800 16.5625 17
16784900 16.759 17
16785000 16.8763 17
16785100 16.7196 17
16785200 16.5596 17
16785300 16.8663 17
16785400 17.1675 17
16785500 17.3665 17
16785600 17.3114 17
16785700 17.4711 17
16785800 17.2615 17
16785900 16.9094 17
16786000 16.7674 17
16786100 16.834 17
16786200 16.5728 17
16786300 16.668 17
16786400 17.1334 17
16786500 17.2784 17
16786600 17.2062 17
16786700 17.1524 17
16786800 17.097 17
16786900 16.9753 17
16787000 16.9319 17
16787100 16.5134 17
16787200 16.2238 17
16787300 15.9303 17
16787400 15.919 17
16787500 15.7544 17
16787600 15.8695 17
16787700 16.1061 17
16787800 16.1072 17
16787900 16.231 17
16788000 16.5266 17
16788100 16.5179 17
16788200 16.8718 17
16788300 17.1398 17
16788400 17.0474 17
16788500 16.8036 17
16788600 16.6972 17
16788700 16.7486 17
16788800 16.7697 17
16788900 16.7195 17
16789000 17.0138 17
16789100 16.6562 17
16789200 16.303 17
16789300 16.0963 17
16789400 16.104 17
16789500 16.3644 17
16789600 16.4893 17
16789700 16.6504 17
16789800 16.7108 17
16789900 16.8179 17
16790000 17.0972 17
16790100 17.5906 17
16790200 17.5793 17
16790300 17.3837 17
16790400 17.1102 17
16790500 16.8689 17
16790600 16.942 17
16790700 17.1352 17
16790800 17.0737 17
16790900 16.8635 17
16791000 16.4228 17
16791100 16.2401 17
16791200 16.8091 17
16791300 17.3526 17
16791400 17.5346 17
16791500 17.4055 17
16791600 17.1829 17
16791700 17.4218 17
16791800 17.4252 17
16791900 17.5567 17
16792000 17.2828 17
16792100 16.9834 17
16792200 16.813 17
16792300 16.8733 17
16792400 16.9597 17
16792500 17.1278 17
16792600 17.3819 17
16792700 17.3172 17
16792800 17.314 17
16792900 17.1072 17
16793000 17.014 17
16793100 17.1849 17
16793200 17.0777 17
16793300 16.9939 17
16793400 17.1702 17
16793500 16.8679 17
16793600 16.8732 17
16793700 16.9472 17
16793800 17.1547 17
16793900 17.0302 17
16794000 16.8624 17
16794100 16.5836 17
16794200 16.5875 17
16794300 16.4514 17
16794400 16.4849 17
16794500 16.3443 17
16794600 16.6606 17
16794700 16.972 17
16794800 17.2426 17
16794900 17.5614 17
16795000 17.4908 17
16795100 17.612 17
16795200 17.3898 17
16795300 17.0997 17
16795400 16.9477 17
16795500 16.703 17
16795600 16.8886 17
16795700 16.9053 17
16795800 16.5584 17
16795900 16.5392 17
16796000 16.48 17
16796100 16.3934 17
16796200 16.5072 17
16796300 16.7188 17
16796400 16.7791 17
16796500 16.7959 17
16796600 16.9444 17
16796700 17.3418 17
16796800 17.6501 17
16796900 17.6592 17
16797000 17.656 17
16797100 18.0155 17
16797200 17.9162 17
16797300 17.5496 17
16797400 17.2781 17
16797500 17.3689 17
16797600 17.4621 17
16797700 17.3902 17
16797800 17.6696 17
16797900 17.5948 17
16798000 17.2321 17
16798100 17.0116 17
16798200 17.1186 17
16798300 17.265 17
16798400 17.3502 17
16798500 17.3292 17
16798600 17.4544 17
16798700 17.5067 17
16798800 17.4674 17
16798900 17.3313 17
16799000 17.3859 17
16799100 17.3374 17
16799200 17.2359 17
16799300 17.2612 17
16799400 17.1606 17
16799500 17.3719 17
16799600 17.2053 17
16799700 16.5868 17
16799800 16.1391 17
16799900 16.3764 17
16800000 16.9328 17
