# Time-averaged data for fix myat1
# TimeStep v_xave v_xdes
1800100 -19.7591 -20
1800200 -19.771 -20
1800300 -19.5443 -20
1800400 -19.6722 -20
1800500 -20.0367 -20
1800600 -20.6532 -20
1800700 -20.6592 -20
1800800 -20.4866 -20
1800900 -20.6104 -20
1801000 -20.3094 -20
1801100 -20.3921 -20
1801200 -20.5734 -20
1801300 -20.7681 -20
1801400 -20.7768 -20
1801500 -20.8076 -20
1801600 -20.7553 -20
1801700 -20.8908 -20
1801800 -20.7181 -20
1801900 -20.3746 -20
1802000 -20.1145 -20
1802100 -20.1447 -20
1802200 -20.1541 -20
1802300 -19.8929 -20
1802400 -19.7086 -20
1802500 -19.7416 -20
1802600 -19.766 -20
1802700 -19.9739 -20
1802800 -20.2329 -20
1802900 -20.393 -20
1803000 -20.1083 -20
1803100 -20.2709 -20
1803200 -20.2897 -20
1803300 -20.0798 -20
1803400 -20.4154 -20
1803500 -20.4733 -20
1803600 -20.1593 -20
1803700 -20.0821 -20
1803800 -20.0576 -20
1803900 -20.0201 -20
1804000 -20.0267 -20
1804100 -20.1692 -20
1804200 -20.2173 -20
1804300 -19.8004 -20
1804400 -19.6261 -20
1804500 -19.8287 -20
1804600 -20.0015 -20
1804700 -19.96 -20
1804800 -19.9289 -20
1804900 -20.0701 -20
1805000 -20.2775 -20
1805100 -20.201 -20
1805200 -20.2725 -20
1805300 -20.3965 -20
1805400 -20.2012 -20
1805500 -20.3159 -20
1805600 -19.9556 -20
1805700 -19.7589 -20
1805800 -19.3037 -20
1805900 -19.2472 -20
1806000 -19.1658 -20
1806100 -19.3973 -20
1806200 -19.3203 -20
1806300 -19.4882 -20
1806400 -19.8218 -20
1806500 -19.6854 -20
1806600 -20.0436 -20
1806700 -20.3708 -20
1806800 -20.3618 -20
1806900 -20.2591 -20
1807000 -20.3843 -20
1807100 -20.2562 -20
1807200 -19.9067 -20
1807300 -19.7321 -20
1807400 -19.6264 -20
1807500 -19.7976 -20
1807600 -19.8605 -20
1807700 -19.7841 -20
1807800 -19.8191 -20
1807900 -19.6125 -20
1808000 -19.7024 -20
1808100 -20.2494 -20
1808200 -20.0437 -20
1808300 -20.1614 -20
1808400 -20.4551 -20
1808500 -20.4642 -20
1808600 -20.1632 -20
1808700 -20.0551 -20
1808800 -20.2387 -20
1808900 -20.529 -20
1809000 -20.7249 -20
1809100 -20.8914 -20
1809200 -20.9489 -20
1809300 -20.8775 -20
1809400 -20.7625 -20
1809500 -20.6492 -20
1809600 -20.3332 -20
1809700 -20.0483 -20
1809800 -20.1555 -20
1809900 -20.1894 -20
1810000 -20.0897 -20
1810100 -20.2234 -20
1810200 -20.1681 -20
1810300 -20.0782 -20
1810400 -19.6813 -20
1810500 -19.4806 -20
1810600 -19.8051 -20
1810700 -19.7913 -20
1810800 -19.6966 -20
1810900 -19.8157 -20
1811000 -20.003 -20
1811100 -20.0434 -20
1811200 -20.3001 -20
1811300 -20.2382 -20
1811400 -20.0233 -20
1811500 -20.147 -20
1811600 -19.9088 -20
1811700 -19.7458 -20
1811800 -19.501 -20
1811900 -19.7016 -20
1812000 -19.8129 -20
1812100 -19.6505 -20
1812200 -19.5255 -20
1812300 -19.4267 -20
1812400 -19.4681 -20
1812500 -19.7212 -20
1812600 -19.8945 -20
1812700 -20.0477 -20
1812800 -20.0288 -20
1812900 -19.7401 -20
1813000 -19.5737 -20
1813100 -20.0836 -20
1813200 -20.4772 -20
1813300 -20.4996 -20
1813400 -20.795 -20
1813500 -20.6707 -20
1813600 -20.4316 -20
1813700 -20.2847 -20
1813800 -20.3541 -20
1813900 -20.3277 -20
1814000 -20.5419 -20
1814100 -20.4973 -20
1814200 -20.0474 -20
1814300 -20.0078 -20
1814400 -20.0682 -20
1814500 -20.0757 -20
1814600 -19.9083 -20
1814700 -19.6178 -20
1814800 -19.6833 -20
1814900 -19.6754 -20
1815000 -19.503 -20
1815100 -19.618 -20
1815200 -19.6558 -20
1815300 -19.6507 -20
1815400 -19.5426 -20
1815500 -19.1964 -20
1815600 -19.1169 -20
1815700 -19.0826 -20
1815800 -19.6601 -20
1815900 -19.8607 -20
1816000 -19.6298 -20
1816100 -19.5508 -20
1816200 -19.4503 -20
1816300 -19.4008 -20
1816400 -19.4153 -20
1816500 -19.5772 -20
1816600 -19.6099 -20
1816700 -19.5102 -20
1816800 -19.2968 -20
1816900 -19.1596 -20
1817000 -19.3035 -20
1817100 -19.3248 -20
1817200 -19.3714 -20
1817300 -19.4065 -20
1817400 -19.6429 -20
1817500 -19.8917 -20
1817600 -20.0751 -20
1817700 -20.2432 -20
1817800 -20.2808 -20
1817900 -20.266 -20
1818000 -20.0946 -20
1818100 -20.2911 -20
1818200 -20.3501 -20
1818300 -20.3897 -20
1818400 -20.0951 -20
1818500 -19.6604 -20
1818600 -19.5927 -20
1818700 -19.7271 -20
1818800 -19.5976 -20
1818900 -19.8365 -20
1819000 -20.0092 -20
1819100 -20.3712 -20
1819200 -20.4951 -20
1819300 -20.5515 -20
1819400 -20.7498 -20
1819500 -20.5973 -20
1819600 -20.4595 -20
1819700 -20.6187 -20
1819800 -20.5187 -20
1819900 -20.2452 -20
1820000 -20.0394 -20
1820100 -19.8919 -20
1820200 -20.0496 -20
1820300 -20.3506 -20
1820400 -20.3504 -20
1820500 -20.2104 -20
1820600 -19.979 -20
1820700 -19.7004 -20
1820800 -19.8154 -20
1820900 -19.8341 -20
1821000 -19.7161 -20
1821100 -19.859 -20
1821200 -19.9798 -20
1821300 -20.212 -20
1821400 -20.1713 -20
1821500 -20.1288 -20
1821600 -20.2205 -20
1821700 -19.738 -20
1821800 -19.324 -20
1821900 -19.5802 -20
1822000 -19.9688 -20
1822100 -20.0702 -20
1822200 -20.1919 -20
1822300 -20.1278 -20
1822400 -20.3436 -20
1822500 -20.3988 -20
1822600 -20.4915 -20
1822700 -20.5118 -20
1822800 -20.2052 -20
1822900 -19.6954 -20
1823000 -19.622 -20
1823100 -19.748 -20
1823200 -19.9665 -20
1823300 -20.0738 -20
1823400 -20.0336 -20
1823500 -19.7913 -20
1823600 -19.5489 -20
1823700 -19.4146 -20
1823800 -19.4531 -20
1823900 -19.7311 -20
1824000 -20.1314 -20
1824100 -20.1486 -20
1824200 -19.8731 -20
1824300 -19.8257 -20
1824400 -19.8733 -20
1824500 -20.1242 -20
1824600 -20.2704 -20
1824700 -20.3842 -20
1824800 -20.4119 -20
1824900 -20.5195 -20
1825000 -20.5324 -20
1825100 -20.0829 -20
1825200 -20.1097 -20
1825300 -20.2824 -20
1825400 -20.4729 -20
1825500 -20.6799 -20
1825600 -21.0058 -20
1825700 -20.9762 -20
1825800 -20.7913 -20
1825900 -20.6207 -20
1826000 -20.3619 -20
1826100 -20.3178 -20
1826200 -20.2857 -20
1826300 -20.1583 -20
1826400 -19.9328 -20
1826500 -19.9813 -20
1826600 -20.2775 -20
1826700 -20.1393 -20
1826800 -19.796 -20
1826900 -19.7844 -20
1827000 -20.0275 -20
1827100 -20.0937 -20
1827200 -20.09 -20
1827300 -20.1868 -20
1827400 -20.4509 -20
1827500 -20.3999 -20
1827600 -20.0737 -20
1827700 -19.6606 -20
1827800 -19.3698 -20
1827900 -19.5455 -20
1828000 -19.8269 -20
1828100 -19.9987 -20
1828200 -19.7713 -20
1828300 -19.5517 -20
1828400 -19.3311 -20
1828500 -19.4342 -20
1828600 -19.6604 -20
1828700 -19.7741 -20
1828800 -19.9718 -20
1828900 -20.19 -20
1829000 -20.2645 -20
1829100 -20.0888 -20
1829200 -20.0758 -20
1829300 -19.9953 -20
1829400 -20.0362 -20
1829500 -19.7665 -20
1829600 -19.6208 -20
1829700 -19.3968 -20
1829800 -19.3494 -20
1829900 -19.3945 -20
1830000 -19.4111 -20
1830100 -19.4613 -20
1830200 -19.6387 -20
1830300 -19.8157 -20
1830400 -19.6735 -20
1830500 -19.5852 -20
1830600 -19.8281 -20
1830700 -19.9258 -20
1830800 -19.8987 -20
1830900 -19.9997 -20
1831000 -20.1579 -20
1831100 -20.263 -20
1831200 -20.3841 -20
1831300 -20.7128 -20
1831400 -20.4686 -20
1831500 -20.1319 -20
1831600 -19.8248 -20
1831700 -19.7167 -20
1831800 -19.4169 -20
1831900 -19.4707 -20
1832000 -19.4566 -20
1832100 -19.6283 -20
1832200 -19.7567 -20
1832300 -19.8202 -20
1832400 -19.8647 -20
1832500 -19.7028 -20
1832600 -19.3673 -20
1832700 -19.2975 -20
1832800 -19.444 -20
1832900 -19.7083 -20
1833000 -19.9962 -20
1833100 -20.0425 -20
1833200 -20.1492 -20
1833300 -19.9436 -20
1833400 -19.897 -20
1833500 -20.0746 -20
1833600 -20.2128 -20
1833700 -20.0415 -20
1833800 -20.0787 -20
1833900 -20.1826 -20
1834000 -20.0882 -20
1834100 -20.2533 -20
1834200 -20.0786 -20
1834300 -19.8322 -20
1834400 -19.6715 -20
1834500 -19.6066 -20
1834600 -19.6943 -20
1834700 -19.7356 -20
1834800 -20.0097 -20
1834900 -20.0855 -20
1835000 -20.2385 -20
1835100 -20.2589 -20
1835200 -20.1682 -20
1835300 -20.0069 -20
1835400 -19.932 -20
1835500 -19.6779 -20
1835600 -19.7619 -20
1835700 -19.7893 -20
1835800 -19.6552 -20
1835900 -19.6598 -20
1836000 -19.3818 -20
1836100 -19.0559 -20
1836200 -19.5612 -20
1836300 -19.9495 -20
1836400 -20.218 -20
1836500 -20.4044 -20
1836600 -20.2312 -20
1836700 -20.0614 -20
1836800 -19.9163 -20
1836900 -20.0197 -20
1837000 -19.9592 -20
1837100 -20.0332 -20
1837200 -20.1205 -20
1837300 -20.1475 -20
1837400 -20.1668 -20
1837500 -20.1205 -20
1837600 -19.9489 -20
1837700 -19.9137 -20
1837800 -20.1667 -20
1837900 -20.0232 -20
1838000 -19.7867 -20
1838100 -19.5332 -20
1838200 -19.1677 -20
1838300 -19.0163 -20
1838400 -19.1181 -20
1838500 -19.3143 -20
1838600 -19.4763 -20
1838700 -19.4544 -20
1838800 -19.2604 -20
1838900 -19.3984 -20
1839000 -19.4946 -20
1839100 -19.8001 -20
1839200 -20.1837 -20
1839300 -20.4095 -20
1839400 -20.32 -20
1839500 -20.0997 -20
1839600 -20.0676 -20
1839700 -20.0128 -20
1839800 -19.917 -20
1839900 -19.8053 -20
1840000 -19.6553 -20
1840100 -19.6325 -20
1840200 -19.6366 -20
1840300 -19.619 -20
1840400 -19.8059 -20
1840500 -19.9254 -20
1840600 -19.8516 -20
1840700 -19.6602 -20
1840800 -19.5166 -20
1840900 -19.3558 -20
1841000 -19.2724 -20
1841100 -19.3132 -20
1841200 -19.1594 -20
1841300 -19.3801 -20
1841400 -19.5684 -20
1841500 -19.4734 -20
1841600 -19.5778 -20
1841700 -19.6401 -20
1841800 -19.5713 -20
1841900 -19.7661 -20
1842000 -19.922 -20
1842100 -19.8357 -20
1842200 -19.7236 -20
1842300 -19.7864 -20
1842400 -20.1289 -20
1842500 -20.3152 -20
1842600 -20.6727 -20
1842700 -20.8307 -20
1842800 -20.9289 -20
1842900 -21.0477 -20
1843000 -20.7883 -20
1843100 -20.4426 -20
1843200 -20.3627 -20
1843300 -20.2001 -20
1843400 -19.8332 -20
1843500 -19.4312 -20
1843600 -19.2977 -20
1843700 -19.2267 -20
1843800 -19.4298 -20
1843900 -19.5989 -20
1844000 -19.6896 -20
1844100 -19.9617 -20
1844200 -20.0623 -20
1844300 -20.1472 -20
1844400 -19.8918 -20
1844500 -20.01 -20
1844600 -20.2861 -20
1844700 -20.316 -20
1844800 -20.2752 -20
1844900 -20.402 -20
1845000 -20.0977 -20
1845100 -20.1294 -20
1845200 -19.8979 -20
1845300 -19.7866 -20
1845400 -19.9043 -20
1845500 -19.5873 -20
1845600 -19.4485 -20
1845700 -19.7014 -20
1845800 -20.0783 -20
1845900 -20.2694 -20
1846000 -20.3924 -20
1846100 -20.2801 -20
1846200 -20.2725 -20
1846300 -20.4564 -20
1846400 -20.5321 -20
1846500 -20.359 -20
1846600 -20.2548 -20
1846700 -20.4113 -20
1846800 -20.2625 -20
1846900 -20.2507 -20
1847000 -20.4065 -20
1847100 -20.4043 -20
1847200 -20.6626 -20
1847300 -20.6215 -20
1847400 -20.55 -20
1847500 -20.4085 -20
1847600 -20.2573 -20
1847700 -20.3395 -20
1847800 -20.3414 -20
1847900 -20.65 -20
1848000 -20.88 -20
1848100 -20.7627 -20
1848200 -20.8667 -20
1848300 -20.8093 -20
1848400 -20.7571 -20
1848500 -20.4745 -20
1848600 -20.2182 -20
1848700 -20.0886 -20
1848800 -19.7976 -20
1848900 -19.7236 -20
1849000 -19.9284 -20
1849100 -20.0543 -20
1849200 -20.1566 -20
1849300 -19.9641 -20
1849400 -20.1186 -20
1849500 -20.1319 -20
1849600 -19.9007 -20
1849700 -20.1192 -20
1849800 -20.3519 -20
1849900 -20.2269 -20
1850000 -20.1227 -20
1850100 -20.0118 -20
1850200 -19.9982 -20
1850300 -19.9271 -20
1850400 -19.9006 -20
1850500 -19.9149 -20
1850600 -19.8616 -20
1850700 -20.0863 -20
1850800 -20.2744 -20
1850900 -20.3088 -20
1851000 -20.3432 -20
1851100 -20.2886 -20
1851200 -20.3929 -20
1851300 -20.4627 -20
1851400 -20.5168 -20
1851500 -20.3699 -20
1851600 -20.0866 -20
1851700 -19.966 -20
1851800 -20.1048 -20
1851900 -20.0858 -20
1852000 -20.4454 -20
1852100 -20.39 -20
1852200 -20.3426 -20
1852300 -20.1502 -20
1852400 -20.0042 -20
1852500 -19.8876 -20
1852600 -19.8459 -20
1852700 -19.8882 -20
1852800 -19.8237 -20
1852900 -19.9685 -20
1853000 -20.1766 -20
1853100 -20.2962 -20
1853200 -20.3408 -20
1853300 -20.1368 -20
1853400 -20.092 -20
1853500 -20.2223 -20
1853600 -20.1793 -20
1853700 -19.8999 -20
1853800 -19.6307 -20
1853900 -19.6981 -20
1854000 -20.0871 -20
1854100 -20.2415 -20
1854200 -20.0223 -20
1854300 -19.8806 -20
1854400 -19.9569 -20
1854500 -20.3214 -20
1854600 -20.0609 -20
1854700 -19.9121 -20
1854800 -20.0495 -20
1854900 -20.0622 -20
1855000 -20.523 -20
1855100 -20.8144 -20
1855200 -21.1311 -20
1855300 -21.0387 -20
1855400 -20.9277 -20
1855500 -20.9892 -20
1855600 -21.0149 -20
1855700 -20.84 -20
1855800 -21.0281 -20
1855900 -20.7886 -20
1856000 -20.202 -20
1856100 -20.1444 -20
1856200 -20.0572 -20
1856300 -19.8646 -20
1856400 -19.9555 -20
1856500 -20.245 -20
1856600 -20.2215 -20
1856700 -20.4609 -20
1856800 -20.3186 -20
1856900 -20.1524 -20
1857000 -19.8617 -20
1857100 -19.62 -20
1857200 -19.5304 -20
1857300 -19.7408 -20
1857400 -20.0526 -20
1857500 -20.2812 -20
1857600 -20.2317 -20
1857700 -20.1481 -20
1857800 -19.9732 -20
1857900 -20.0332 -20
1858000 -20.4292 -20
1858100 -20.5783 -20
1858200 -20.3982 -20
1858300 -20.1782 -20
1858400 -20.1647 -20
1858500 -19.8854 -20
1858600 -19.4417 -20
1858700 -19.4612 -20
1858800 -19.8503 -20
1858900 -20.1005 -20
1859000 -20.2102 -20
1859100 -20.3617 -20
1859200 -20.2627 -20
1859300 -20.4217 -20
1859400 -20.333 -20
1859500 -20.2324 -20
1859600 -20.1848 -20
1859700 -20.2846 -20
1859800 -20.1893 -20
1859900 -20.0092 -20
1860000 -19.9786 -20
1860100 -20.0326 -20
1860200 -19.9979 -20
1860300 -19.6739 -20
1860400 -19.6244 -20
1860500 -19.7868 -20
1860600 -19.8952 -20
1860700 -19.7015 -20
1860800 -19.7834 -20
1860900 -20.0171 -20
1861000 -20.3335 -20
1861100 -20.4521 -20
1861200 -20.172 -20
1861300 -20.1654 -20
1861400 -20.076 -20
1861500 -20.417 -20
1861600 -20.3858 -20
1861700 -20.1714 -20
1861800 -20.0818 -20
1861900 -19.9896 -20
1862000 -19.8577 -20
1862100 -20.1222 -20
1862200 -20.0653 -20
1862300 -19.8936 -20
1862400 -19.9292 -20
1862500 -20.2467 -20
1862600 -20.3886 -20
1862700 -20.3213 -20
1862800 -20.0427 -20
1862900 -19.9431 -20
1863000 -19.7615 -20
1863100 -19.6145 -20
1863200 -20.0367 -20
1863300 -20.3153 -20
1863400 -20.2862 -20
1863500 -20.2911 -20
1863600 -20.2248 -20
1863700 -20.2845 -20
1863800 -20.225 -20
1863900 -20.2177 -20
1864000 -19.8784 -20
1864100 -19.7517 -20
1864200 -19.8937 -20
1864300 -20.1553 -20
1864400 -20.5449 -20
1864500 -20.3668 -20
1864600 -20.1892 -20
1864700 -20.0525 -20
1864800 -19.867 -20
1864900 -19.8934 -20
1865000 -20.0043 -20
1865100 -20.0112 -20
1865200 -19.7981 -20
1865300 -19.5801 -20
1865400 -19.5116 -20
1865500 -19.3442 -20
1865600 -19.4461 -20
1865700 -19.4622 -20
1865800 -19.4703 -20
1865900 -19.5639 -20
1866000 -20.0356 -20
1866100 -20.184 -20
1866200 -20.164 -20
1866300 -20.012 -20
1866400 -20.0152 -20
1866500 -20.2702 -20
1866600 -20.4749 -20
1866700 -20.7511 -20
1866800 -20.5901 -20
1866900 -20.1012 -20
1867000 -20.02 -20
1867100 -20.1896 -20
1867200 -20.2181 -20
1867300 -20.1935 -20
1867400 -20.3277 -20
1867500 -20.2576 -20
1867600 -20.1513 -20
1867700 -20.2983 -20
1867800 -20.2553 -20
1867900 -20.2382 -20
1868000 -20.0298 -20
1868100 -19.8159 -20
1868200 -19.6764 -20
1868300 -19.555 -20
1868400 -19.5792 -20
1868500 -20.0531 -20
1868600 -20.5222 -20
1868700 -20.483 -20
1868800 -20.5455 -20
1868900 -20.6801 -20
1869000 -20.4913 -20
1869100 -20.0796 -20
1869200 -19.9904 -20
1869300 -20.0347 -20
1869400 -20.072 -20
1869500 -20.2852 -20
1869600 -20.2155 -20
1869700 -20.0005 -20
1869800 -19.9622 -20
1869900 -20.1991 -20
1870000 -20.4888 -20
1870100 -20.3844 -20
1870200 -20.4331 -20
1870300 -20.4675 -20
1870400 -20.5332 -20
1870500 -20.4133 -20
1870600 -19.8671 -20
1870700 -20.1245 -20
1870800 -20.332 -20
1870900 -20.257 -20
1871000 -20.0993 -20
1871100 -19.9694 -20
1871200 -20.0001 -20
1871300 -19.7273 -20
1871400 -19.5292 -20
1871500 -19.3204 -20
1871600 -19.2802 -20
1871700 -19.3158 -20
1871800 -19.2988 -20
1871900 -19.4222 -20
1872000 -19.5534 -20
1872100 -19.676 -20
1872200 -19.5172 -20
1872300 -19.5555 -20
1872400 -19.8033 -20
1872500 -19.6978 -20
1872600 -19.5118 -20
1872700 -19.3573 -20
1872800 -19.445 -20
1872900 -19.6713 -20
1873000 -19.9489 -20
1873100 -19.9563 -20
1873200 -20.1199 -20
1873300 -20.2894 -20
1873400 -20.3128 -20
1873500 -20.3334 -20
1873600 -20.1653 -20
1873700 -20.1667 -20
1873800 -19.9448 -20
1873900 -19.6991 -20
1874000 -19.9545 -20
1874100 -20.1586 -20
1874200 -20.3971 -20
1874300 -20.4718 -20
1874400 -20.5688 -20
1874500 -20.4503 -20
1874600 -20.5272 -20
1874700 -20.4719 -20
1874800 -20.3507 -20
1874900 -20.1734 -20
1875000 -19.9344 -20
1875100 -19.8218 -20
1875200 -19.8432 -20
1875300 -19.7846 -20
1875400 -19.9801 -20
1875500 -20.0851 -20
1875600 -19.7775 -20
1875700 -20.0513 -20
1875800 -20.1895 -20
1875900 -20.0072 -20
1876000 -19.9288 -20
1876100 -19.9976 -20
1876200 -20.0573 -20
1876300 -20.0192 -20
1876400 -20.2415 -20
1876500 -20.0577 -20
1876600 -20.027 -20
1876700 -19.9592 -20
1876800 -20.0577 -20
1876900 -20.0587 -20
1877000 -20.1336 -20
1877100 -20.4224 -20
1877200 -20.3903 -20
1877300 -20.4107 -20
1877400 -20.5361 -20
1877500 -20.7648 -20
1877600 -20.7991 -20
1877700 -20.7135 -20
1877800 -20.6385 -20
1877900 -20.4007 -20
1878000 -20.0589 -20
1878100 -20.0566 -20
1878200 -20.4649 -20
1878300 -20.5867 -20
1878400 -20.6724 -20
1878500 -20.8057 -20
1878600 -21.067 -20
1878700 -20.948 -20
1878800 -20.8539 -20
1878900 -20.932 -20
1879000 -20.6508 -20
1879100 -20.3045 -20
1879200 -20.1125 -20
1879300 -20.083 -20
1879400 -20.142 -20
1879500 -20.2705 -20
1879600 -20.2111 -20
1879700 -20.3153 -20
1879800 -20.3779 -20
1879900 -20.3366 -20
1880000 -20.5372 -20
1880100 -20.6545 -20
1880200 -20.6892 -20
1880300 -20.4541 -20
1880400 -20.3253 -20
1880500 -20.1038 -20
1880600 -20.1416 -20
1880700 -20.12 -20
1880800 -19.9966 -20
1880900 -20.0585 -20
1881000 -19.8305 -20
1881100 -19.7214 -20
1881200 -19.8033 -20
1881300 -19.9217 -20
1881400 -19.9084 -20
1881500 -20.0099 -20
1881600 -20.1676 -20
1881700 -19.8908 -20
1881800 -19.6504 -20
1881900 -19.8289 -20
1882000 -20.0845 -20
1882100 -20.2545 -20
1882200 -20.1105 -20
1882300 -19.8752 -20
1882400 -19.6969 -20
1882500 -19.9142 -20
1882600 -20.0784 -20
1882700 -20.1596 -20
1882800 -19.8501 -20
1882900 -19.8636 -20
1883000 -20.1082 -20
1883100 -20.2537 -20
1883200 -20.1658 -20
1883300 -20.2495 -20
1883400 -19.8975 -20
1883500 -19.6142 -20
1883600 -19.5333 -20
1883700 -19.6899 -20
1883800 -19.9586 -20
1883900 -20.3541 -20
1884000 -20.4258 -20
1884100 -20.2813 -20
1884200 -19.8866 -20
1884300 -19.8875 -20
1884400 -19.933 -20
1884500 -20.1671 -20
1884600 -20.4115 -20
1884700 -20.6499 -20
1884800 -20.2253 -20
1884900 -20.095 -20
1885000 -20.3555 -20
1885100 -20.6145 -20
1885200 -20.4724 -20
1885300 -19.9949 -20
1885400 -19.617 -20
1885500 -19.6831 -20
1885600 -19.8447 -20
1885700 -19.5837 -20
1885800 -19.561 -20
1885900 -19.628 -20
1886000 -20.2291 -20
1886100 -20.9357 -20
1886200 -20.9031 -20
1886300 -20.7664 -20
1886400 -20.4477 -20
1886500 -19.7762 -20
1886600 -19.777 -20
1886700 -19.9826 -20
1886800 -20.0824 -20
1886900 -20.1578 -20
1887000 -20.2901 -20
1887100 -20.6295 -20
1887200 -20.6652 -20
1887300 -20.2893 -20
1887400 -19.8514 -20
1887500 -19.811 -20
1887600 -20.1392 -20
1887700 -20.4423 -20
1887800 -20.1911 -20
1887900 -19.758 -20
1888000 -19.85 -20
1888100 -20.1468 -20
1888200 -20.2709 -20
1888300 -19.9959 -20
1888400 -19.7676 -20
1888500 -19.775 -20
1888600 -19.7737 -20
1888700 -19.7962 -20
1888800 -20.0095 -20
1888900 -20.3134 -20
1889000 -20.5175 -20
1889100 -20.7152 -20
1889200 -20.7001 -20
1889300 -20.7772 -20
1889400 -20.7672 -20
1889500 -20.9187 -20
1889600 -21.022 -20
1889700 -21.0278 -20
1889800 -20.6549 -20
1889900 -20.3181 -20
1890000 -20.246 -20
1890100 -19.9605 -20
1890200 -20.0658 -20
1890300 -20.2036 -20
1890400 -20.1623 -20
1890500 -20.1485 -20
1890600 -20.203 -20
1890700 -20.0266 -20
1890800 -19.9094 -20
1890900 -19.766 -20
1891000 -19.5372 -20
1891100 -19.5683 -20
1891200 -19.701 -20
1891300 -19.7583 -20
1891400 -19.7678 -20
1891500 -19.5511 -20
1891600 -19.6291 -20
1891700 -20.0878 -20
1891800 -20.5485 -20
1891900 -20.4912 -20
1892000 -20.7746 -20
1892100 -20.734 -20
1892200 -20.323 -20
1892300 -20.2884 -20
1892400 -20.5396 -20
1892500 -20.7524 -20
1892600 -20.8748 -20
1892700 -20.5826 -20
1892800 -20.3281 -20
1892900 -20.0412 -20
1893000 -20.0631 -20
1893100 -20.1384 -20
1893200 -20.0196 -20
1893300 -19.6575 -20
1893400 -19.5712 -20
1893500 -19.7988 -20
1893600 -20.0026 -20
1893700 -20.1616 -20
1893800 -20.2905 -20
1893900 -20.3205 -20
1894000 -20.2621 -20
1894100 -19.9355 -20
1894200 -20.0008 -20
1894300 -19.9765 -20
1894400 -19.8811 -20
1894500 -20.0475 -20
1894600 -20.1563 -20
1894700 -20.141 -20
1894800 -20.1205 -20
1894900 -20.0548 -20
1895000 -20.168 -20
1895100 -20.1091 -20
1895200 -19.8355 -20
1895300 -19.4575 -20
1895400 -19.4841 -20
1895500 -19.6724 -20
1895600 -19.6152 -20
1895700 -19.9329 -20
1895800 -20.5581 -20
1895900 -20.8596 -20
1896000 -21.0775 -20
1896100 -21.238 -20
1896200 -21.2623 -20
1896300 -21.5202 -20
1896400 -21.0312 -20
1896500 -20.2608 -20
1896600 -19.9731 -20
1896700 -20.068 -20
1896800 -19.9102 -20
1896900 -19.6799 -20
1897000 -19.7163 -20
1897100 -20.1867 -20
1897200 -20.3094 -20
1897300 -20.1295 -20
1897400 -20.172 -20
1897500 -20.0242 -20
1897600 -19.9259 -20
1897700 -20.0763 -20
1897800 -20.1989 -20
1897900 -20.2602 -20
1898000 -20.3087 -20
1898100 -20.3537 -20
1898200 -20.3874 -20
1898300 -20.4058 -20
1898400 -20.4924 -20
1898500 -20.451 -20
1898600 -20.5408 -20
1898700 -20.2139 -20
1898800 -19.886 -20
1898900 -19.8055 -20
1899000 -19.4982 -20
1899100 -19.7057 -20
1899200 -19.8708 -20
1899300 -20.1421 -20
1899400 -20.2697 -20
1899500 -19.9846 -20
1899600 -19.3325 -20
1899700 -19.337 -20
1899800 -19.3572 -20
1899900 -19.6969 -20
1900000 -19.9593 -20
1900100 -19.9383 -20
1900200 -19.8651 -20
1900300 -20.1247 -20
1900400 -20.1727 -20
1900500 -20.1032 -20
1900600 -20.3714 -20
1900700 -20.4584 -20
1900800 -20.2321 -20
1900900 -20.3337 -20
1901000 -20.3708 -20
1901100 -20.5334 -20
1901200 -20.599 -20
1901300 -20.3742 -20
1901400 -20.2501 -20
1901500 -20.3622 -20
1901600 -20.3206 -20
1901700 -20.2559 -20
1901800 -20.1434 -20
1901900 -20.1439 -20
1902000 -20.1943 -20
1902100 -19.8839 -20
1902200 -19.9292 -20
1902300 -19.8464 -20
1902400 -19.9723 -20
1902500 -20.2668 -20
1902600 -20.5193 -20
1902700 -20.5517 -20
1902800 -20.42 -20
1902900 -20.3935 -20
1903000 -20.3634 -20
1903100 -20.2791 -20
1903200 -20.282 -20
1903300 -20.064 -20
1903400 -20.0911 -20
1903500 -20.4781 -20
1903600 -20.6657 -20
1903700 -20.2196 -20
1903800 -20.1528 -20
1903900 -20.2066 -20
1904000 -20.2264 -20
1904100 -19.9871 -20
1904200 -20.0388 -20
1904300 -20.0075 -20
1904400 -19.7686 -20
1904500 -19.5759 -20
1904600 -19.9072 -20
1904700 -20.2537 -20
1904800 -20.2659 -20
1904900 -20.166 -20
1905000 -20.2046 -20
1905100 -20.2235 -20
1905200 -20.4254 -20
1905300 -20.6569 -20
1905400 -20.4287 -20
1905500 -20.3485 -20
1905600 -20.4501 -20
1905700 -20.5779 -20
1905800 -20.279 -20
1905900 -19.9378 -20
1906000 -20.2128 -20
1906100 -20.2993 -20
1906200 -20.3593 -20
1906300 -20.3236 -20
1906400 -20.2759 -20
1906500 -20.3522 -20
1906600 -20.3214 -20
1906700 -20.0874 -20
1906800 -19.7352 -20
1906900 -19.5646 -20
1907000 -19.6564 -20
1907100 -19.7128 -20
1907200 -19.6483 -20
1907300 -19.9017 -20
1907400 -20.1988 -20
1907500 -20.2673 -20
1907600 -20.0786 -20
1907700 -20.2581 -20
1907800 -20.082 -20
1907900 -19.6153 -20
1908000 -19.5935 -20
1908100 -19.6862 -20
1908200 -19.5323 -20
1908300 -19.6077 -20
1908400 -19.6897 -20
1908500 -19.8528 -20
1908600 -19.7543 -20
1908700 -19.9388 -20
1908800 -20.3153 -20
1908900 -20.5034 -20
1909000 -20.6846 -20
1909100 -20.6457 -20
1909200 -20.4454 -20
1909300 -20.4202 -20
1909400 -20.3238 -20
1909500 -20.4416 -20
1909600 -20.5074 -20
1909700 -20.2632 -20
1909800 -20.2742 -20
1909900 -20.5085 -20
1910000 -20.261 -20
1910100 -20.0996 -20
1910200 -20.0195 -20
1910300 -19.8602 -20
1910400 -19.7621 -20
1910500 -20.0196 -20
1910600 -20.1537 -20
1910700 -20.254 -20
1910800 -19.9672 -20
1910900 -19.8854 -20
1911000 -19.7881 -20
1911100 -19.7055 -20
1911200 -19.4661 -20
1911300 -19.5082 -20
1911400 -19.523 -20
1911500 -19.6326 -20
1911600 -19.7251 -20
1911700 -19.4346 -20
1911800 -19.4552 -20
1911900 -19.3828 -20
1912000 -19.2624 -20
1912100 -19.4076 -20
1912200 -19.7538 -20
1912300 -19.9177 -20
1912400 -20.0085 -20
1912500 -19.9398 -20
1912600 -19.9412 -20
1912700 -20.0179 -20
1912800 -19.8395 -20
1912900 -19.5901 -20
1913000 -19.4564 -20
1913100 -19.3593 -20
1913200 -19.3992 -20
1913300 -19.5502 -20
1913400 -20.0267 -20
1913500 -20.1727 -20
1913600 -20.3487 -20
1913700 -20.4441 -20
1913800 -20.2782 -20
1913900 -20.019 -20
1914000 -20.0485 -20
1914100 -20.2987 -20
1914200 -20.1265 -20
1914300 -19.966 -20
1914400 -19.8122 -20
1914500 -19.851 -20
1914600 -19.743 -20
1914700 -19.5804 -20
1914800 -19.9933 -20
1914900 -20.4527 -20
1915000 -20.7033 -20
1915100 -20.8272 -20
1915200 -20.3851 -20
1915300 -20.2683 -20
1915400 -20.2053 -20
1915500 -19.937 -20
1915600 -20.2724 -20
1915700 -20.2125 -20
1915800 -20.1053 -20
1915900 -19.9661 -20
1916000 -19.8187 -20
1916100 -19.6562 -20
1916200 -19.6782 -20
1916300 -19.851 -20
1916400 -19.3641 -20
1916500 -19.1937 -20
1916600 -19.1837 -20
1916700 -19.3181 -20
1916800 -19.6704 -20
1916900 -20.0153 -20
1917000 -19.917 -20
1917100 -20.1664 -20
1917200 -20.1993 -20
1917300 -20.255 -20
1917400 -20.6088 -20
1917500 -20.6455 -20
1917600 -20.6671 -20
1917700 -20.6885 -20
1917800 -20.608 -20
1917900 -20.7237 -20
1918000 -20.5792 -20
1918100 -20.5192 -20
1918200 -20.1511 -20
1918300 -19.8382 -20
1918400 -19.7927 -20
1918500 -19.8017 -20
1918600 -19.7828 -20
1918700 -20.048 -20
1918800 -20.3379 -20
1918900 -20.105 -20
1919000 -19.7846 -20
1919100 -19.5656 -20
1919200 -19.6639 -20
1919300 -19.8707 -20
1919400 -20.1364 -20
1919500 -20.3889 -20
1919600 -20.3771 -20
1919700 -20.0844 -20
1919800 -19.7914 -20
1919900 -19.6499 -20
1920000 -19.7316 -20
1920100 -19.9419 -20
1920200 -19.9295 -20
1920300 -19.3307 -20
1920400 -19.287 -20
1920500 -19.3819 -20
1920600 -19.5479 -20
1920700 -19.7769 -20
1920800 -19.8396 -20
1920900 -20.0487 -20
1921000 -20.1263 -20
1921100 -20.1565 -20
1921200 -20.4413 -20
1921300 -20.6449 -20
1921400 -20.6026 -20
1921500 -20.5551 -20
1921600 -20.366 -20
1921700 -20.209 -20
1921800 -20.1015 -20
1921900 -20.1702 -20
1922000 -20.0748 -20
1922100 -20.0812 -20
1922200 -20.121 -20
1922300 -20.1114 -20
1922400 -19.87 -20
1922500 -19.8872 -20
1922600 -19.789 -20
1922700 -19.951 -20
1922800 -20.0568 -20
1922900 -19.4853 -20
1923000 -19.4711 -20
1923100 -19.8648 -20
1923200 -20.1772 -20
1923300 -20.1354 -20
1923400 -19.6886 -20
1923500 -19.6546 -20
1923600 -20.1546 -20
1923700 -20.3705 -20
1923800 -20.1263 -20
1923900 -20.0162 -20
1924000 -19.7559 -20
1924100 -19.7331 -20
1924200 -20.0878 -20
1924300 -20.4808 -20
1924400 -20.2299 -20
1924500 -20.2226 -20
1924600 -20.1103 -20
1924700 -20.0849 -20
1924800 -20.0343 -20
1924900 -19.9896 -20
1925000 -19.5596 -20
1925100 -19.2466 -20
1925200 -19.3538 -20
1925300 -19.3792 -20
1925400 -19.8065 -20
1925500 -20.0237 -20
1925600 -19.9573 -20
1925700 -20.2051 -20
1925800 -20.0155 -20
1925900 -19.5892 -20
1926000 -19.8254 -20
1926100 -19.9911 -20
1926200 -20.1105 -20
1926300 -20.0046 -20
1926400 -20.1761 -20
1926500 -20.4407 -20
1926600 -20.5601 -20
1926700 -20.4151 -20
1926800 -20.4043 -20
1926900 -20.329 -20
1927000 -20.5238 -20
1927100 -21.0692 -20
1927200 -21.2129 -20
1927300 -20.8352 -20
1927400 -20.3296 -20
1927500 -20.1172 -20
1927600 -20.2407 -20
1927700 -20.2221 -20
1927800 -20.1765 -20
1927900 -20.1678 -20
1928000 -19.8893 -20
1928100 -19.8532 -20
1928200 -19.7932 -20
1928300 -19.6634 -20
1928400 -19.5254 -20
1928500 -19.3918 -20
1928600 -19.7966 -20
1928700 -19.9304 -20
1928800 -19.5396 -20
1928900 -19.4449 -20
1929000 -19.5871 -20
1929100 -19.7281 -20
1929200 -19.9509 -20
1929300 -20.0059 -20
1929400 -19.8413 -20
1929500 -19.7399 -20
1929600 -19.9811 -20
1929700 -20.2778 -20
1929800 -20.39 -20
1929900 -20.2085 -20
1930000 -20.1657 -20
1930100 -20.3039 -20
1930200 -20.4846 -20
1930300 -20.4752 -20
1930400 -20.2425 -20
1930500 -19.9804 -20
1930600 -19.8183 -20
1930700 -19.9484 -20
1930800 -20.0561 -20
1930900 -19.6575 -20
1931000 -19.5703 -20
1931100 -19.7473 -20
1931200 -19.9667 -20
1931300 -20.4288 -20
1931400 -20.4814 -20
1931500 -20.4596 -20
1931600 -20.4376 -20
1931700 -20.1693 -20
1931800 -20.1711 -20
1931900 -20.1542 -20
1932000 -20.1692 -20
1932100 -20.0243 -20
1932200 -19.9132 -20
1932300 -20.1645 -20
1932400 -20.3956 -20
1932500 -20.1658 -20
1932600 -19.8175 -20
1932700 -19.7548 -20
1932800 -19.399 -20
1932900 -19.0275 -20
1933000 -19.1058 -20
1933100 -19.2492 -20
1933200 -19.2089 -20
1933300 -18.7578 -20
1933400 -18.6982 -20
1933500 -19.2812 -20
1933600 -19.6267 -20
1933700 -20.0892 -20
1933800 -20.2994 -20
1933900 -20.2471 -20
1934000 -19.9076 -20
1934100 -20.0503 -20
1934200 -20.5584 -20
1934300 -20.4383 -20
1934400 -20.5951 -20
1934500 -20.38 -20
1934600 -20.0694 -20
1934700 -20.037 -20
1934800 -20.1385 -20
1934900 -20.0077 -20
1935000 -19.9373 -20
1935100 -19.8414 -20
1935200 -19.9551 -20
1935300 -20.2168 -20
1935400 -20.1131 -20
1935500 -19.7312 -20
1935600 -19.4539 -20
1935700 -19.3657 -20
1935800 -19.2644 -20
1935900 -19.3132 -20
1936000 -19.1794 -20
1936100 -19.8254 -20
1936200 -20.0579 -20
1936300 -20.0198 -20
1936400 -20.1903 -20
1936500 -20.0033 -20
1936600 -20.0301 -20
1936700 -20.098 -20
1936800 -19.862 -20
1936900 -20.1041 -20
1937000 -20.3089 -20
1937100 -20.331 -20
1937200 -20.365 -20
1937300 -20.3986 -20
1937400 -20.4024 -20
1937500 -19.9133 -20
1937600 -19.6846 -20
1937700 -19.5687 -20
1937800 -19.6597 -20
1937900 -19.7393 -20
1938000 -19.6009 -20
1938100 -19.3103 -20
1938200 -19.5738 -20
1938300 -19.7943 -20
1938400 -19.5475 -20
1938500 -19.4187 -20
1938600 -19.345 -20
1938700 -19.5698 -20
1938800 -19.9227 -20
1938900 -20.1571 -20
1939000 -20.4539 -20
1939100 -20.3461 -20
1939200 -19.9511 -20
1939300 -19.9164 -20
1939400 -20.1285 -20
1939500 -20.1906 -20
1939600 -19.9707 -20
1939700 -19.8867 -20
1939800 -20.2346 -20
1939900 -20.5943 -20
1940000 -20.7246 -20
1940100 -20.6569 -20
1940200 -20.4395 -20
1940300 -20.3633 -20
1940400 -20.3164 -20
1940500 -20.3797 -20
1940600 -20.3711 -20
1940700 -20.4374 -20
1940800 -20.0823 -20
1940900 -19.7159 -20
1941000 -19.6877 -20
1941100 -19.4715 -20
1941200 -19.4523 -20
1941300 -19.7182 -20
1941400 -20.0339 -20
1941500 -19.8852 -20
1941600 -19.8241 -20
1941700 -20.0148 -20
1941800 -19.9953 -20
1941900 -19.9206 -20
1942000 -19.8467 -20
1942100 -20.1182 -20
1942200 -20.206 -20
1942300 -20.0449 -20
1942400 -20.0008 -20
1942500 -20.1202 -20
1942600 -19.8954 -20
1942700 -20.1977 -20
1942800 -20.5228 -20
1942900 -20.2081 -20
1943000 -20.0293 -20
1943100 -19.7911 -20
1943200 -19.67 -20
1943300 -19.8513 -20
1943400 -19.9005 -20
1943500 -19.8915 -20
1943600 -20.0585 -20
1943700 -20.0867 -20
1943800 -19.9201 -20
1943900 -19.8355 -20
1944000 -19.823 -20
1944100 -19.9398 -20
1944200 -20.1347 -20
1944300 -20.2813 -20
1944400 -20.2044 -20
1944500 -19.9662 -20
1944600 -20.044 -20
1944700 -20.073 -20
1944800 -20.1261 -20
1944900 -20.0986 -20
1945000 -19.8527 -20
1945100 -19.5977 -20
1945200 -19.6934 -20
1945300 -19.5737 -20
1945400 -19.6334 -20
1945500 -20.1534 -20
1945600 -20.476 -20
1945700 -20.5845 -20
1945800 -20.454 -20
1945900 -20.5301 -20
1946000 -20.5057 -20
1946100 -20.0265 -20
1946200 -19.7505 -20
1946300 -20.0975 -20
1946400 -20.063 -20
1946500 -19.849 -20
1946600 -19.7706 -20
1946700 -19.9886 -20
1946800 -20.3055 -20
1946900 -20.4817 -20
1947000 -20.6302 -20
1947100 -20.6217 -20
1947200 -20.2841 -20
1947300 -20.1017 -20
1947400 -19.9978 -20
1947500 -20.0119 -20
1947600 -20.1681 -20
1947700 -20.1602 -20
1947800 -20.2326 -20
1947900 -20.1502 -20
1948000 -19.8794 -20
1948100 -19.5976 -20
1948200 -19.7224 -20
1948300 -19.6645 -20
1948400 -19.7949 -20
1948500 -19.8501 -20
1948600 -19.9372 -20
1948700 -19.9715 -20
1948800 -20.1065 -20
1948900 -20.4261 -20
1949000 -20.5105 -20
1949100 -20.407 -20
1949200 -20.2314 -20
1949300 -20.1294 -20
1949400 -20.1165 -20
1949500 -19.6776 -20
1949600 -19.4016 -20
1949700 -19.4012 -20
1949800 -19.2685 -20
1949900 -19.4552 -20
1950000 -19.4941 -20
1950100 -19.3964 -20
1950200 -19.5346 -20
1950300 -19.5321 -20
1950400 -19.1497 -20
1950500 -19.0901 -20
1950600 -19.2549 -20
1950700 -19.4751 -20
1950800 -19.6796 -20
1950900 -19.6926 -20
1951000 -19.5699 -20
1951100 -19.9613 -20
1951200 -20.1376 -20
1951300 -20.0167 -20
1951400 -20.0578 -20
1951500 -19.4743 -20
1951600 -19.2016 -20
1951700 -19.1176 -20
1951800 -19.2854 -20
1951900 -19.5619 -20
1952000 -19.9538 -20
1952100 -19.8093 -20
1952200 -19.8345 -20
1952300 -20.1934 -20
1952400 -20.4191 -20
1952500 -20.5859 -20
1952600 -20.5971 -20
1952700 -20.2325 -20
1952800 -20.1072 -20
1952900 -20.1018 -20
1953000 -19.9954 -20
1953100 -19.6592 -20
1953200 -19.8252 -20
1953300 -20.1391 -20
1953400 -20.0845 -20
1953500 -19.9432 -20
1953600 -20.1502 -20
1953700 -20.3691 -20
1953800 -20.4561 -20
1953900 -20.4838 -20
1954000 -20.5344 -20
1954100 -20.3956 -20
1954200 -20.3977 -20
1954300 -20.3885 -20
1954400 -20.2701 -20
1954500 -20.449 -20
1954600 -20.4133 -20
1954700 -20.663 -20
1954800 -20.6757 -20
1954900 -20.4933 -20
1955000 -20.2627 -20
1955100 -20.1303 -20
1955200 -20.2047 -20
1955300 -20.3999 -20
1955400 -20.9199 -20
1955500 -20.705 -20
1955600 -20.3148 -20
1955700 -19.9724 -20
1955800 -19.8685 -20
1955900 -20.0473 -20
1956000 -20.2164 -20
1956100 -20.2408 -20
1956200 -19.7728 -20
1956300 -19.571 -20
1956400 -19.5955 -20
1956500 -19.5014 -20
1956600 -19.3735 -20
1956700 -19.4829 -20
1956800 -19.5896 -20
1956900 -19.7877 -20
1957000 -19.9573 -20
1957100 -19.8964 -20
1957200 -19.5573 -20
1957300 -19.495 -20
1957400 -19.5367 -20
1957500 -19.5424 -20
1957600 -19.8223 -20
1957700 -20.2066 -20
1957800 -20.5526 -20
1957900 -20.8143 -20
1958000 -20.6072 -20
1958100 -20.3643 -20
1958200 -19.9059 -20
1958300 -19.9143 -20
1958400 -19.8049 -20
1958500 -19.7743 -20
1958600 -19.7874 -20
1958700 -19.8967 -20
1958800 -20.1925 -20
1958900 -20.0369 -20
1959000 -19.9177 -20
1959100 -19.9948 -20
1959200 -19.8945 -20
1959300 -19.8465 -20
1959400 -19.9501 -20
1959500 -20.0631 -20
1959600 -20.111 -20
1959700 -20.1256 -20
1959800 -19.9059 -20
1959900 -19.8753 -20
1960000 -20.0433 -20
1960100 -20.2273 -20
1960200 -20.3147 -20
1960300 -20.3253 -20
1960400 -20.1956 -20
1960500 -20.622 -20
1960600 -20.4609 -20
1960700 -20.0319 -20
1960800 -20.2752 -20
1960900 -20.3553 -20
1961000 -20.5034 -20
1961100 -20.4196 -20
1961200 -20.3153 -20
1961300 -20.3745 -20
1961400 -20.617 -20
1961500 -20.6271 -20
1961600 -20.6323 -20
1961700 -20.3394 -20
1961800 -20.2246 -20
1961900 -20.1858 -20
1962000 -20.4564 -20
1962100 -20.5135 -20
1962200 -20.7969 -20
1962300 -21.0035 -20
1962400 -20.9581 -20
1962500 -20.9411 -20
1962600 -20.7652 -20
1962700 -20.5995 -20
1962800 -20.441 -20
1962900 -20.1027 -20
1963000 -19.6605 -20
1963100 -19.7136 -20
1963200 -20.0541 -20
1963300 -20.1581 -20
1963400 -19.866 -20
1963500 -19.9025 -20
1963600 -20.1346 -20
1963700 -19.9884 -20
1963800 -19.9902 -20
1963900 -19.885 -20
1964000 -19.9026 -20
1964100 -20.2826 -20
1964200 -20.3539 -20
1964300 -20.3757 -20
1964400 -20.3852 -20
1964500 -20.3737 -20
1964600 -20.0956 -20
1964700 -20.1334 -20
1964800 -20.0952 -20
1964900 -20.1126 -20
1965000 -20.272 -20
1965100 -20.4781 -20
1965200 -20.2796 -20
1965300 -19.976 -20
1965400 -19.8488 -20
1965500 -19.6577 -20
1965600 -19.8303 -20
1965700 -19.8925 -20
1965800 -19.7458 -20
1965900 -19.6209 -20
1966000 -19.676 -20
1966100 -20.2183 -20
1966200 -20.2036 -20
1966300 -19.9774 -20
1966400 -20.3719 -20
1966500 -20.378 -20
1966600 -20.1676 -20
1966700 -19.9389 -20
1966800 -20.0063 -20
1966900 -20.3167 -20
1967000 -20.3059 -20
1967100 -19.8765 -20
1967200 -19.6288 -20
1967300 -19.8612 -20
1967400 -20.049 -20
1967500 -20.525 -20
1967600 -20.7712 -20
1967700 -20.5047 -20
1967800 -20.491 -20
1967900 -20.6911 -20
1968000 -20.5563 -20
1968100 -20.2617 -20
1968200 -20.0985 -20
1968300 -19.9784 -20
1968400 -19.668 -20
1968500 -19.4114 -20
1968600 -19.4192 -20
1968700 -19.5241 -20
1968800 -19.7678 -20
1968900 -19.8751 -20
1969000 -19.9738 -20
1969100 -19.9522 -20
1969200 -19.819 -20
1969300 -19.6857 -20
1969400 -19.8645 -20
1969500 -20.0235 -20
1969600 -20.0051 -20
1969700 -19.9309 -20
1969800 -19.7219 -20
1969900 -19.9685 -20
1970000 -20.0673 -20
1970100 -19.8642 -20
1970200 -19.7505 -20
1970300 -19.9282 -20
1970400 -19.7787 -20
1970500 -19.8678 -20
1970600 -19.9713 -20
1970700 -19.7657 -20
1970800 -19.9851 -20
1970900 -20.5121 -20
1971000 -20.7341 -20
1971100 -20.8684 -20
1971200 -20.2761 -20
1971300 -19.8122 -20
1971400 -19.6302 -20
1971500 -19.5253 -20
1971600 -19.8767 -20
1971700 -19.8402 -20
1971800 -19.4173 -20
1971900 -19.1895 -20
1972000 -19.004 -20
1972100 -19.4403 -20
1972200 -19.8924 -20
1972300 -20.1049 -20
1972400 -20.024 -20
1972500 -20.0007 -20
1972600 -20.3514 -20
1972700 -20.2833 -20
1972800 -19.9459 -20
1972900 -19.9854 -20
1973000 -19.6743 -20
1973100 -19.3053 -20
1973200 -19.1529 -20
1973300 -19.0707 -20
1973400 -19.0407 -20
1973500 -19.0677 -20
1973600 -18.9771 -20
1973700 -19.5369 -20
1973800 -19.8201 -20
1973900 -20.1081 -20
1974000 -20.2355 -20
1974100 -20.0945 -20
1974200 -20.0008 -20
1974300 -20.1047 -20
1974400 -19.8659 -20
1974500 -19.7401 -20
1974600 -19.8125 -20
1974700 -19.767 -20
1974800 -19.7221 -20
1974900 -19.725 -20
1975000 -19.6954 -20
1975100 -19.5296 -20
1975200 -19.6296 -20
1975300 -19.6847 -20
1975400 -19.4766 -20
1975500 -19.5051 -20
1975600 -19.7751 -20
1975700 -19.684 -20
1975800 -19.2997 -20
1975900 -19.1555 -20
1976000 -19.2666 -20
1976100 -19.3611 -20
1976200 -19.6083 -20
1976300 -20.0529 -20
1976400 -20.0188 -20
1976500 -19.8497 -20
1976600 -19.6721 -20
1976700 -19.8425 -20
1976800 -20.2488 -20
1976900 -20.428 -20
1977000 -20.4153 -20
1977100 -20.3122 -20
1977200 -19.85 -20
1977300 -19.4429 -20
1977400 -19.1742 -20
1977500 -18.8022 -20
1977600 -19.3497 -20
1977700 -19.9047 -20
1977800 -20.1772 -20
1977900 -20.0682 -20
1978000 -19.7752 -20
1978100 -19.7203 -20
1978200 -19.5946 -20
1978300 -19.3594 -20
1978400 -19.4847 -20
1978500 -19.7424 -20
1978600 -20.0028 -20
1978700 -19.9579 -20
1978800 -19.7034 -20
1978900 -19.5522 -20
1979000 -19.4319 -20
1979100 -19.7608 -20
1979200 -20.0053 -20
1979300 -20.1477 -20
1979400 -19.8613 -20
1979500 -19.582 -20
1979600 -19.5696 -20
1979700 -19.5385 -20
1979800 -19.7441 -20
1979900 -19.9707 -20
1980000 -20.4305 -20
1980100 -20.4612 -20
1980200 -20.0947 -20
1980300 -19.6853 -20
1980400 -19.7308 -20
1980500 -19.7937 -20
1980600 -19.8608 -20
1980700 -20.0409 -20
1980800 -20.2153 -20
1980900 -19.9268 -20
1981000 -19.375 -20
1981100 -19.4933 -20
1981200 -19.8344 -20
1981300 -20.3077 -20
1981400 -20.3094 -20
1981500 -20.3164 -20
1981600 -20.4136 -20
1981700 -20.3503 -20
1981800 -20.0056 -20
1981900 -19.8749 -20
1982000 -19.9825 -20
1982100 -19.9056 -20
1982200 -19.6718 -20
1982300 -19.7538 -20
1982400 -19.992 -20
1982500 -20.3504 -20
1982600 -20.7907 -20
1982700 -21.0507 -20
1982800 -20.99 -20
1982900 -20.912 -20
1983000 -20.5196 -20
1983100 -20.0104 -20
1983200 -20.033 -20
1983300 -20.1555 -20
1983400 -20.1826 -20
1983500 -20.3165 -20
1983600 -20.3915 -20
1983700 -20.5033 -20
1983800 -20.436 -20
1983900 -20.3171 -20
1984000 -20.2806 -20
1984100 -20.1724 -20
1984200 -20.2943 -20
1984300 -20.5439 -20
1984400 -20.1601 -20
1984500 -19.9463 -20
1984600 -20.0206 -20
1984700 -20.2619 -20
1984800 -20.4471 -20
1984900 -20.3785 -20
1985000 -20.3653 -20
1985100 -20.2591 -20
1985200 -20.3139 -20
1985300 -20.403 -20
1985400 -20.3764 -20
1985500 -20.2477 -20
1985600 -20.354 -20
1985700 -20.4283 -20
1985800 -20.5347 -20
1985900 -20.5652 -20
1986000 -20.5605 -20
1986100 -20.2543 -20
1986200 -20.1114 -20
1986300 -20.3868 -20
1986400 -20.3428 -20
1986500 -20.0367 -20
1986600 -19.8446 -20
1986700 -19.7476 -20
1986800 -19.7795 -20
1986900 -20.1752 -20
1987000 -20.4524 -20
1987100 -20.425 -20
1987200 -20.4645 -20
1987300 -20.5494 -20
1987400 -20.3822 -20
1987500 -20.1303 -20
1987600 -20.2678 -20
1987700 -20.2536 -20
1987800 -20.3495 -20
1987900 -20.4126 -20
1988000 -20.6554 -20
1988100 -20.3406 -20
1988200 -20.0376 -20
1988300 -19.7614 -20
1988400 -19.734 -20
1988500 -19.4909 -20
1988600 -19.8838 -20
1988700 -20.3892 -20
1988800 -20.3236 -20
1988900 -20.2528 -20
1989000 -20.0964 -20
1989100 -20.0052 -20
1989200 -19.8974 -20
1989300 -20.0591 -20
1989400 -20.4082 -20
1989500 -20.4152 -20
1989600 -20.4366 -20
1989700 -20.4696 -20
1989800 -20.3405 -20
1989900 -20.1609 -20
1990000 -19.7449 -20
1990100 -19.7707 -20
1990200 -19.5259 -20
1990300 -19.5015 -20
1990400 -19.6564 -20
1990500 -19.8612 -20
1990600 -20.181 -20
1990700 -20.1488 -20
1990800 -20.0241 -20
1990900 -19.9507 -20
1991000 -20.1873 -20
1991100 -19.8912 -20
1991200 -19.6199 -20
1991300 -19.6279 -20
1991400 -19.5508 -20
1991500 -19.5765 -20
1991600 -19.9547 -20
1991700 -19.6532 -20
1991800 -19.6405 -20
1991900 -19.8195 -20
1992000 -19.7343 -20
1992100 -19.7349 -20
1992200 -19.5369 -20
1992300 -19.6143 -20
1992400 -19.8211 -20
1992500 -20.0795 -20
1992600 -20.0203 -20
1992700 -20.3596 -20
1992800 -20.5794 -20
1992900 -20.2987 -20
1993000 -20.2895 -20
1993100 -19.981 -20
1993200 -19.63 -20
1993300 -19.3581 -20
1993400 -19.5869 -20
1993500 -19.3913 -20
1993600 -19.3868 -20
1993700 -19.8702 -20
1993800 -20.3536 -20
1993900 -20.5818 -20
1994000 -20.3962 -20
1994100 -20.6708 -20
1994200 -20.8419 -20
1994300 -20.6231 -20
1994400 -20.4189 -20
1994500 -20.0338 -20
1994600 -19.8489 -20
1994700 -19.9332 -20
1994800 -20.3826 -20
1994900 -20.358 -20
1995000 -20.2867 -20
1995100 -20.1794 -20
1995200 -20.2663 -20
1995300 -19.9161 -20
1995400 -19.9094 -20
1995500 -19.8984 -20
1995600 -20.2795 -20
1995700 -20.347 -20
1995800 -19.8774 -20
1995900 -19.4378 -20
1996000 -19.4462 -20
1996100 -19.5035 -20
1996200 -19.3467 -20
1996300 -19.5493 -20
1996400 -19.7527 -20
1996500 -19.8975 -20
1996600 -19.7784 -20
1996700 -19.7542 -20
1996800 -19.9471 -20
1996900 -20.0433 -20
1997000 -19.7134 -20
1997100 -19.5278 -20
1997200 -19.4663 -20
1997300 -19.2884 -20
1997400 -19.3418 -20
1997500 -19.3429 -20
1997600 -19.4471 -20
1997700 -19.4446 -20
1997800 -19.7483 -20
1997900 -20.3282 -20
1998000 -20.8562 -20
1998100 -20.8794 -20
1998200 -20.7923 -20
1998300 -20.4296 -20
1998400 -20.2133 -20
1998500 -20.2816 -20
1998600 -20.236 -20
1998700 -20.0039 -20
1998800 -19.8129 -20
1998900 -19.6967 -20
1999000 -19.638 -20
1999100 -19.6466 -20
1999200 -19.6892 -20
1999300 -19.9787 -20
1999400 -20.138 -20
1999500 -20.3425 -20
1999600 -20.4745 -20
1999700 -20.5035 -20
1999800 -20.4415 -20
1999900 -20.2373 -20
2000000 -19.9949 -20
