# Time-averaged data for fix myat1
# TimeStep v_xave v_xdes
13800100 10.3041 10
13800200 10.0829 10
13800300 10.006 10
13800400 9.93079 10
13800500 10.1765 10
13800600 10.3828 10
13800700 10.4203 10
13800800 10.1495 10
13800900 9.7155 10
13801000 9.74456 10
13801100 9.66913 10
13801200 9.65128 10
13801300 9.97386 10
13801400 10.4717 10
13801500 10.7127 10
13801600 10.814 10
13801700 10.5561 10
13801800 10.5402 10
13801900 10.4388 10
13802000 10.1878 10
13802100 10.2791 10
13802200 10.3474 10
13802300 10.4816 10
13802400 10.7443 10
13802500 10.5926 10
13802600 10.2122 10
13802700 10.0518 10
13802800 9.90882 10
13802900 9.81004 10
13803000 10.0271 10
13803100 10.0478 10
13803200 10.209 10
13803300 10.3541 10
13803400 10.3702 10
13803500 10.3959 10
13803600 10.1346 10
13803700 9.87801 10
13803800 9.05528 10
13803900 8.62267 10
13804000 8.88464 10
13804100 9.5203 10
13804200 9.75257 10
13804300 10.077 10
13804400 10.3819 10
13804500 10.4372 10
13804600 10.4389 10
13804700 10.5322 10
13804800 10.5522 10
13804900 10.4825 10
13805000 10.2643 10
13805100 9.88294 10
13805200 9.84896 10
13805300 10.1224 10
13805400 10.4225 10
13805500 10.2558 10
13805600 10.0454 10
13805700 10.1171 10
13805800 10.235 10
13805900 10.0254 10
13806000 9.8256 10
13806100 9.89765 10
13806200 9.97274 10
13806300 10.0615 10
13806400 9.84116 10
13806500 9.48982 10
13806600 9.27441 10
13806700 9.23577 10
13806800 9.55611 10
13806900 9.92128 10
13807000 9.88018 10
13807100 9.54638 10
13807200 9.3056 10
13807300 9.46106 10
13807400 9.82868 10
13807500 10.0626 10
13807600 9.87524 10
13807700 9.60667 10
13807800 9.78682 10
13807900 10.0955 10
13808000 10.0553 10
13808100 9.972 10
13808200 10.2412 10
13808300 10.1232 10
13808400 10.0313 10
13808500 10.1684 10
13808600 9.88021 10
13808700 9.38647 10
13808800 9.26749 10
13808900 9.32704 10
13809000 9.65712 10
13809100 9.92603 10
13809200 9.98593 10
13809300 9.86775 10
13809400 10.1802 10
13809500 10.4242 10
13809600 10.5003 10
13809700 10.5698 10
13809800 10.6256 10
13809900 10.4148 10
13810000 10.2626 10
13810100 10.2533 10
13810200 10.14 10
13810300 10.3072 10
13810400 10.2977 10
13810500 10.5088 10
13810600 10.9136 10
13810700 11.3485 10
13810800 11.3346 10
13810900 10.8507 10
13811000 10.4818 10
13811100 10.3703 10
13811200 10.0177 10
13811300 9.75557 10
13811400 9.57436 10
13811500 9.70254 10
13811600 9.88796 10
13811700 9.87889 10
13811800 9.84426 10
13811900 9.79701 10
13812000 9.94583 10
13812100 9.95978 10
13812200 9.84548 10
13812300 9.73744 10
13812400 9.92741 10
13812500 9.84695 10
13812600 9.63474 10
13812700 9.50879 10
13812800 9.49892 10
13812900 9.39829 10
13813000 9.31328 10
13813100 9.55262 10
13813200 9.95835 10
13813300 10.1149 10
13813400 9.94569 10
13813500 9.84023 10
13813600 9.90316 10
13813700 10.0339 10
13813800 10.1545 10
13813900 10.1052 10
13814000 10.241 10
13814100 10.5066 10
13814200 10.6392 10
13814300 10.7976 10
13814400 10.6752 10
13814500 10.9616 10
13814600 10.672 10
13814700 10.265 10
13814800 10.2673 10
13814900 10.3215 10
13815000 9.97675 10
13815100 10.0738 10
13815200 10.1838 10
13815300 10.1077 10
13815400 10.471 10
13815500 10.4912 10
13815600 9.971 10
13815700 9.85051 10
13815800 10.1453 10
13815900 9.98665 10
13816000 9.9127 10
13816100 10.06 10
13816200 9.88574 10
13816300 10.076 10
13816400 10.0906 10
13816500 10.1469 10
13816600 10.291 10
13816700 10.3373 10
13816800 10.3387 10
13816900 10.3444 10
13817000 10.4807 10
13817100 10.513 10
13817200 10.6451 10
13817300 10.818 10
13817400 10.5545 10
13817500 10.1574 10
13817600 10.2807 10
13817700 10.2519 10
13817800 9.81171 10
13817900 9.53098 10
13818000 9.71696 10
13818100 9.99387 10
13818200 10.5251 10
13818300 10.3692 10
13818400 10.1022 10
13818500 9.91835 10
13818600 9.67065 10
13818700 9.37391 10
13818800 9.37823 10
13818900 9.2199 10
13819000 9.45662 10
13819100 9.54091 10
13819200 9.38733 10
13819300 9.23646 10
13819400 9.15038 10
13819500 8.90395 10
13819600 8.69653 10
13819700 8.81109 10
13819800 9.17786 10
13819900 9.63271 10
13820000 9.90019 10
13820100 10.1775 10
13820200 10.347 10
13820300 10.3907 10
13820400 10.2151 10
13820500 9.95694 10
13820600 9.96094 10
13820700 9.98392 10
13820800 10.0462 10
13820900 9.7926 10
13821000 9.88359 10
13821100 10.0723 10
13821200 10.2599 10
13821300 10.3295 10
13821400 10.2071 10
13821500 10.3157 10
13821600 10.0279 10
13821700 9.83676 10
13821800 9.60429 10
13821900 9.75592 10
13822000 9.7968 10
13822100 9.99388 10
13822200 9.84974 10
13822300 9.51108 10
13822400 9.46522 10
13822500 9.55475 10
13822600 9.66292 10
13822700 9.84738 10
13822800 10.0263 10
13822900 10.249 10
13823000 10.2734 10
13823100 9.99033 10
13823200 9.96963 10
13823300 10.0949 10
13823400 10.0623 10
13823500 9.88898 10
13823600 9.69444 10
13823700 9.92623 10
13823800 10.2527 10
13823900 10.2175 10
13824000 10.2381 10
13824100 10.0628 10
13824200 10.0524 10
13824300 10.0097 10
13824400 9.98137 10
13824500 10.1119 10
13824600 10.3234 10
13824700 10.5716 10
13824800 10.4774 10
13824900 9.99684 10
13825000 9.92716 10
13825100 9.68275 10
13825200 9.48319 10
13825300 9.87499 10
13825400 10.1348 10
13825500 10.1066 10
13825600 10.0009 10
13825700 9.76378 10
13825800 9.63305 10
13825900 9.71435 10
13826000 9.71289 10
13826100 9.66086 10
13826200 9.61609 10
13826300 9.5705 10
13826400 9.62398 10
13826500 9.70007 10
13826600 10.2388 10
13826700 10.7518 10
13826800 10.7199 10
13826900 10.6806 10
13827000 10.532 10
13827100 10.5146 10
13827200 10.2691 10
13827300 10.1058 10
13827400 10.0886 10
13827500 9.75094 10
13827600 9.68324 10
13827700 9.59405 10
13827800 9.94698 10
13827900 10.2822 10
13828000 10.4234 10
13828100 10.231 10
13828200 10.48 10
13828300 10.6418 10
13828400 10.6545 10
13828500 10.5058 10
13828600 10.3806 10
13828700 10.0958 10
13828800 10.2274 10
13828900 10.1522 10
13829000 9.86165 10
13829100 9.91357 10
13829200 10.0403 10
13829300 10.3101 10
13829400 10.6131 10
13829500 10.7399 10
13829600 10.7984 10
13829700 10.8186 10
13829800 10.8764 10
13829900 10.664 10
13830000 10.2949 10
13830100 10.2547 10
13830200 10.3407 10
13830300 10.1966 10
13830400 9.99754 10
13830500 10.4332 10
13830600 10.6077 10
13830700 10.4257 10
13830800 10.2056 10
13830900 10.0389 10
13831000 9.76662 10
13831100 9.67617 10
13831200 9.88529 10
13831300 9.63709 10
13831400 9.32459 10
13831500 9.29175 10
13831600 9.15579 10
13831700 9.08396 10
13831800 8.97025 10
13831900 9.14461 10
13832000 9.41641 10
13832100 9.56959 10
13832200 9.28706 10
13832300 9.20443 10
13832400 8.9929 10
13832500 8.91239 10
13832600 8.95516 10
13832700 8.96137 10
13832800 9.1228 10
13832900 9.54955 10
13833000 9.73039 10
13833100 9.93717 10
13833200 10.0087 10
13833300 9.73194 10
13833400 9.40258 10
13833500 9.15905 10
13833600 9.18142 10
13833700 9.24036 10
13833800 9.52948 10
13833900 9.7658 10
13834000 9.76095 10
13834100 9.6202 10
13834200 9.39754 10
13834300 9.35989 10
13834400 9.80276 10
13834500 9.97658 10
13834600 10.241 10
13834700 10.3313 10
13834800 9.98758 10
13834900 9.95108 10
13835000 10.1385 10
13835100 10.3268 10
13835200 10.2401 10
13835300 9.87051 10
13835400 9.67571 10
13835500 9.7963 10
13835600 9.95156 10
13835700 10.0547 10
13835800 10.046 10
13835900 10.0638 10
13836000 10.195 10
13836100 10.3903 10
13836200 10.3803 10
13836300 10.2305 10
13836400 10.0015 10
13836500 9.63463 10
13836600 9.47468 10
13836700 9.56529 10
13836800 9.81012 10
13836900 10.0772 10
13837000 10.4641 10
13837100 10.7288 10
13837200 10.883 10
13837300 10.9728 10
13837400 10.424 10
13837500 10.2306 10
13837600 10.1297 10
13837700 10.0844 10
13837800 10.5253 10
13837900 10.6784 10
13838000 10.4533 10
13838100 10.3009 10
13838200 10.0487 10
13838300 10.0198 10
13838400 10.2087 10
13838500 10.1486 10
13838600 10.1843 10
13838700 10.6713 10
13838800 10.8294 10
13838900 10.2788 10
13839000 9.81302 10
13839100 9.63963 10
13839200 9.88918 10
13839300 9.90502 10
13839400 9.47004 10
13839500 9.52187 10
13839600 9.4542 10
13839700 9.71361 10
13839800 10.2672 10
13839900 10.3693 10
13840000 10.4573 10
13840100 10.5065 10
13840200 10.1517 10
13840300 10.1684 10
13840400 10.3191 10
13840500 10.1131 10
13840600 9.75185 10
13840700 9.53462 10
13840800 9.61057 10
13840900 9.68063 10
13841000 9.42442 10
13841100 9.73767 10
13841200 10.3672 10
13841300 10.6172 10
13841400 10.6126 10
13841500 10.4145 10
13841600 10.3176 10
13841700 9.88845 10
13841800 9.32036 10
13841900 9.01927 10
13842000 8.8761 10
13842100 9.03259 10
13842200 9.07625 10
13842300 9.09649 10
13842400 9.28098 10
13842500 9.32593 10
13842600 9.70024 10
13842700 9.76537 10
13842800 9.74072 10
13842900 9.58664 10
13843000 9.73932 10
13843100 10.1497 10
13843200 10.1957 10
13843300 10.0215 10
13843400 10.1023 10
13843500 9.86892 10
13843600 9.81346 10
13843700 9.62285 10
13843800 9.67357 10
13843900 9.76215 10
13844000 9.92997 10
13844100 9.91182 10
13844200 9.82147 10
13844300 10.2186 10
13844400 10.2367 10
13844500 10.3207 10
13844600 10.4027 10
13844700 10.3484 10
13844800 10.0996 10
13844900 10.1891 10
13845000 10.1496 10
13845100 9.81216 10
13845200 9.56003 10
13845300 9.99386 10
13845400 10.3814 10
13845500 10.2591 10
13845600 10.1623 10
13845700 10.0455 10
13845800 10.3366 10
13845900 10.2431 10
13846000 9.89197 10
13846100 9.49372 10
13846200 9.43496 10
13846300 9.42469 10
13846400 9.48618 10
13846500 9.63893 10
13846600 9.93673 10
13846700 9.50635 10
13846800 9.42589 10
13846900 9.89451 10
13847000 10.1627 10
13847100 10.2816 10
13847200 10.082 10
13847300 10.1283 10
13847400 10.1958 10
13847500 10.2117 10
13847600 10.2963 10
13847700 10.0962 10
13847800 9.88413 10
13847900 9.99508 10
13848000 10.3541 10
13848100 10.7654 10
13848200 10.913 10
13848300 11.0477 10
13848400 10.8386 10
13848500 10.2765 10
13848600 10.0548 10
13848700 9.77692 10
13848800 9.64369 10
13848900 9.73827 10
13849000 9.95021 10
13849100 10.0786 10
13849200 10.3664 10
13849300 10.5122 10
13849400 10.4801 10
13849500 9.95367 10
13849600 9.67116 10
13849700 9.70011 10
13849800 9.67797 10
13849900 9.55939 10
13850000 9.63928 10
13850100 9.55855 10
13850200 9.67189 10
13850300 10.1641 10
13850400 10.3648 10
13850500 10.2638 10
13850600 10.315 10
13850700 10.2533 10
13850800 9.97137 10
13850900 10.1655 10
13851000 10.0519 10
13851100 10.0796 10
13851200 10.4023 10
13851300 10.8665 10
13851400 10.8245 10
13851500 10.4454 10
13851600 10.581 10
13851700 10.3524 10
13851800 10.0995 10
13851900 10.2109 10
13852000 10.2964 10
13852100 10.2171 10
13852200 10.144 10
13852300 9.86996 10
13852400 9.72788 10
13852500 9.79243 10
13852600 10.0061 10
13852700 10.1052 10
13852800 10.2691 10
13852900 10.559 10
13853000 10.5238 10
13853100 10.1937 10
13853200 10.0249 10
13853300 9.94621 10
13853400 9.95815 10
13853500 10.2318 10
13853600 10.3011 10
13853700 10.3221 10
13853800 10.3167 10
13853900 10.3826 10
13854000 10.041 10
13854100 9.67996 10
13854200 9.47122 10
13854300 9.73651 10
13854400 10.1104 10
13854500 10.1093 10
13854600 9.56563 10
13854700 9.20093 10
13854800 9.24377 10
13854900 9.56775 10
13855000 9.7471 10
13855100 10.0593 10
13855200 10.2513 10
13855300 10.2527 10
13855400 9.98098 10
13855500 9.79545 10
13855600 10.0389 10
13855700 10.4793 10
13855800 10.7923 10
13855900 10.8921 10
13856000 10.7052 10
13856100 10.4977 10
13856200 10.2273 10
13856300 9.86779 10
13856400 9.97206 10
13856500 9.77202 10
13856600 9.56628 10
13856700 9.5644 10
13856800 9.42433 10
13856900 9.38565 10
13857000 9.38513 10
13857100 9.75454 10
13857200 9.77107 10
13857300 9.61914 10
13857400 9.71301 10
13857500 9.85848 10
13857600 9.96339 10
13857700 10.3468 10
13857800 10.3764 10
13857900 10.1445 10
13858000 9.94706 10
13858100 9.89479 10
13858200 9.79567 10
13858300 9.61285 10
13858400 9.6092 10
13858500 9.70651 10
13858600 9.87352 10
13858700 10.2047 10
13858800 10.3391 10
13858900 10.5183 10
13859000 10.4336 10
13859100 10.3731 10
13859200 10.1767 10
13859300 10.2175 10
13859400 9.77956 10
13859500 9.57429 10
13859600 9.70369 10
13859700 9.82913 10
13859800 9.78901 10
13859900 9.9358 10
13860000 9.69046 10
13860100 9.34473 10
13860200 9.44136 10
13860300 9.77395 10
13860400 10.0516 10
13860500 10.4422 10
13860600 10.4691 10
13860700 10.4708 10
13860800 10.2385 10
13860900 10.138 10
13861000 9.99639 10
13861100 10.0383 10
13861200 9.85377 10
13861300 9.76272 10
13861400 9.71598 10
13861500 10.1125 10
13861600 10.2568 10
13861700 10.1094 10
13861800 9.93932 10
13861900 9.81044 10
13862000 9.742 10
13862100 9.97669 10
13862200 10.0017 10
13862300 10.1809 10
13862400 10.2351 10
13862500 9.74355 10
13862600 9.57182 10
13862700 10.0356 10
13862800 10.4488 10
13862900 10.4942 10
13863000 10.328 10
13863100 10.4066 10
13863200 10.2902 10
13863300 10.2341 10
13863400 10.078 10
13863500 9.89389 10
13863600 9.96506 10
13863700 10.0663 10
13863800 10.1189 10
13863900 10.1266 10
13864000 10.0339 10
13864100 10.2461 10
13864200 10.5425 10
13864300 10.345 10
13864400 10.1544 10
13864500 9.96826 10
13864600 9.85744 10
13864700 9.76383 10
13864800 9.83315 10
13864900 9.86538 10
13865000 9.80687 10
13865100 9.70057 10
13865200 9.65315 10
13865300 10.1545 10
13865400 10.4498 10
13865500 10.3611 10
13865600 10.456 10
13865700 10.8244 10
13865800 10.8407 10
13865900 10.447 10
13866000 10.206 10
13866100 9.94983 10
13866200 9.68738 10
13866300 9.5591 10
13866400 9.57888 10
13866500 9.85151 10
13866600 9.98574 10
13866700 10.1574 10
13866800 10.2984 10
13866900 10.0976 10
13867000 9.97267 10
13867100 10.0865 10
13867200 10.0446 10
13867300 10.193 10
13867400 10.1417 10
13867500 10.2307 10
13867600 10.4905 10
13867700 10.4489 10
13867800 10.489 10
13867900 9.95918 10
13868000 9.85575 10
13868100 9.80466 10
13868200 9.69213 10
13868300 9.69461 10
13868400 9.79037 10
13868500 9.68659 10
13868600 9.66201 10
13868700 9.79376 10
13868800 10.1838 10
13868900 10.3362 10
13869000 10.3704 10
13869100 10.3725 10
13869200 10.4512 10
13869300 10.3651 10
13869400 10.3268 10
13869500 10.7385 10
13869600 10.4767 10
13869700 10.1767 10
13869800 9.90954 10
13869900 10.0979 10
13870000 10.1743 10
13870100 9.94177 10
13870200 9.83184 10
13870300 9.97757 10
13870400 9.73194 10
13870500 9.80356 10
13870600 9.74115 10
13870700 9.4981 10
13870800 9.78479 10
13870900 9.91084 10
13871000 10.0952 10
13871100 10.2389 10
13871200 9.9948 10
13871300 9.84776 10
13871400 9.7459 10
13871500 9.85627 10
13871600 9.57896 10
13871700 9.36858 10
13871800 9.41317 10
13871900 9.27525 10
13872000 9.26792 10
13872100 9.48369 10
13872200 9.72258 10
13872300 9.88378 10
13872400 9.94993 10
13872500 10.186 10
13872600 10.4504 10
13872700 10.5257 10
13872800 10.5189 10
13872900 10.6192 10
13873000 10.0545 10
13873100 9.37994 10
13873200 9.25888 10
13873300 9.46899 10
13873400 9.52864 10
13873500 9.771 10
13873600 9.95307 10
13873700 9.59901 10
13873800 9.5069 10
13873900 9.62863 10
13874000 9.90762 10
13874100 9.85158 10
13874200 9.94952 10
13874300 10.1526 10
13874400 10.317 10
13874500 10.179 10
13874600 10.1158 10
13874700 10.3654 10
13874800 10.2272 10
13874900 10.2674 10
13875000 10.4977 10
13875100 10.7049 10
13875200 10.6119 10
13875300 10.5142 10
13875400 11.0002 10
13875500 10.9051 10
13875600 10.549 10
13875700 10.5267 10
13875800 10.2227 10
13875900 10.1404 10
13876000 10.3482 10
13876100 10.3642 10
13876200 10.0284 10
13876300 9.86611 10
13876400 9.87682 10
13876500 10.0969 10
13876600 10.1018 10
13876700 10.0016 10
13876800 9.86706 10
13876900 9.83336 10
13877000 9.6935 10
13877100 9.77816 10
13877200 9.70456 10
13877300 10.0352 10
13877400 10.3458 10
13877500 10.3974 10
13877600 10.3733 10
13877700 9.96765 10
13877800 9.84932 10
13877900 9.62436 10
13878000 9.42061 10
13878100 9.47874 10
13878200 9.67429 10
13878300 9.8218 10
13878400 9.98308 10
13878500 9.88038 10
13878600 9.84481 10
13878700 10.1854 10
13878800 10.2882 10
13878900 10.2621 10
13879000 10.474 10
13879100 10.5154 10
13879200 10.311 10
13879300 10.3125 10
13879400 10.0122 10
13879500 9.7887 10
13879600 9.9095 10
13879700 9.82026 10
13879800 9.71419 10
13879900 9.44503 10
13880000 9.65799 10
13880100 9.7609 10
13880200 9.68002 10
13880300 9.61783 10
13880400 9.93314 10
13880500 10.6089 10
13880600 11.2059 10
13880700 11.1887 10
13880800 10.7829 10
13880900 10.4422 10
13881000 10.0623 10
13881100 10.1543 10
13881200 10.4127 10
13881300 10.5151 10
13881400 10.571 10
13881500 10.4402 10
13881600 10.2682 10
13881700 10.0212 10
13881800 9.8576 10
13881900 10.1936 10
13882000 10.63 10
13882100 10.6882 10
13882200 10.2965 10
13882300 10.1985 10
13882400 10.1774 10
13882500 10.1426 10
13882600 9.88921 10
13882700 10.1433 10
13882800 10.5061 10
13882900 10.6804 10
13883000 10.2794 10
13883100 9.88378 10
13883200 9.94827 10
13883300 9.82388 10
13883400 9.79004 10
13883500 9.91909 10
13883600 10.3649 10
13883700 10.4483 10
13883800 10.4646 10
13883900 10.5249 10
13884000 10.3489 10
13884100 10.2057 10
13884200 10.2708 10
13884300 10.1175 10
13884400 10.1745 10
13884500 9.93579 10
13884600 9.83197 10
13884700 9.88802 10
13884800 9.99907 10
13884900 10.2047 10
13885000 10.107 10
13885100 10.1183 10
13885200 9.8628 10
13885300 9.77069 10
13885400 9.77089 10
13885500 9.84049 10
13885600 9.86108 10
13885700 9.86838 10
13885800 9.97783 10
13885900 9.95352 10
13886000 9.82758 10
13886100 9.91179 10
13886200 10.0516 10
13886300 9.89809 10
13886400 9.54665 10
13886500 9.63455 10
13886600 9.77154 10
13886700 9.90494 10
13886800 10.0688 10
13886900 10.2413 10
13887000 10.2939 10
13887100 10.425 10
13887200 10.2106 10
13887300 9.90381 10
13887400 10.0113 10
13887500 10.0481 10
13887600 10.2839 10
13887700 10.5344 10
13887800 10.6123 10
13887900 10.7002 10
13888000 10.3982 10
13888100 10.2576 10
13888200 10.4583 10
13888300 10.1776 10
13888400 9.80779 10
13888500 9.8549 10
13888600 9.76338 10
13888700 9.57914 10
13888800 9.57856 10
13888900 9.8864 10
13889000 9.73274 10
13889100 9.51612 10
13889200 9.53489 10
13889300 9.56435 10
13889400 9.41545 10
13889500 9.7038 10
13889600 9.81727 10
13889700 9.84759 10
13889800 9.94402 10
13889900 9.93402 10
13890000 10.1203 10
13890100 10.332 10
13890200 10.3772 10
13890300 10.0677 10
13890400 9.7134 10
13890500 9.49461 10
13890600 9.67613 10
13890700 9.73228 10
13890800 9.6826 10
13890900 9.73272 10
13891000 9.77601 10
13891100 9.83536 10
13891200 9.9148 10
13891300 10.2547 10
13891400 10.0742 10
13891500 10.3667 10
13891600 10.4287 10
13891700 10.4036 10
13891800 10.3056 10
13891900 10.3278 10
13892000 10.2049 10
13892100 10.2616 10
13892200 10.5006 10
13892300 10.3104 10
13892400 9.92126 10
13892500 9.5867 10
13892600 9.8259 10
13892700 9.9356 10
13892800 10.031 10
13892900 10.0714 10
13893000 9.6794 10
13893100 9.28949 10
13893200 9.2799 10
13893300 9.50549 10
13893400 9.55554 10
13893500 9.19267 10
13893600 9.15133 10
13893700 9.54195 10
13893800 9.74379 10
13893900 9.89511 10
13894000 10.037 10
13894100 10.447 10
13894200 10.3367 10
13894300 10.1315 10
13894400 10.3016 10
13894500 10.4078 10
13894600 10.0049 10
13894700 10.0454 10
13894800 10.026 10
13894900 10.1151 10
13895000 10.0743 10
13895100 10.153 10
13895200 10.2458 10
13895300 10.0501 10
13895400 9.88887 10
13895500 9.72795 10
13895600 9.78033 10
13895700 10.203 10
13895800 10.1611 10
13895900 10.1223 10
13896000 9.92227 10
13896100 9.76098 10
13896200 9.96068 10
13896300 10.2716 10
13896400 9.99072 10
13896500 9.89504 10
13896600 10.0925 10
13896700 10.22 10
13896800 10.2714 10
13896900 10.0866 10
13897000 9.89828 10
13897100 9.89253 10
13897200 9.53603 10
13897300 9.1397 10
13897400 9.31314 10
13897500 9.56196 10
13897600 9.93183 10
13897700 10.2661 10
13897800 10.5068 10
13897900 10.5731 10
13898000 10.5586 10
13898100 10.3832 10
13898200 10.1048 10
13898300 9.72151 10
13898400 9.64623 10
13898500 9.65262 10
13898600 10.0255 10
13898700 10.1523 10
13898800 10.3096 10
13898900 10.1999 10
13899000 10.3292 10
13899100 10.2943 10
13899200 10.1128 10
13899300 9.96002 10
13899400 10.0581 10
13899500 10.4153 10
13899600 10.3532 10
13899700 10.2358 10
13899800 10.1561 10
13899900 10.1824 10
13900000 10.1838 10
13900100 9.76135 10
13900200 9.69954 10
13900300 9.85062 10
13900400 10.3061 10
13900500 10.5224 10
13900600 10.5021 10
13900700 10.2393 10
13900800 10.2092 10
13900900 10.2445 10
13901000 10.0046 10
13901100 9.71275 10
13901200 9.73313 10
13901300 10.2242 10
13901400 10.6374 10
13901500 10.6534 10
13901600 10.4803 10
13901700 10.6565 10
13901800 10.3576 10
13901900 10.012 10
13902000 9.73009 10
13902100 9.87942 10
13902200 9.91245 10
13902300 10.0822 10
13902400 10.3515 10
13902500 10.1609 10
13902600 9.68117 10
13902700 9.43529 10
13902800 9.44904 10
13902900 9.68034 10
13903000 9.82944 10
13903100 10.1257 10
13903200 10.166 10
13903300 10.5777 10
13903400 10.6213 10
13903500 10.5135 10
13903600 10.5064 10
13903700 10.1581 10
13903800 9.86426 10
13903900 9.80444 10
13904000 9.95006 10
13904100 10.0361 10
13904200 9.84837 10
13904300 9.81866 10
13904400 9.75896 10
13904500 9.78307 10
13904600 10.1114 10
13904700 10.4704 10
13904800 10.5461 10
13904900 10.8096 10
13905000 10.6279 10
13905100 10.2189 10
13905200 9.91347 10
13905300 9.96632 10
13905400 10.1136 10
13905500 10.0299 10
13905600 10.1268 10
13905700 10.2566 10
13905800 10.0809 10
13905900 10.1404 10
13906000 9.78481 10
13906100 9.76041 10
13906200 10.0937 10
13906300 10.2599 10
13906400 10.6284 10
13906500 10.9012 10
13906600 10.8864 10
13906700 10.3649 10
13906800 10.1138 10
13906900 10.0084 10
13907000 10.0185 10
13907100 9.82089 10
13907200 9.40099 10
13907300 9.34936 10
13907400 10.0938 10
13907500 10.2951 10
13907600 10.1315 10
13907700 10.3689 10
13907800 10.4076 10
13907900 10.308 10
13908000 10.3193 10
13908100 10.1457 10
13908200 10.1085 10
13908300 10.1788 10
13908400 10.3334 10
13908500 10.063 10
13908600 10.1479 10
13908700 10.0893 10
13908800 10.0501 10
13908900 10.0286 10
13909000 9.86548 10
13909100 9.99915 10
13909200 10.2534 10
13909300 10.6991 10
13909400 10.6516 10
13909500 10.4397 10
13909600 10.2637 10
13909700 10.3938 10
13909800 10.1412 10
13909900 10.0579 10
13910000 10.2234 10
13910100 10.3004 10
13910200 10.0943 10
13910300 10.124 10
13910400 10.2463 10
13910500 10.2512 10
13910600 10.4505 10
13910700 10.2036 10
13910800 9.78642 10
13910900 10.0433 10
13911000 10.1214 10
13911100 10.0996 10
13911200 10.3377 10
13911300 10.2966 10
13911400 10.3378 10
13911500 10.3915 10
13911600 10.0837 10
13911700 9.87078 10
13911800 9.72214 10
13911900 9.73998 10
13912000 9.69466 10
13912100 9.73533 10
13912200 9.8475 10
13912300 9.70414 10
13912400 9.85695 10
13912500 9.84059 10
13912600 10.0662 10
13912700 10.1478 10
13912800 10.1172 10
13912900 9.86866 10
13913000 9.87042 10
13913100 9.87666 10
13913200 10.0912 10
13913300 10.3511 10
13913400 10.3765 10
13913500 10.2534 10
13913600 9.88995 10
13913700 9.77667 10
13913800 10.0201 10
13913900 10.1621 10
13914000 10.0535 10
13914100 9.7582 10
13914200 9.67194 10
13914300 9.3758 10
13914400 9.57388 10
13914500 9.66173 10
13914600 9.84293 10
13914700 9.92386 10
13914800 10.4097 10
13914900 10.289 10
13915000 10.1415 10
13915100 10.0172 10
13915200 9.63576 10
13915300 9.39495 10
13915400 9.82369 10
13915500 10.166 10
13915600 10.2898 10
13915700 10.3203 10
13915800 10.3463 10
13915900 9.94466 10
13916000 9.73747 10
13916100 9.72266 10
13916200 10.1861 10
13916300 10.357 10
13916400 10.2042 10
13916500 10.5954 10
13916600 10.785 10
13916700 10.4925 10
13916800 10.4654 10
13916900 10.2557 10
13917000 10.4507 10
13917100 10.5044 10
13917200 10.223 10
13917300 10.2021 10
13917400 10.532 10
13917500 10.6214 10
13917600 10.1054 10
13917700 9.91008 10
13917800 10.0375 10
13917900 10.3383 10
13918000 10.5273 10
13918100 10.4343 10
13918200 10.1551 10
13918300 9.95237 10
13918400 10.1199 10
13918500 10.2343 10
13918600 10.0381 10
13918700 9.98838 10
13918800 10.0072 10
13918900 10.1604 10
13919000 10.2815 10
13919100 10.2215 10
13919200 10.0342 10
13919300 10.1642 10
13919400 10.5368 10
13919500 10.6494 10
13919600 10.7935 10
13919700 10.6424 10
13919800 10.2647 10
13919900 9.99197 10
13920000 10.1226 10
13920100 10.0216 10
13920200 9.64328 10
13920300 9.42038 10
13920400 9.61376 10
13920500 9.81855 10
13920600 9.76304 10
13920700 9.77775 10
13920800 9.6484 10
13920900 9.5077 10
13921000 9.83246 10
13921100 9.80028 10
13921200 9.59417 10
13921300 9.80367 10
13921400 10.2836 10
13921500 10.6811 10
13921600 10.6032 10
13921700 10.5468 10
13921800 10.4857 10
13921900 10.3497 10
13922000 10.3552 10
13922100 10.6439 10
13922200 10.8192 10
13922300 10.7787 10
13922400 10.6724 10
13922500 10.5528 10
13922600 10.3575 10
13922700 10.2279 10
13922800 10.1077 10
13922900 10.1947 10
13923000 10.3074 10
13923100 10.3183 10
13923200 10.0388 10
13923300 10.0396 10
13923400 10.1258 10
13923500 10.0347 10
13923600 10.3149 10
13923700 10.4303 10
13923800 10.5115 10
13923900 10.4472 10
13924000 10.6713 10
13924100 10.4956 10
13924200 10.0478 10
13924300 10.0967 10
13924400 9.96963 10
13924500 10.1022 10
13924600 10.269 10
13924700 10.3366 10
13924800 10.0806 10
13924900 10.0081 10
13925000 9.81543 10
13925100 9.76722 10
13925200 10.0155 10
13925300 10.3539 10
13925400 10.4956 10
13925500 10.4648 10
13925600 10.3585 10
13925700 10.2909 10
13925800 10.1874 10
13925900 10.3249 10
13926000 10.5027 10
13926100 10.4706 10
13926200 10.4271 10
13926300 10.0525 10
13926400 9.81318 10
13926500 9.83466 10
13926600 9.67765 10
13926700 9.4325 10
13926800 9.21959 10
13926900 9.49842 10
13927000 9.82432 10
13927100 9.9996 10
13927200 10.0837 10
13927300 10.2359 10
13927400 10.3144 10
13927500 10.4266 10
13927600 10.3287 10
13927700 10.2019 10
13927800 10.1416 10
13927900 10.1135 10
13928000 10.174 10
13928100 9.88481 10
13928200 9.76538 10
13928300 9.69001 10
13928400 9.70066 10
13928500 9.84481 10
13928600 9.96574 10
13928700 9.99983 10
13928800 10.0651 10
13928900 9.88728 10
13929000 9.97584 10
13929100 10.0158 10
13929200 9.68452 10
13929300 9.81593 10
13929400 10.24 10
13929500 10.158 10
13929600 9.96802 10
13929700 9.91644 10
13929800 10.0697 10
13929900 10.2969 10
13930000 9.95704 10
13930100 9.67807 10
13930200 9.60545 10
13930300 9.51989 10
13930400 9.5371 10
13930500 9.59117 10
13930600 9.58705 10
13930700 9.72129 10
13930800 10.1002 10
13930900 10.1534 10
13931000 10.0307 10
13931100 9.98526 10
13931200 9.75611 10
13931300 9.43247 10
13931400 9.78887 10
13931500 10.0927 10
13931600 10.1223 10
13931700 9.96455 10
13931800 9.54009 10
13931900 8.99975 10
13932000 9.17431 10
13932100 9.5278 10
13932200 9.93976 10
13932300 9.98693 10
13932400 9.73099 10
13932500 9.66635 10
13932600 9.66045 10
13932700 9.84747 10
13932800 10.0449 10
13932900 9.9908 10
13933000 10.2274 10
13933100 10.1723 10
13933200 10.0392 10
13933300 10.3447 10
13933400 10.7889 10
13933500 10.9363 10
13933600 10.7864 10
13933700 10.4922 10
13933800 10.3715 10
13933900 10.578 10
13934000 10.529 10
13934100 10.2508 10
13934200 10.0252 10
13934300 10.1458 10
13934400 10.0687 10
13934500 9.88565 10
13934600 9.9659 10
13934700 10.1286 10
13934800 10.3056 10
13934900 10.4686 10
13935000 10.4849 10
13935100 10.5598 10
13935200 10.8091 10
13935300 10.5063 10
13935400 10.1657 10
13935500 10.0377 10
13935600 10.0905 10
13935700 9.96002 10
13935800 9.80655 10
13935900 9.88104 10
13936000 9.88299 10
13936100 10.0253 10
13936200 10.3685 10
13936300 10.3269 10
13936400 10.2934 10
13936500 10.3472 10
13936600 9.93247 10
13936700 9.79977 10
13936800 9.75058 10
13936900 9.68612 10
13937000 10.0374 10
13937100 10.2256 10
13937200 10.198 10
13937300 10.2789 10
13937400 10.2628 10
13937500 10.2027 10
13937600 10.1659 10
13937700 10.139 10
13937800 9.93044 10
13937900 9.89724 10
13938000 9.72302 10
13938100 9.80931 10
13938200 9.96303 10
13938300 9.89238 10
13938400 9.92537 10
13938500 10.0714 10
13938600 9.90356 10
13938700 9.71201 10
13938800 9.82494 10
13938900 10.1466 10
13939000 10.0238 10
13939100 9.94482 10
13939200 10.0875 10
13939300 10.053 10
13939400 9.90115 10
13939500 9.91929 10
13939600 10.1445 10
13939700 10.1293 10
13939800 10.2732 10
13939900 10.1335 10
13940000 10.1638 10
13940100 10.1786 10
13940200 10.2093 10
13940300 10.4545 10
13940400 10.6864 10
13940500 10.9347 10
13940600 10.9263 10
13940700 10.7987 10
13940800 10.2935 10
13940900 10.1753 10
13941000 10.1794 10
13941100 9.89257 10
13941200 10.049 10
13941300 10.0169 10
13941400 9.91679 10
13941500 9.63114 10
13941600 9.53744 10
13941700 9.4825 10
13941800 9.49025 10
13941900 9.93291 10
13942000 10.1162 10
13942100 10.0059 10
13942200 10.2674 10
13942300 10.4457 10
13942400 10.5591 10
13942500 10.4344 10
13942600 10.2753 10
13942700 10.1704 10
13942800 10.0528 10
13942900 10.023 10
13943000 9.81632 10
13943100 9.443 10
13943200 9.10545 10
13943300 9.01889 10
13943400 8.98577 10
13943500 9.22126 10
13943600 9.75157 10
13943700 10.1603 10
13943800 10.1822 10
13943900 10.1032 10
13944000 10.1676 10
13944100 10.3 10
13944200 10.0733 10
13944300 9.88922 10
13944400 9.83306 10
13944500 9.83963 10
13944600 9.64957 10
13944700 9.81705 10
13944800 10.0672 10
13944900 10.0725 10
13945000 9.82701 10
13945100 9.50979 10
13945200 9.65831 10
13945300 9.70373 10
13945400 9.8354 10
13945500 10.0654 10
13945600 10.1466 10
13945700 9.9018 10
13945800 9.98874 10
13945900 10.24 10
13946000 10.2098 10
13946100 10.1444 10
13946200 9.99835 10
13946300 10.2265 10
13946400 10.2136 10
13946500 9.982 10
13946600 9.77998 10
13946700 9.72934 10
13946800 9.65913 10
13946900 9.45269 10
13947000 9.29178 10
13947100 9.30957 10
13947200 9.84298 10
13947300 10.1897 10
13947400 10.3128 10
13947500 10.3217 10
13947600 10.5575 10
13947700 10.4592 10
13947800 10.2492 10
13947900 10.0051 10
13948000 9.95106 10
13948100 9.85997 10
13948200 10.2136 10
13948300 10.3224 10
13948400 10.1515 10
13948500 9.9592 10
13948600 10.0034 10
13948700 10.1703 10
13948800 10.0657 10
13948900 10.3693 10
13949000 10.7536 10
13949100 10.6897 10
13949200 10.495 10
13949300 10.2143 10
13949400 10.2412 10
13949500 10.3093 10
13949600 10.2413 10
13949700 10.1692 10
13949800 10.1068 10
13949900 9.96466 10
13950000 9.87536 10
13950100 10.0425 10
13950200 10.1282 10
13950300 9.91034 10
13950400 9.69639 10
13950500 9.83733 10
13950600 9.75503 10
13950700 9.79045 10
13950800 9.9784 10
13950900 10.4076 10
13951000 10.6146 10
13951100 10.5542 10
13951200 10.3854 10
13951300 9.96139 10
13951400 10.1729 10
13951500 10.4267 10
13951600 10.2099 10
13951700 10.2585 10
13951800 10.2439 10
13951900 10.2588 10
13952000 10.1096 10
13952100 10.1786 10
13952200 10.1803 10
13952300 10.4809 10
13952400 10.4294 10
13952500 10.213 10
13952600 10.449 10
13952700 10.2605 10
13952800 10.0676 10
13952900 10.0754 10
13953000 10.1834 10
13953100 10.3346 10
13953200 10.1477 10
13953300 9.99772 10
13953400 10.0423 10
13953500 9.72073 10
13953600 9.67269 10
13953700 9.6903 10
13953800 9.8192 10
13953900 9.94226 10
13954000 9.99893 10
13954100 9.93833 10
13954200 9.96024 10
13954300 9.88182 10
13954400 9.77287 10
13954500 9.69232 10
13954600 9.78341 10
13954700 9.616 10
13954800 9.66054 10
13954900 9.82159 10
13955000 9.88761 10
13955100 10.0409 10
13955200 9.76762 10
13955300 9.5523 10
13955400 9.88347 10
13955500 9.99158 10
13955600 9.80869 10
13955700 9.99991 10
13955800 10.3949 10
13955900 10.3934 10
13956000 10.5241 10
13956100 10.5676 10
13956200 10.4923 10
13956300 10.2461 10
13956400 9.76815 10
13956500 9.67448 10
13956600 9.70467 10
13956700 9.58127 10
13956800 9.55926 10
13956900 9.60086 10
13957000 9.92371 10
13957100 10.2687 10
13957200 10.1699 10
13957300 10.0857 10
13957400 10.3366 10
13957500 10.1202 10
13957600 9.83489 10
13957700 9.64788 10
13957800 9.78634 10
13957900 9.92234 10
13958000 9.8889 10
13958100 9.88829 10
13958200 10.1734 10
13958300 10.476 10
13958400 10.214 10
13958500 9.81705 10
13958600 9.35869 10
13958700 9.35294 10
13958800 9.30837 10
13958900 9.84207 10
13959000 10.0071 10
13959100 10.019 10
13959200 10.0091 10
13959300 10.1095 10
13959400 10.3299 10
13959500 10.6417 10
13959600 10.8218 10
13959700 10.5509 10
13959800 10.4231 10
13959900 10.4221 10
13960000 10.4081 10
13960100 10.6455 10
13960200 10.4 10
13960300 10.3425 10
13960400 10.3648 10
13960500 10.2718 10
13960600 10.1248 10
13960700 10.1713 10
13960800 10.4376 10
13960900 10.708 10
13961000 10.6845 10
13961100 10.6308 10
13961200 10.3304 10
13961300 9.90926 10
13961400 9.94894 10
13961500 10.071 10
13961600 10.1097 10
13961700 9.87924 10
13961800 9.67639 10
13961900 9.57986 10
13962000 9.74303 10
13962100 9.85893 10
13962200 9.84631 10
13962300 10.3477 10
13962400 10.1919 10
13962500 10.0148 10
13962600 9.9935 10
13962700 10.0271 10
13962800 9.75221 10
13962900 9.52106 10
13963000 9.32855 10
13963100 9.49113 10
13963200 9.83595 10
13963300 10.2612 10
13963400 10.3779 10
13963500 10.6802 10
13963600 10.7201 10
13963700 10.6856 10
13963800 10.525 10
13963900 10.2299 10
13964000 10.071 10
13964100 10.0074 10
13964200 10.1183 10
13964300 10.2585 10
13964400 10.1698 10
13964500 10.1376 10
13964600 10.0446 10
13964700 10.0516 10
13964800 10.0919 10
13964900 9.73965 10
13965000 9.536 10
13965100 9.37995 10
13965200 9.15489 10
13965300 9.09767 10
13965400 9.15699 10
13965500 9.56683 10
13965600 9.72817 10
13965700 9.51711 10
13965800 9.41796 10
13965900 9.90757 10
13966000 10.2701 10
13966100 10.5122 10
13966200 10.5581 10
13966300 10.2957 10
13966400 10.3712 10
13966500 10.289 10
13966600 10.2563 10
13966700 10.2116 10
13966800 10.1179 10
13966900 9.9004 10
13967000 9.82873 10
13967100 9.78165 10
13967200 9.81036 10
13967300 10.0711 10
13967400 10.0682 10
13967500 10.0048 10
13967600 10.0558 10
13967700 9.7806 10
13967800 9.98675 10
13967900 10.1731 10
13968000 10.2936 10
13968100 10.5525 10
13968200 10.6125 10
13968300 10.4841 10
13968400 10.3908 10
13968500 10.2034 10
13968600 10.3648 10
13968700 10.5971 10
13968800 10.3589 10
13968900 10.3141 10
13969000 10.2031 10
13969100 9.89557 10
13969200 10.1143 10
13969300 10.4961 10
13969400 10.5265 10
13969500 10.1101 10
13969600 10.0497 10
13969700 10.0769 10
13969800 10.0013 10
13969900 9.92148 10
13970000 9.86873 10
13970100 9.65321 10
13970200 9.62519 10
13970300 9.50992 10
13970400 9.48448 10
13970500 9.30511 10
13970600 9.72912 10
13970700 10.0123 10
13970800 10.1323 10
13970900 10.179 10
13971000 10.3984 10
13971100 10.7892 10
13971200 10.6815 10
13971300 10.5204 10
13971400 10.4504 10
13971500 10.2539 10
13971600 10.0781 10
13971700 9.98206 10
13971800 10.363 10
13971900 10.5945 10
13972000 10.4678 10
13972100 10.5673 10
13972200 10.0974 10
13972300 9.63663 10
13972400 9.86939 10
13972500 10.1212 10
13972600 10.2752 10
13972700 10.4056 10
13972800 10.346 10
13972900 10.4825 10
13973000 10.4613 10
13973100 10.3836 10
13973200 10.4128 10
13973300 10.4423 10
13973400 10.3138 10
13973500 9.99748 10
13973600 9.94655 10
13973700 9.98265 10
13973800 10.0942 10
13973900 9.99489 10
13974000 9.92072 10
13974100 10.0357 10
13974200 10.2396 10
13974300 10.3061 10
13974400 10.1006 10
13974500 10.1105 10
13974600 10.169 10
13974700 10.2069 10
13974800 10.0268 10
13974900 10.1995 10
13975000 10.1919 10
13975100 10.4266 10
13975200 10.7705 10
13975300 10.7476 10
13975400 10.9971 10
13975500 10.8553 10
13975600 10.4536 10
13975700 10.0743 10
13975800 9.84364 10
13975900 9.76051 10
13976000 9.94336 10
13976100 9.86807 10
13976200 9.7324 10
13976300 9.82756 10
13976400 10.0262 10
13976500 10.3297 10
13976600 10.4253 10
13976700 10.1415 10
13976800 10.1794 10
13976900 10.016 10
13977000 9.93535 10
13977100 10.1484 10
13977200 10.0222 10
13977300 9.75689 10
13977400 9.66936 10
13977500 9.79292 10
13977600 9.97987 10
13977700 10.219 10
13977800 10.2751 10
13977900 10.0651 10
13978000 9.91624 10
13978100 10.0707 10
13978200 10.1215 10
13978300 9.97447 10
13978400 10.0765 10
13978500 10.1218 10
13978600 9.97396 10
13978700 9.77613 10
13978800 9.9211 10
13978900 9.79103 10
13979000 9.65741 10
13979100 9.64476 10
13979200 9.61514 10
13979300 9.67849 10
13979400 9.92514 10
13979500 9.56442 10
13979600 9.54836 10
13979700 9.62767 10
13979800 9.99694 10
13979900 10.0926 10
13980000 9.92933 10
13980100 9.60112 10
13980200 9.21774 10
13980300 9.32504 10
13980400 9.69884 10
13980500 9.83485 10
13980600 9.79363 10
13980700 10.2251 10
13980800 10.522 10
13980900 10.5543 10
13981000 10.4697 10
13981100 10.0396 10
13981200 9.90039 10
13981300 9.86521 10
13981400 10.037 10
13981500 10.1565 10
13981600 9.84513 10
13981700 9.50775 10
13981800 9.38923 10
13981900 9.34947 10
13982000 9.68258 10
13982100 9.79981 10
13982200 9.76855 10
13982300 9.77677 10
13982400 9.46802 10
13982500 9.55043 10
13982600 9.90329 10
13982700 9.996 10
13982800 9.80724 10
13982900 9.58717 10
13983000 9.67673 10
13983100 9.725 10
13983200 9.6046 10
13983300 9.83442 10
13983400 9.89304 10
13983500 9.78612 10
13983600 9.88155 10
13983700 9.71117 10
13983800 9.64666 10
13983900 9.87667 10
13984000 10.1513 10
13984100 10.1945 10
13984200 10.239 10
13984300 10.6074 10
13984400 10.7493 10
13984500 10.625 10
13984600 10.433 10
13984700 10.5941 10
13984800 10.5546 10
13984900 10.4705 10
13985000 10.4865 10
13985100 10.2266 10
13985200 10.3037 10
13985300 10.3326 10
13985400 10.1994 10
13985500 10.2624 10
13985600 10.3784 10
13985700 10.2556 10
13985800 10.1972 10
13985900 10.0655 10
13986000 10.2101 10
13986100 10.3863 10
13986200 10.5752 10
13986300 10.5224 10
13986400 10.2879 10
13986500 10.2605 10
13986600 10.1714 10
13986700 10.0281 10
13986800 10.015 10
13986900 10.0093 10
13987000 10.1951 10
13987100 10.3908 10
13987200 10.5492 10
13987300 10.5345 10
13987400 10.3234 10
13987500 9.89922 10
13987600 10.1073 10
13987700 10.1113 10
13987800 9.81654 10
13987900 9.73076 10
13988000 9.90728 10
13988100 10.0077 10
13988200 10.125 10
13988300 10.366 10
13988400 10.3613 10
13988500 10.7431 10
13988600 10.442 10
13988700 10.3603 10
13988800 10.4625 10
13988900 10.4177 10
13989000 10.1613 10
13989100 9.87147 10
13989200 9.65201 10
13989300 9.62272 10
13989400 9.6445 10
13989500 9.51392 10
13989600 9.44047 10
13989700 9.72496 10
13989800 10.0505 10
13989900 10.0595 10
13990000 9.93609 10
13990100 9.75687 10
13990200 9.50059 10
13990300 9.52472 10
13990400 9.88731 10
13990500 10.0347 10
13990600 10.2394 10
13990700 10.2868 10
13990800 10.2431 10
13990900 10.0512 10
13991000 9.96609 10
13991100 10.0372 10
13991200 10.054 10
13991300 9.94814 10
13991400 10.0707 10
13991500 10.0942 10
13991600 10.1752 10
13991700 10.266 10
13991800 10.2374 10
13991900 10.1484 10
13992000 10.1132 10
13992100 9.8387 10
13992200 9.97493 10
13992300 10.2616 10
13992400 10.3267 10
13992500 10.0739 10
13992600 9.85397 10
13992700 9.85858 10
13992800 9.69426 10
13992900 9.63192 10
13993000 9.65215 10
13993100 9.84782 10
13993200 9.96411 10
13993300 10.153 10
13993400 10.2246 10
13993500 10.0751 10
13993600 9.81436 10
13993700 9.89075 10
13993800 10.2178 10
13993900 10.5945 10
13994000 10.6772 10
13994100 10.7304 10
13994200 10.7037 10
13994300 10.7535 10
13994400 10.5995 10
13994500 10.1142 10
13994600 9.95345 10
13994700 9.9036 10
13994800 10.0862 10
13994900 9.91244 10
13995000 9.53433 10
13995100 9.42039 10
13995200 9.02016 10
13995300 8.81735 10
13995400 9.10461 10
13995500 9.75421 10
13995600 10.0263 10
13995700 10.2417 10
13995800 10.3863 10
13995900 10.6148 10
13996000 10.4971 10
13996100 10.4375 10
13996200 10.572 10
13996300 10.534 10
13996400 10.3595 10
13996500 10.0392 10
13996600 9.90062 10
13996700 9.87247 10
13996800 10.1498 10
13996900 9.9111 10
13997000 9.6728 10
13997100 10.004 10
13997200 10.0805 10
13997300 10.0649 10
13997400 9.86876 10
13997500 9.43699 10
13997600 9.02531 10
13997700 8.83964 10
13997800 9.16341 10
13997900 9.3248 10
13998000 9.45188 10
13998100 9.35227 10
13998200 9.47856 10
13998300 9.75068 10
13998400 9.72852 10
13998500 9.65531 10
13998600 9.43399 10
13998700 9.376 10
13998800 9.52736 10
13998900 9.79927 10
13999000 9.78359 10
13999100 9.92865 10
13999200 10.3788 10
13999300 10.5206 10
13999400 10.7094 10
13999500 10.6902 10
13999600 10.461 10
13999700 10.2962 10
13999800 10.2524 10
13999900 10.2199 10
14000000 10.1165 10
