# Time-averaged data for fix myat1
# TimeStep v_xave v_xdes
11800100 6.26414 5
11800200 5.94016 5
11800300 5.58968 5
11800400 5.4934 5
11800500 5.71053 5
11800600 5.97333 5
11800700 5.975 5
11800800 5.99382 5
11800900 5.68556 5
11801000 5.50757 5
11801100 5.60718 5
11801200 5.84309 5
11801300 5.89721 5
11801400 5.85309 5
11801500 5.80656 5
11801600 5.66345 5
11801700 5.6964 5
11801800 5.72463 5
11801900 5.48082 5
11802000 5.44497 5
11802100 5.93064 5
11802200 6.0421 5
11802300 5.8622 5
11802400 5.91001 5
11802500 5.86453 5
11802600 5.57973 5
11802700 5.44441 5
11802800 5.87632 5
11802900 6.35662 5
11803000 6.30654 5
11803100 6.14103 5
11803200 6.09588 5
11803300 6.12702 5
11803400 5.92675 5
11803500 5.96849 5
11803600 5.58064 5
11803700 5.57114 5
11803800 5.7862 5
11803900 5.65759 5
11804000 5.68343 5
11804100 5.9471 5
11804200 5.82931 5
11804300 5.99254 5
11804400 6.19864 5
11804500 5.84118 5
11804600 5.62925 5
11804700 5.95884 5
11804800 6.12231 5
11804900 6.17269 5
11805000 6.41074 5
11805100 6.22899 5
11805200 5.56024 5
11805300 5.56324 5
11805400 5.90903 5
11805500 5.60024 5
11805600 5.77754 5
11805700 5.90618 5
11805800 6.02068 5
11805900 6.04627 5
11806000 5.56709 5
11806100 5.61317 5
11806200 6.02584 5
11806300 5.88932 5
11806400 5.79577 5
11806500 5.64052 5
11806600 5.72479 5
11806700 5.9222 5
11806800 6.08332 5
11806900 5.82872 5
11807000 5.58321 5
11807100 5.74245 5
11807200 5.90582 5
11807300 5.83896 5
11807400 5.76941 5
11807500 6.12698 5
11807600 6.0693 5
11807700 5.96753 5
11807800 5.94101 5
11807900 5.9151 5
11808000 5.68578 5
11808100 5.61613 5
11808200 5.76816 5
11808300 5.84305 5
11808400 5.7498 5
11808500 5.66548 5
11808600 6.08562 5
11808700 6.07917 5
11808800 6.00334 5
11808900 5.85672 5
11809000 5.70961 5
11809100 5.74598 5
11809200 6.0539 5
11809300 5.95924 5
11809400 5.80517 5
11809500 6.00453 5
11809600 6.15689 5
11809700 6.01783 5
11809800 5.52913 5
11809900 5.74936 5
11810000 5.96297 5
11810100 5.69418 5
11810200 5.39713 5
11810300 5.68667 5
11810400 6.17936 5
11810500 6.27616 5
11810600 6.04602 5
11810700 5.95009 5
11810800 6.0115 5
11810900 5.87878 5
11811000 5.74023 5
11811100 5.78368 5
11811200 5.93041 5
11811300 6.16913 5
11811400 6.2679 5
11811500 6.01673 5
11811600 5.736 5
11811700 5.47651 5
11811800 5.49271 5
11811900 5.88811 5
11812000 5.74599 5
11812100 5.42566 5
11812200 5.45712 5
11812300 5.65576 5
11812400 5.99051 5
11812500 6.05149 5
11812600 5.78476 5
11812700 5.61055 5
11812800 5.71149 5
11812900 5.6848 5
11813000 5.51606 5
11813100 5.79896 5
11813200 5.9924 5
11813300 5.79713 5
11813400 5.52352 5
11813500 5.69125 5
11813600 5.9811 5
11813700 5.93725 5
11813800 5.64437 5
11813900 5.59941 5
11814000 5.56995 5
11814100 5.58954 5
11814200 5.34965 5
11814300 5.62414 5
11814400 5.87227 5
11814500 5.82541 5
11814600 5.98986 5
11814700 5.89834 5
11814800 5.77169 5
11814900 5.78068 5
11815000 5.88662 5
11815100 5.66869 5
11815200 5.59018 5
11815300 5.59973 5
11815400 5.4851 5
11815500 5.42011 5
11815600 5.71248 5
11815700 5.86838 5
11815800 5.93898 5
11815900 5.73296 5
11816000 5.76381 5
11816100 5.92485 5
11816200 6.05989 5
11816300 6.43351 5
11816400 6.33112 5
11816500 6.30344 5
11816600 6.20603 5
11816700 6.25561 5
11816800 6.02871 5
11816900 5.81285 5
11817000 5.79406 5
11817100 6.1044 5
11817200 6.27343 5
11817300 6.15238 5
11817400 5.9 5
11817500 5.89079 5
11817600 5.8196 5
11817700 6.12097 5
11817800 6.22369 5
11817900 6.1227 5
11818000 6.21997 5
11818100 6.29181 5
11818200 6.29977 5
11818300 5.92548 5
11818400 5.75931 5
11818500 5.92191 5
11818600 5.98182 5
11818700 5.86731 5
11818800 5.5824 5
11818900 5.8337 5
11819000 6.16487 5
11819100 6.06037 5
11819200 5.99322 5
11819300 6.22906 5
11819400 6.42623 5
11819500 6.24478 5
11819600 5.74165 5
11819700 5.48624 5
11819800 5.57955 5
11819900 5.69202 5
11820000 5.81375 5
11820100 6.06751 5
11820200 6.15929 5
11820300 6.07816 5
11820400 5.96045 5
11820500 5.9314 5
11820600 5.92477 5
11820700 6.10254 5
11820800 5.99865 5
11820900 5.83657 5
11821000 5.67093 5
11821100 6.00043 5
11821200 6.10418 5
11821300 5.75339 5
11821400 5.54689 5
11821500 5.85313 5
11821600 5.77801 5
11821700 5.89053 5
11821800 6.26863 5
11821900 6.04236 5
11822000 5.76113 5
11822100 5.77347 5
11822200 5.75354 5
11822300 5.85666 5
11822400 5.86797 5
11822500 6.00834 5
11822600 6.00467 5
11822700 6.00067 5
11822800 6.0861 5
11822900 6.09441 5
11823000 5.70161 5
11823100 5.59156 5
11823200 5.62579 5
11823300 5.95736 5
11823400 6.0223 5
11823500 6.04603 5
11823600 5.90842 5
11823700 5.75201 5
11823800 5.86234 5
11823900 6.139 5
11824000 5.84646 5
11824100 5.74871 5
11824200 5.86779 5
11824300 6.02318 5
11824400 6.33418 5
11824500 6.20121 5
11824600 6.31666 5
11824700 6.2491 5
11824800 6.06586 5
11824900 5.71591 5
11825000 5.63163 5
11825100 5.76218 5
11825200 6.01349 5
11825300 6.23298 5
11825400 6.09326 5
11825500 5.82557 5
11825600 6.05844 5
11825700 6.02546 5
11825800 5.97435 5
11825900 6.07616 5
11826000 6.23149 5
11826100 5.83142 5
11826200 5.89294 5
11826300 6.0029 5
11826400 6.13168 5
11826500 6.0875 5
11826600 6.17166 5
11826700 6.21794 5
11826800 5.95406 5
11826900 5.77915 5
11827000 5.82644 5
11827100 5.79055 5
11827200 5.57792 5
11827300 5.92388 5
11827400 5.95679 5
11827500 5.80821 5
11827600 5.68432 5
11827700 5.69422 5
11827800 5.90594 5
11827900 5.78148 5
11828000 5.68281 5
11828100 5.58846 5
11828200 5.92904 5
11828300 5.92489 5
11828400 5.69252 5
11828500 5.75313 5
11828600 6.103 5
11828700 5.99264 5
11828800 6.00698 5
11828900 6.03927 5
11829000 6.08229 5
11829100 5.88791 5
11829200 5.85713 5
11829300 5.79314 5
11829400 5.81296 5
11829500 6.03598 5
11829600 5.86988 5
11829700 5.70028 5
11829800 6.24624 5
11829900 6.44951 5
11830000 6.35986 5
11830100 6.17221 5
11830200 6.02045 5
11830300 6.16641 5
11830400 6.03643 5
11830500 5.73136 5
11830600 5.57134 5
11830700 5.67128 5
11830800 5.72628 5
11830900 5.67557 5
11831000 5.75996 5
11831100 5.83055 5
11831200 5.49421 5
11831300 5.36073 5
11831400 5.87847 5
11831500 6.10521 5
11831600 6.0906 5
11831700 6.1149 5
11831800 6.17071 5
11831900 5.77302 5
11832000 5.61064 5
11832100 5.73792 5
11832200 5.84846 5
11832300 5.80056 5
11832400 5.83923 5
11832500 6.0541 5
11832600 6.12805 5
11832700 5.96678 5
11832800 5.91829 5
11832900 5.61685 5
11833000 5.41871 5
11833100 5.76508 5
11833200 6.28898 5
11833300 6.22246 5
11833400 6.14212 5
11833500 6.03875 5
11833600 6.1417 5
11833700 6.25733 5
11833800 6.0236 5
11833900 5.78345 5
11834000 5.72787 5
11834100 5.84759 5
11834200 6.16991 5
11834300 6.20908 5
11834400 6.25854 5
11834500 6.05543 5
11834600 6.02135 5
11834700 5.99142 5
11834800 5.79813 5
11834900 5.80472 5
11835000 5.78108 5
11835100 5.77176 5
11835200 5.55283 5
11835300 5.61164 5
11835400 5.792 5
11835500 5.98868 5
11835600 5.95197 5
11835700 5.8887 5
11835800 6.05196 5
11835900 5.88557 5
11836000 5.69516 5
11836100 5.89993 5
11836200 6.13168 5
11836300 5.87151 5
11836400 5.89887 5
11836500 5.80552 5
11836600 5.51508 5
11836700 5.71028 5
11836800 5.86702 5
11836900 6.13764 5
11837000 6.25044 5
11837100 6.05137 5
11837200 5.72161 5
11837300 5.70263 5
11837400 5.84691 5
11837500 5.83849 5
11837600 5.84664 5
11837700 5.85807 5
11837800 5.95669 5
11837900 6.11279 5
11838000 5.89754 5
11838100 5.71347 5
11838200 5.79634 5
11838300 5.56407 5
11838400 5.51721 5
11838500 5.80926 5
11838600 5.97209 5
11838700 6.28978 5
11838800 6.31048 5
11838900 5.9878 5
11839000 5.63287 5
11839100 5.63774 5
11839200 5.86103 5
11839300 6.12154 5
11839400 6.11726 5
11839500 5.91472 5
11839600 5.94898 5
11839700 6.04945 5
11839800 6.09144 5
11839900 6.18306 5
11840000 6.1652 5
11840100 6.22234 5
11840200 6.38478 5
11840300 6.33164 5
11840400 6.02447 5
11840500 5.65762 5
11840600 5.319 5
11840700 5.8438 5
11840800 6.1685 5
11840900 6.0539 5
11841000 5.78885 5
11841100 5.58086 5
11841200 5.60566 5
11841300 5.65105 5
11841400 5.78748 5
11841500 6.02784 5
11841600 5.9144 5
11841700 5.84926 5
11841800 5.92068 5
11841900 5.73267 5
11842000 5.94249 5
11842100 6.05135 5
11842200 5.97762 5
11842300 5.78931 5
11842400 5.48247 5
11842500 5.56876 5
11842600 5.64776 5
11842700 5.43609 5
11842800 5.33819 5
11842900 5.4996 5
11843000 5.85215 5
11843100 5.74456 5
11843200 5.77722 5
11843300 5.99991 5
11843400 6.05231 5
11843500 6.10002 5
11843600 5.80564 5
11843700 5.58388 5
11843800 5.59048 5
11843900 5.34027 5
11844000 5.35526 5
11844100 5.58222 5
11844200 5.70462 5
11844300 5.62721 5
11844400 5.71355 5
11844500 6.05731 5
11844600 5.92913 5
11844700 5.77014 5
11844800 5.71837 5
11844900 5.67563 5
11845000 5.59122 5
11845100 6.10868 5
11845200 5.85749 5
11845300 5.55926 5
11845400 5.70629 5
11845500 5.83248 5
11845600 5.98531 5
11845700 6.11132 5
11845800 6.18125 5
11845900 6.19977 5
11846000 6.00733 5
11846100 5.77731 5
11846200 5.73258 5
11846300 5.82374 5
11846400 5.69224 5
11846500 5.77644 5
11846600 5.72819 5
11846700 5.58652 5
11846800 5.52125 5
11846900 5.82745 5
11847000 6.15373 5
11847100 6.33515 5
11847200 5.9875 5
11847300 5.65289 5
11847400 5.67977 5
11847500 5.78803 5
11847600 5.81943 5
11847700 5.78091 5
11847800 5.70978 5
11847900 5.81776 5
11848000 5.63056 5
11848100 5.87713 5
11848200 6.31962 5
11848300 6.44575 5
11848400 6.22173 5
11848500 6.45325 5
11848600 6.49663 5
11848700 6.29814 5
11848800 6.03735 5
11848900 5.92118 5
11849000 5.80379 5
11849100 5.7212 5
11849200 5.6719 5
11849300 5.87038 5
11849400 6.00074 5
11849500 5.76635 5
11849600 5.8471 5
11849700 5.74423 5
11849800 5.44908 5
11849900 5.33352 5
11850000 5.59139 5
11850100 6.0242 5
11850200 6.00941 5
11850300 5.94834 5
11850400 6.17907 5
11850500 6.12301 5
11850600 5.77742 5
11850700 5.65156 5
11850800 5.70399 5
11850900 5.95901 5
11851000 5.92917 5
11851100 5.54643 5
11851200 5.53086 5
11851300 6.18042 5
11851400 6.67632 5
11851500 6.76408 5
11851600 6.14502 5
11851700 6.00229 5
11851800 5.86853 5
11851900 5.86053 5
11852000 5.50863 5
11852100 5.42591 5
11852200 5.81616 5
11852300 5.79795 5
11852400 5.70817 5
11852500 5.67477 5
11852600 5.71393 5
11852700 5.77878 5
11852800 5.83427 5
11852900 5.97729 5
11853000 6.26518 5
11853100 5.90693 5
11853200 5.57398 5
11853300 5.50632 5
11853400 5.68984 5
11853500 5.75562 5
11853600 6.05321 5
11853700 6.17775 5
11853800 6.23585 5
11853900 5.9478 5
11854000 5.7398 5
11854100 5.55801 5
11854200 5.39496 5
11854300 5.69116 5
11854400 5.74414 5
11854500 6.08098 5
11854600 6.1922 5
11854700 6.15204 5
11854800 5.6126 5
11854900 5.41333 5
11855000 5.62072 5
11855100 5.78891 5
11855200 6.02003 5
11855300 5.82479 5
11855400 5.91777 5
11855500 5.74268 5
11855600 5.61309 5
11855700 5.66566 5
11855800 5.61407 5
11855900 5.91819 5
11856000 5.97785 5
11856100 5.93734 5
11856200 6.07 5
11856300 5.77156 5
11856400 5.80932 5
11856500 6.00058 5
11856600 6.25246 5
11856700 6.38399 5
11856800 6.19302 5
11856900 5.95674 5
11857000 6.02323 5
11857100 5.86914 5
11857200 5.77785 5
11857300 5.94917 5
11857400 5.87413 5
11857500 5.56193 5
11857600 5.62523 5
11857700 5.63018 5
11857800 5.66435 5
11857900 5.77231 5
11858000 5.62155 5
11858100 5.74202 5
11858200 5.83714 5
11858300 5.83306 5
11858400 5.57874 5
11858500 5.39855 5
11858600 5.51943 5
11858700 5.95863 5
11858800 5.9726 5
11858900 6.30563 5
11859000 6.42779 5
11859100 6.43839 5
11859200 6.14079 5
11859300 6.04231 5
11859400 6.00891 5
11859500 6.05044 5
11859600 5.88034 5
11859700 5.72315 5
11859800 5.67156 5
11859900 5.7349 5
11860000 6.03769 5
11860100 6.07991 5
11860200 6.27744 5
11860300 6.41851 5
11860400 6.46529 5
11860500 6.29887 5
11860600 6.37301 5
11860700 6.0845 5
11860800 5.825 5
11860900 5.75723 5
11861000 5.92267 5
11861100 6.28805 5
11861200 6.19971 5
11861300 5.95421 5
11861400 5.97828 5
11861500 5.91351 5
11861600 5.94753 5
11861700 6.11459 5
11861800 6.10481 5
11861900 6.32059 5
11862000 6.38053 5
11862100 6.41667 5
11862200 6.31019 5
11862300 5.98889 5
11862400 5.85841 5
11862500 5.89851 5
11862600 5.77102 5
11862700 5.90487 5
11862800 5.95762 5
11862900 5.85009 5
11863000 5.51956 5
11863100 5.64963 5
11863200 5.99259 5
11863300 5.8219 5
11863400 5.7378 5
11863500 6.03145 5
11863600 6.23587 5
11863700 6.28868 5
11863800 6.11934 5
11863900 5.90003 5
11864000 6.05165 5
11864100 6.26081 5
11864200 6.41065 5
11864300 6.41274 5
11864400 6.15246 5
11864500 5.9083 5
11864600 5.68161 5
11864700 5.89562 5
11864800 5.89704 5
11864900 5.65578 5
11865000 5.7078 5
11865100 5.98614 5
11865200 6.00622 5
11865300 6.21876 5
11865400 6.46943 5
11865500 6.60212 5
11865600 6.24416 5
11865700 6.04187 5
11865800 5.72391 5
11865900 5.56525 5
11866000 5.58819 5
11866100 5.54237 5
11866200 5.60878 5
11866300 5.90714 5
11866400 5.92139 5
11866500 5.89705 5
11866600 5.77225 5
11866700 5.81064 5
11866800 6.14234 5
11866900 6.11484 5
11867000 5.79263 5
11867100 5.66747 5
11867200 5.78115 5
11867300 5.77741 5
11867400 5.79179 5
11867500 6.02382 5
11867600 6.042 5
11867700 6.07162 5
11867800 6.07075 5
11867900 5.97536 5
11868000 5.92096 5
11868100 5.66808 5
11868200 5.65666 5
11868300 5.83956 5
11868400 5.89161 5
11868500 5.95977 5
11868600 6.14148 5
11868700 6.07403 5
11868800 5.97665 5
11868900 5.56867 5
11869000 5.62868 5
11869100 5.90931 5
11869200 5.95276 5
11869300 5.88554 5
11869400 5.70934 5
11869500 5.76123 5
11869600 5.54818 5
11869700 5.71638 5
11869800 6.08094 5
11869900 6.29997 5
11870000 6.10171 5
11870100 5.56857 5
11870200 5.50519 5
11870300 5.50906 5
11870400 5.66221 5
11870500 5.72531 5
11870600 5.65639 5
11870700 5.6451 5
11870800 5.87979 5
11870900 6.31372 5
11871000 6.42543 5
11871100 6.25224 5
11871200 6.12916 5
11871300 6.10294 5
11871400 5.67822 5
11871500 5.58806 5
11871600 6.16734 5
11871700 6.37519 5
11871800 6.06087 5
11871900 5.87619 5
11872000 5.73296 5
11872100 5.89693 5
11872200 6.00045 5
11872300 5.97925 5
11872400 6.19771 5
11872500 6.30504 5
11872600 5.81589 5
11872700 5.49805 5
11872800 5.33257 5
11872900 5.40077 5
11873000 5.51561 5
11873100 5.66646 5
11873200 5.7432 5
11873300 5.66527 5
11873400 5.5254 5
11873500 5.66072 5
11873600 5.91075 5
11873700 5.79368 5
11873800 5.64174 5
11873900 5.7654 5
11874000 5.77613 5
11874100 6.03221 5
11874200 5.75384 5
11874300 5.3613 5
11874400 5.47041 5
11874500 5.47132 5
11874600 5.48589 5
11874700 5.78225 5
11874800 6.04787 5
11874900 6.20309 5
11875000 5.97529 5
11875100 5.76913 5
11875200 5.86132 5
11875300 5.93462 5
11875400 5.94785 5
11875500 5.9405 5
11875600 5.8607 5
11875700 6.07398 5
11875800 6.34268 5
11875900 6.57445 5
11876000 6.4428 5
11876100 6.03377 5
11876200 5.62168 5
11876300 5.55267 5
11876400 5.86964 5
11876500 6.04938 5
11876600 5.69209 5
11876700 5.47984 5
11876800 6.01383 5
11876900 6.23483 5
11877000 6.20157 5
11877100 6.31394 5
11877200 5.97428 5
11877300 5.9617 5
11877400 5.93907 5
11877500 6.10246 5
11877600 6.48746 5
11877700 6.4908 5
11877800 6.13831 5
11877900 5.72672 5
11878000 5.68402 5
11878100 5.74599 5
11878200 5.67758 5
11878300 5.45732 5
11878400 5.56482 5
11878500 5.79502 5
11878600 5.71657 5
11878700 5.97146 5
11878800 6.06559 5
11878900 6.04536 5
11879000 5.89517 5
11879100 5.82397 5
11879200 6.06716 5
11879300 6.29948 5
11879400 6.14004 5
11879500 5.9009 5
11879600 5.97633 5
11879700 6.3064 5
11879800 6.30875 5
11879900 6.20501 5
11880000 6.21664 5
11880100 6.1147 5
11880200 6.08244 5
11880300 6.31928 5
11880400 6.3603 5
11880500 6.12986 5
11880600 6.10261 5
11880700 5.87844 5
11880800 5.8745 5
11880900 5.87532 5
11881000 5.62605 5
11881100 5.56448 5
11881200 5.36024 5
11881300 5.4603 5
11881400 5.39915 5
11881500 5.60309 5
11881600 5.69367 5
11881700 5.68807 5
11881800 5.75061 5
11881900 5.92929 5
11882000 5.94485 5
11882100 5.78229 5
11882200 5.71235 5
11882300 5.64766 5
11882400 5.8845 5
11882500 5.87711 5
11882600 5.57317 5
11882700 5.5793 5
11882800 5.56584 5
11882900 5.50317 5
11883000 5.54417 5
11883100 5.87182 5
11883200 6.2555 5
11883300 6.05157 5
11883400 5.69272 5
11883500 5.74181 5
11883600 5.91065 5
11883700 5.90078 5
11883800 5.87959 5
11883900 5.61045 5
11884000 5.77176 5
11884100 5.78504 5
11884200 5.89742 5
11884300 6.12365 5
11884400 6.10376 5
11884500 5.94045 5
11884600 5.74069 5
11884700 5.59958 5
11884800 5.67364 5
11884900 5.86764 5
11885000 6.09656 5
11885100 6.06107 5
11885200 5.80852 5
11885300 5.96294 5
11885400 6.23083 5
11885500 6.24917 5
11885600 6.23275 5
11885700 6.10465 5
11885800 5.87209 5
11885900 5.68017 5
11886000 5.84634 5
11886100 5.87539 5
11886200 5.79853 5
11886300 6.00175 5
11886400 6.05149 5
11886500 6.02422 5
11886600 5.97407 5
11886700 6.03288 5
11886800 6.1315 5
11886900 6.15244 5
11887000 5.94479 5
11887100 5.82193 5
11887200 5.88679 5
11887300 6.0116 5
11887400 6.06982 5
11887500 5.93868 5
11887600 5.85185 5
11887700 5.86763 5
11887800 6.22496 5
11887900 6.34193 5
11888000 6.21213 5
11888100 6.264 5
11888200 6.50767 5
11888300 6.40209 5
11888400 6.30077 5
11888500 6.04481 5
11888600 6.09606 5
11888700 6.34724 5
11888800 6.2727 5
11888900 5.95669 5
11889000 5.93728 5
11889100 6.31245 5
11889200 6.47227 5
11889300 6.22173 5
11889400 5.8899 5
11889500 5.81211 5
11889600 5.90243 5
11889700 5.73832 5
11889800 5.74157 5
11889900 5.97372 5
11890000 6.12592 5
11890100 5.9567 5
11890200 5.95606 5
11890300 5.91138 5
11890400 5.71244 5
11890500 5.68327 5
11890600 5.68999 5
11890700 5.73033 5
11890800 5.59339 5
11890900 5.54281 5
11891000 5.61866 5
11891100 5.742 5
11891200 6.10662 5
11891300 6.08058 5
11891400 6.11179 5
11891500 6.25532 5
11891600 6.28321 5
11891700 6.10384 5
11891800 5.84383 5
11891900 5.59226 5
11892000 5.78356 5
11892100 5.8519 5
11892200 6.08472 5
11892300 6.08495 5
11892400 5.81124 5
11892500 5.99068 5
11892600 6.00551 5
11892700 5.83268 5
11892800 6.1217 5
11892900 6.14905 5
11893000 6.01486 5
11893100 5.91048 5
11893200 5.94757 5
11893300 5.84302 5
11893400 5.90335 5
11893500 5.87463 5
11893600 5.79419 5
11893700 5.74741 5
11893800 5.6265 5
11893900 5.81473 5
11894000 5.97005 5
11894100 6.01036 5
11894200 6.28415 5
11894300 6.14975 5
11894400 5.97377 5
11894500 6.15393 5
11894600 6.3045 5
11894700 5.98826 5
11894800 5.54208 5
11894900 5.47952 5
11895000 5.65 5
11895100 5.75027 5
11895200 5.58497 5
11895300 5.58344 5
11895400 5.73572 5
11895500 5.68235 5
11895600 5.84211 5
11895700 6.02806 5
11895800 6.01145 5
11895900 5.83527 5
11896000 5.69731 5
11896100 5.53529 5
11896200 5.73523 5
11896300 5.78142 5
11896400 5.61085 5
11896500 5.55201 5
11896600 5.66742 5
11896700 5.79153 5
11896800 6.04673 5
11896900 5.94064 5
11897000 5.90891 5
11897100 5.78152 5
11897200 5.72117 5
11897300 5.96975 5
11897400 6.13976 5
11897500 5.98708 5
11897600 5.90704 5
11897700 5.90063 5
11897800 5.8179 5
11897900 5.81853 5
11898000 5.91663 5
11898100 5.71441 5
11898200 5.75217 5
11898300 5.87058 5
11898400 5.93239 5
11898500 6.00737 5
11898600 6.02099 5
11898700 6.11521 5
11898800 6.32004 5
11898900 6.3906 5
11899000 6.1352 5
11899100 5.7765 5
11899200 5.56922 5
11899300 5.51318 5
11899400 5.86945 5
11899500 5.83355 5
11899600 5.81263 5
11899700 6.03773 5
11899800 6.41095 5
11899900 6.47309 5
11900000 6.41325 5
11900100 6.56503 5
11900200 6.08533 5
11900300 5.87712 5
11900400 5.87657 5
11900500 5.87885 5
11900600 5.79687 5
11900700 5.63873 5
11900800 5.51506 5
11900900 5.76374 5
11901000 5.92421 5
11901100 5.72134 5
11901200 5.60576 5
11901300 5.67562 5
11901400 5.88296 5
11901500 5.90636 5
11901600 6.08212 5
11901700 6.10694 5
11901800 5.89508 5
11901900 5.62898 5
11902000 5.85587 5
11902100 5.66219 5
11902200 5.78244 5
11902300 6.18009 5
11902400 5.91789 5
11902500 5.74759 5
11902600 5.76853 5
11902700 5.81219 5
11902800 5.85257 5
11902900 5.75169 5
11903000 5.77723 5
11903100 5.90358 5
11903200 5.88577 5
11903300 5.95871 5
11903400 5.68359 5
11903500 5.48577 5
11903600 5.63825 5
11903700 5.73185 5
11903800 5.75363 5
11903900 5.65883 5
11904000 5.65945 5
11904100 5.62773 5
11904200 5.72843 5
11904300 5.96702 5
11904400 6.10081 5
11904500 6.10972 5
11904600 6.2037 5
11904700 5.7798 5
11904800 5.77961 5
11904900 5.71394 5
11905000 5.58456 5
11905100 5.80088 5
11905200 5.9285 5
11905300 5.86771 5
11905400 6.18646 5
11905500 6.16081 5
11905600 6.00574 5
11905700 6.02906 5
11905800 6.05603 5
11905900 5.899 5
11906000 5.95466 5
11906100 6.23465 5
11906200 6.29811 5
11906300 6.08574 5
11906400 5.95115 5
11906500 5.9727 5
11906600 5.93564 5
11906700 5.88683 5
11906800 5.94728 5
11906900 5.58976 5
11907000 5.34345 5
11907100 5.56584 5
11907200 5.54807 5
11907300 5.62897 5
11907400 5.85853 5
11907500 5.84302 5
11907600 5.99678 5
11907700 6.29459 5
11907800 6.33149 5
11907900 6.12392 5
11908000 6.10519 5
11908100 5.95343 5
11908200 6.07917 5
11908300 6.05696 5
11908400 5.8644 5
11908500 5.60503 5
11908600 5.65212 5
11908700 5.76529 5
11908800 6.03831 5
11908900 5.97645 5
11909000 5.70792 5
11909100 5.90018 5
11909200 5.97743 5
11909300 6.07999 5
11909400 5.94628 5
11909500 5.7272 5
11909600 5.85138 5
11909700 5.88556 5
11909800 6.05188 5
11909900 5.83369 5
11910000 5.65696 5
11910100 5.61533 5
11910200 5.71586 5
11910300 5.80131 5
11910400 5.70158 5
11910500 5.79506 5
11910600 5.62163 5
11910700 5.41484 5
11910800 5.52874 5
11910900 5.7179 5
11911000 5.78935 5
11911100 6.05903 5
11911200 6.13921 5
11911300 5.76537 5
11911400 5.62962 5
11911500 5.96605 5
11911600 6.21283 5
11911700 5.93574 5
11911800 5.67423 5
11911900 5.67443 5
11912000 5.60015 5
11912100 5.523 5
11912200 5.89567 5
11912300 6.11515 5
11912400 5.9432 5
11912500 5.86015 5
11912600 5.82766 5
11912700 5.99565 5
11912800 5.91361 5
11912900 6.0151 5
11913000 6.04936 5
11913100 6.00998 5
11913200 5.90769 5
11913300 5.56523 5
11913400 5.45863 5
11913500 5.55395 5
11913600 5.68654 5
11913700 5.67168 5
11913800 5.6273 5
11913900 5.49131 5
11914000 5.72415 5
11914100 5.73156 5
11914200 5.78367 5
11914300 5.61821 5
11914400 5.59368 5
11914500 5.8027 5
11914600 5.62061 5
11914700 5.69036 5
11914800 5.90808 5
11914900 5.96255 5
11915000 6.02833 5
11915100 6.11654 5
11915200 5.86275 5
11915300 5.71704 5
11915400 5.79878 5
11915500 5.75775 5
11915600 5.55734 5
11915700 5.61794 5
11915800 5.71421 5
11915900 5.8198 5
11916000 5.77951 5
11916100 5.83972 5
11916200 5.86514 5
11916300 5.79573 5
11916400 5.78932 5
11916500 6.11155 5
11916600 6.27686 5
11916700 6.27337 5
11916800 6.09703 5
11916900 5.64436 5
11917000 5.55984 5
11917100 5.78157 5
11917200 5.99422 5
11917300 5.67865 5
11917400 5.6496 5
11917500 5.59293 5
11917600 5.66451 5
11917700 6.01481 5
11917800 6.03573 5
11917900 5.84049 5
11918000 5.82692 5
11918100 5.81088 5
11918200 5.80334 5
11918300 5.64492 5
11918400 5.62525 5
11918500 6.0329 5
11918600 6.10919 5
11918700 5.94161 5
11918800 5.75655 5
11918900 5.47112 5
11919000 5.70861 5
11919100 5.8104 5
11919200 5.93344 5
11919300 5.96596 5
11919400 6.01751 5
11919500 5.7598 5
11919600 5.75779 5
11919700 5.78218 5
11919800 5.54908 5
11919900 5.96604 5
11920000 6.32316 5
11920100 6.29154 5
11920200 5.92056 5
11920300 5.91711 5
11920400 6.15509 5
11920500 5.98303 5
11920600 5.98446 5
11920700 6.17542 5
11920800 6.08453 5
11920900 5.76132 5
11921000 5.79363 5
11921100 6.12646 5
11921200 5.99296 5
11921300 6.11493 5
11921400 6.24401 5
11921500 5.89199 5
11921600 5.66054 5
11921700 5.82771 5
11921800 6.04709 5
11921900 6.12186 5
11922000 5.81863 5
11922100 5.73217 5
11922200 5.97945 5
11922300 5.62792 5
11922400 5.96293 5
11922500 5.8905 5
11922600 5.7576 5
11922700 5.6972 5
11922800 5.76251 5
11922900 5.57199 5
11923000 5.479 5
11923100 5.90377 5
11923200 5.82463 5
11923300 5.7233 5
11923400 5.73687 5
11923500 5.42208 5
11923600 5.69654 5
11923700 6.17757 5
11923800 6.14794 5
11923900 5.78369 5
11924000 5.57865 5
11924100 5.7651 5
11924200 5.73584 5
11924300 5.86234 5
11924400 5.92126 5
11924500 5.81378 5
11924600 5.67455 5
11924700 5.84681 5
11924800 5.94651 5
11924900 5.95401 5
11925000 6.0126 5
11925100 5.88172 5
11925200 5.44172 5
11925300 5.46459 5
11925400 5.63753 5
11925500 5.99158 5
11925600 5.72218 5
11925700 5.46491 5
11925800 5.55514 5
11925900 5.78557 5
11926000 5.97636 5
11926100 5.93266 5
11926200 5.73835 5
11926300 5.94077 5
11926400 5.75803 5
11926500 5.70106 5
11926600 5.54864 5
11926700 5.53363 5
11926800 5.80065 5
11926900 5.66979 5
11927000 5.7167 5
11927100 5.92694 5
11927200 6.21393 5
11927300 6.20562 5
11927400 6.4779 5
11927500 6.36313 5
11927600 6.16511 5
11927700 5.88289 5
11927800 5.84349 5
11927900 5.99156 5
11928000 6.19078 5
11928100 6.07502 5
11928200 6.02697 5
11928300 6.21377 5
11928400 6.45352 5
11928500 6.30234 5
11928600 6.10502 5
11928700 5.8985 5
11928800 5.81765 5
11928900 5.66264 5
11929000 5.66246 5
11929100 5.64367 5
11929200 5.49835 5
11929300 5.64734 5
11929400 6.05005 5
11929500 5.96221 5
11929600 6.01486 5
11929700 5.82 5
11929800 5.59738 5
11929900 5.79252 5
11930000 5.96713 5
11930100 5.98012 5
11930200 5.97402 5
11930300 6.11017 5
11930400 6.04844 5
11930500 5.41165 5
11930600 5.40925 5
11930700 5.7239 5
11930800 5.64212 5
11930900 5.83523 5
11931000 5.88039 5
11931100 5.89653 5
11931200 5.95449 5
11931300 5.67056 5
11931400 5.70557 5
11931500 5.44383 5
11931600 5.36148 5
11931700 5.74738 5
11931800 5.69216 5
11931900 5.79871 5
11932000 5.77988 5
11932100 5.57667 5
11932200 5.57302 5
11932300 6.19735 5
11932400 6.43318 5
11932500 6.23532 5
11932600 6.51458 5
11932700 6.27164 5
11932800 6.19042 5
11932900 6.1964 5
11933000 6.39198 5
11933100 6.33088 5
11933200 6.08777 5
11933300 6.19198 5
11933400 6.12085 5
11933500 5.81096 5
11933600 6.04845 5
11933700 5.96902 5
11933800 5.81733 5
11933900 5.88156 5
11934000 6.08155 5
11934100 5.86482 5
11934200 5.80302 5
11934300 5.78793 5
11934400 5.9261 5
11934500 5.95398 5
11934600 5.86928 5
11934700 5.91688 5
11934800 5.76674 5
11934900 6.08215 5
11935000 6.47955 5
11935100 6.41422 5
11935200 6.32799 5
11935300 6.17773 5
11935400 6.23674 5
11935500 6.20653 5
11935600 5.93959 5
11935700 5.81476 5
11935800 6.12582 5
11935900 6.21166 5
11936000 6.24844 5
11936100 6.10126 5
11936200 5.76867 5
11936300 5.58737 5
11936400 5.63619 5
11936500 5.92111 5
11936600 6.17803 5
11936700 6.08563 5
11936800 6.0826 5
11936900 6.25319 5
11937000 6.10901 5
11937100 5.82103 5
11937200 5.94858 5
11937300 5.85459 5
11937400 5.93741 5
11937500 6.09877 5
11937600 5.77811 5
11937700 5.38035 5
11937800 5.53065 5
11937900 5.74809 5
11938000 5.67924 5
11938100 5.47695 5
11938200 5.7812 5
11938300 6.14691 5
11938400 5.91973 5
11938500 5.65745 5
11938600 5.71197 5
11938700 5.65047 5
11938800 5.60224 5
11938900 5.6279 5
11939000 5.65993 5
11939100 5.69761 5
11939200 5.86212 5
11939300 5.92231 5
11939400 5.80792 5
11939500 5.75735 5
11939600 5.73602 5
11939700 5.7413 5
11939800 5.87174 5
11939900 6.052 5
11940000 5.99769 5
11940100 6.24824 5
11940200 6.156 5
11940300 5.79113 5
11940400 5.60243 5
11940500 5.62278 5
11940600 5.67422 5
11940700 5.88933 5
11940800 6.0411 5
11940900 6.18996 5
11941000 6.14251 5
11941100 5.85983 5
11941200 5.49683 5
11941300 5.52845 5
11941400 5.46731 5
11941500 5.53076 5
11941600 5.3889 5
11941700 5.67093 5
11941800 6.01729 5
11941900 6.15137 5
11942000 6.02422 5
11942100 5.73974 5
11942200 5.64001 5
11942300 5.8813 5
11942400 5.89516 5
11942500 6.07693 5
11942600 6.25517 5
11942700 5.96365 5
11942800 5.69051 5
11942900 5.4743 5
11943000 5.7784 5
11943100 6.18347 5
11943200 5.89497 5
11943300 5.58988 5
11943400 5.66051 5
11943500 5.7869 5
11943600 5.71061 5
11943700 5.83584 5
11943800 5.74483 5
11943900 5.78687 5
11944000 5.45464 5
11944100 5.72843 5
11944200 5.8716 5
11944300 5.93992 5
11944400 5.91791 5
11944500 5.85785 5
11944600 5.75926 5
11944700 5.67261 5
11944800 5.72335 5
11944900 5.9652 5
11945000 5.91814 5
11945100 5.68995 5
11945200 5.75974 5
11945300 6.03705 5
11945400 5.98676 5
11945500 5.59555 5
11945600 5.58598 5
11945700 5.60304 5
11945800 5.62783 5
11945900 5.65773 5
11946000 5.81547 5
11946100 5.9801 5
11946200 5.88718 5
11946300 5.96274 5
11946400 5.92616 5
11946500 5.81987 5
11946600 5.67871 5
11946700 5.64423 5
11946800 5.73349 5
11946900 6.08481 5
11947000 5.83702 5
11947100 5.60697 5
11947200 5.85145 5
11947300 5.89776 5
11947400 5.61369 5
11947500 5.87888 5
11947600 5.99736 5
11947700 6.19636 5
11947800 6.1071 5
11947900 5.99587 5
11948000 5.95279 5
11948100 5.84515 5
11948200 5.85577 5
11948300 5.85869 5
11948400 6.01342 5
11948500 6.03603 5
11948600 5.80239 5
11948700 5.75301 5
11948800 5.9414 5
11948900 5.93569 5
11949000 5.86412 5
11949100 5.6984 5
11949200 5.86658 5
11949300 6.01855 5
11949400 5.96184 5
11949500 5.98072 5
11949600 5.85683 5
11949700 5.81448 5
11949800 6.14635 5
11949900 6.23182 5
11950000 6.13147 5
11950100 6.08445 5
11950200 5.9332 5
11950300 6.2274 5
11950400 6.28031 5
11950500 6.13425 5
11950600 6.03442 5
11950700 6.02827 5
11950800 5.74234 5
11950900 6.06852 5
11951000 6.15095 5
11951100 5.83097 5
11951200 5.49681 5
11951300 5.30246 5
11951400 5.61728 5
11951500 6.05471 5
11951600 6.36516 5
11951700 5.8837 5
11951800 5.5957 5
11951900 5.58888 5
11952000 5.66497 5
11952100 5.67245 5
11952200 5.78625 5
11952300 5.73079 5
11952400 5.61925 5
11952500 5.98481 5
11952600 6.22435 5
11952700 6.2752 5
11952800 5.82637 5
11952900 5.33245 5
11953000 5.36907 5
11953100 5.52792 5
11953200 5.82834 5
11953300 5.77718 5
11953400 5.51259 5
11953500 5.90925 5
11953600 5.88334 5
11953700 5.58746 5
11953800 5.75729 5
11953900 5.86602 5
11954000 6.03254 5
11954100 6.50587 5
11954200 6.3948 5
11954300 6.18202 5
11954400 6.42921 5
11954500 6.3263 5
11954600 6.07206 5
11954700 5.94625 5
11954800 5.97858 5
11954900 5.70736 5
11955000 5.5548 5
11955100 5.51743 5
11955200 5.80294 5
11955300 5.84715 5
11955400 5.6961 5
11955500 5.59632 5
11955600 5.86281 5
11955700 5.87744 5
11955800 5.59807 5
11955900 5.58931 5
11956000 5.83666 5
11956100 5.78421 5
11956200 5.81053 5
11956300 5.97666 5
11956400 5.72889 5
11956500 5.5561 5
11956600 5.73318 5
11956700 5.7897 5
11956800 5.5392 5
11956900 5.58695 5
11957000 5.48474 5
11957100 5.82592 5
11957200 6.3054 5
11957300 6.06552 5
11957400 5.93068 5
11957500 5.62912 5
11957600 5.86309 5
11957700 6.13291 5
11957800 5.95701 5
11957900 6.02711 5
11958000 5.84661 5
11958100 5.52328 5
11958200 5.39117 5
11958300 5.82832 5
11958400 5.79291 5
11958500 5.75684 5
11958600 5.76086 5
11958700 5.76779 5
11958800 5.76514 5
11958900 5.64979 5
11959000 5.9743 5
11959100 6.10021 5
11959200 6.11098 5
11959300 6.05998 5
11959400 6.19216 5
11959500 6.17411 5
11959600 5.64424 5
11959700 5.54131 5
11959800 5.67131 5
11959900 5.8582 5
11960000 5.6506 5
11960100 5.78908 5
11960200 5.74786 5
11960300 5.68229 5
11960400 5.69918 5
11960500 5.87126 5
11960600 5.9779 5
11960700 6.0728 5
11960800 6.22615 5
11960900 6.21174 5
11961000 6.33112 5
11961100 6.45402 5
11961200 5.99717 5
11961300 5.77128 5
11961400 6.03061 5
11961500 5.85341 5
11961600 5.66451 5
11961700 5.5927 5
11961800 5.43776 5
11961900 5.69348 5
11962000 5.9652 5
11962100 5.92546 5
11962200 5.87421 5
11962300 5.89784 5
11962400 5.67629 5
11962500 5.42789 5
11962600 5.58166 5
11962700 6.11056 5
11962800 6.19793 5
11962900 6.31756 5
11963000 6.04625 5
11963100 5.57614 5
11963200 5.87532 5
11963300 6.05301 5
11963400 5.86062 5
11963500 5.75362 5
11963600 5.7156 5
11963700 5.87882 5
11963800 5.78408 5
11963900 5.56695 5
11964000 5.71539 5
11964100 5.80828 5
11964200 5.74372 5
11964300 5.41058 5
11964400 5.21722 5
11964500 5.41974 5
11964600 5.67681 5
11964700 6.27454 5
11964800 6.45572 5
11964900 6.3866 5
11965000 6.343 5
11965100 6.04811 5
11965200 5.95398 5
11965300 5.79394 5
11965400 5.85711 5
11965500 5.87414 5
11965600 6.03933 5
11965700 6.09823 5
11965800 6.22906 5
11965900 6.05601 5
11966000 6.04299 5
11966100 6.19903 5
11966200 6.10871 5
11966300 6.22391 5
11966400 6.03749 5
11966500 6.05906 5
11966600 6.07507 5
11966700 5.96568 5
11966800 5.99942 5
11966900 5.93781 5
11967000 5.89965 5
11967100 5.74054 5
11967200 5.48423 5
11967300 5.63171 5
11967400 5.58584 5
11967500 5.67256 5
11967600 5.49872 5
11967700 5.45706 5
11967800 5.79474 5
11967900 5.99107 5
11968000 6.105 5
11968100 6.03739 5
11968200 6.03698 5
11968300 6.03064 5
11968400 5.85808 5
11968500 5.6581 5
11968600 5.89785 5
11968700 5.81531 5
11968800 5.77945 5
11968900 5.98632 5
11969000 5.71307 5
11969100 5.25639 5
11969200 5.23403 5
11969300 5.66135 5
11969400 5.72394 5
11969500 5.87067 5
11969600 6.02736 5
11969700 5.89986 5
11969800 5.68279 5
11969900 5.83526 5
11970000 6.01844 5
11970100 6.0327 5
11970200 5.77864 5
11970300 5.94835 5
11970400 6.26147 5
11970500 6.18121 5
11970600 5.95267 5
11970700 5.77633 5
11970800 5.60562 5
11970900 5.6221 5
11971000 5.53814 5
11971100 5.57432 5
11971200 5.56882 5
11971300 5.60456 5
11971400 5.81542 5
11971500 6.01494 5
11971600 6.25165 5
11971700 6.34794 5
11971800 6.16929 5
11971900 6.05304 5
11972000 5.8482 5
11972100 5.69024 5
11972200 5.62977 5
11972300 5.83091 5
11972400 5.91131 5
11972500 6.01418 5
11972600 6.15269 5
11972700 5.91812 5
11972800 5.60021 5
11972900 5.71525 5
11973000 5.82838 5
11973100 5.80406 5
11973200 5.69318 5
11973300 5.80051 5
11973400 6.02932 5
11973500 5.80647 5
11973600 5.73861 5
11973700 5.85731 5
11973800 5.98301 5
11973900 5.89351 5
11974000 6.17155 5
11974100 6.07098 5
11974200 5.85423 5
11974300 5.74809 5
11974400 5.59857 5
11974500 5.68504 5
11974600 5.91527 5
11974700 6.12323 5
11974800 5.86427 5
11974900 5.66184 5
11975000 5.63513 5
11975100 5.7414 5
11975200 6.05934 5
11975300 6.15527 5
11975400 6.20108 5
11975500 5.97815 5
11975600 6.05233 5
11975700 6.08795 5
11975800 6.36776 5
11975900 6.43201 5
11976000 6.2859 5
11976100 6.41463 5
11976200 6.23802 5
11976300 6.24698 5
11976400 6.40292 5
11976500 5.91995 5
11976600 5.54926 5
11976700 5.65224 5
11976800 5.94928 5
11976900 6.01513 5
11977000 5.74958 5
11977100 5.93501 5
11977200 6.02116 5
11977300 5.89141 5
11977400 5.85591 5
11977500 5.66578 5
11977600 5.78525 5
11977700 6.28598 5
11977800 6.74608 5
11977900 6.74236 5
11978000 6.3677 5
11978100 6.33018 5
11978200 6.08233 5
11978300 5.75587 5
11978400 5.65349 5
11978500 5.80544 5
11978600 5.79962 5
11978700 5.8112 5
11978800 5.7346 5
11978900 5.51792 5
11979000 5.72504 5
11979100 5.78754 5
11979200 5.76468 5
11979300 5.7477 5
11979400 5.81243 5
11979500 5.92297 5
11979600 6.14446 5
11979700 6.35866 5
11979800 6.16601 5
11979900 6.00352 5
11980000 5.95012 5
11980100 5.59245 5
11980200 5.5972 5
11980300 5.93599 5
11980400 5.96611 5
11980500 5.68327 5
11980600 5.71133 5
11980700 5.93541 5
11980800 5.96856 5
11980900 5.75287 5
11981000 5.47628 5
11981100 5.70994 5
11981200 5.45557 5
11981300 5.3053 5
11981400 5.59105 5
11981500 5.62946 5
11981600 5.42668 5
11981700 5.78023 5
11981800 5.88669 5
11981900 5.85621 5
11982000 5.77547 5
11982100 5.78331 5
11982200 5.97236 5
11982300 5.98343 5
11982400 5.9081 5
11982500 6.06165 5
11982600 5.94731 5
11982700 5.86518 5
11982800 5.7245 5
11982900 5.68595 5
11983000 5.71748 5
11983100 5.71369 5
11983200 5.47171 5
11983300 5.91396 5
11983400 6.23545 5
11983500 6.20872 5
11983600 6.02623 5
11983700 5.61552 5
11983800 5.40259 5
11983900 5.52958 5
11984000 5.90292 5
11984100 6.19542 5
11984200 6.08409 5
11984300 5.89556 5
11984400 5.58538 5
11984500 5.74656 5
11984600 5.83614 5
11984700 5.78379 5
11984800 5.81479 5
11984900 6.01537 5
11985000 6.0499 5
11985100 6.0897 5
11985200 5.924 5
11985300 5.60689 5
11985400 5.68149 5
11985500 5.80408 5
11985600 5.87977 5
11985700 6.0181 5
11985800 5.92323 5
11985900 5.57951 5
11986000 5.70777 5
11986100 5.77579 5
11986200 5.88523 5
11986300 5.87051 5
11986400 5.88891 5
11986500 5.93336 5
11986600 5.64036 5
11986700 5.62357 5
11986800 5.65912 5
11986900 5.91115 5
11987000 5.92145 5
11987100 5.92949 5
11987200 5.83733 5
11987300 5.62917 5
11987400 5.68738 5
11987500 5.91867 5
11987600 5.94546 5
11987700 6.01128 5
11987800 6.18616 5
11987900 6.01057 5
11988000 5.94889 5
11988100 5.69862 5
11988200 5.63728 5
11988300 5.72125 5
11988400 5.88144 5
11988500 5.81349 5
11988600 5.86065 5
11988700 5.82476 5
11988800 5.84823 5
11988900 5.82128 5
11989000 5.92467 5
11989100 5.99673 5
11989200 6.11212 5
11989300 6.05144 5
11989400 6.09637 5
11989500 5.97306 5
11989600 6.17954 5
11989700 6.0761 5
11989800 5.84995 5
11989900 5.71511 5
11990000 5.66908 5
11990100 5.97125 5
11990200 6.19895 5
11990300 6.08891 5
11990400 6.11575 5
11990500 6.22605 5
11990600 6.19586 5
11990700 5.91156 5
11990800 6.20946 5
11990900 6.19567 5
11991000 5.88889 5
11991100 5.68747 5
11991200 5.46847 5
11991300 5.53912 5
11991400 5.5305 5
11991500 5.30509 5
11991600 5.45371 5
11991700 5.73805 5
11991800 5.71703 5
11991900 5.67697 5
11992000 5.53302 5
11992100 6.0237 5
11992200 6.38872 5
11992300 6.42641 5
11992400 6.37555 5
11992500 6.37317 5
11992600 6.28571 5
11992700 6.0553 5
11992800 5.99718 5
11992900 6.26035 5
11993000 6.18863 5
11993100 6.30722 5
11993200 6.31269 5
11993300 6.40821 5
11993400 6.30986 5
11993500 6.22238 5
11993600 5.8774 5
11993700 5.82936 5
11993800 5.95781 5
11993900 6.04662 5
11994000 5.96052 5
11994100 5.74812 5
11994200 5.86701 5
11994300 5.98697 5
11994400 5.87313 5
11994500 5.80682 5
11994600 5.85745 5
11994700 5.88171 5
11994800 5.9256 5
11994900 5.8267 5
11995000 5.81758 5
11995100 5.89575 5
11995200 5.84856 5
11995300 5.88077 5
11995400 5.92286 5
11995500 5.54963 5
11995600 5.84831 5
11995700 5.87949 5
11995800 5.85344 5
11995900 5.92562 5
11996000 6.08351 5
11996100 6.10033 5
11996200 5.84404 5
11996300 5.63666 5
11996400 6.02199 5
11996500 5.92867 5
11996600 5.6683 5
11996700 5.57192 5
11996800 5.68415 5
11996900 5.85261 5
11997000 6.0931 5
11997100 5.9638 5
11997200 6.11706 5
11997300 6.12287 5
11997400 5.86197 5
11997500 5.96226 5
11997600 5.93816 5
11997700 5.89974 5
11997800 5.99819 5
11997900 6.19226 5
11998000 6.28104 5
11998100 6.14033 5
11998200 5.77492 5
11998300 5.77323 5
11998400 5.9475 5
11998500 5.99931 5
11998600 6.0146 5
11998700 5.94168 5
11998800 5.95557 5
11998900 5.8168 5
11999000 5.5709 5
11999100 6.2036 5
11999200 6.63519 5
11999300 6.35296 5
11999400 6.019 5
11999500 5.65936 5
11999600 5.64897 5
11999700 5.90299 5
11999800 6.04042 5
11999900 6.26018 5
12000000 6.3745 5
