# Time-averaged data for fix myat1
# TimeStep v_xave v_xdes
15000100 13.3268 13
15000200 13.5692 13
15000300 13.8432 13
15000400 13.6905 13
15000500 13.6315 13
15000600 13.464 13
15000700 13.3968 13
15000800 13.1768 13
15000900 13.1973 13
15001000 12.9702 13
15001100 12.705 13
15001200 12.8864 13
15001300 13.0601 13
15001400 13.1819 13
15001500 13.0647 13
15001600 13.1227 13
15001700 13.2004 13
15001800 13.1274 13
15001900 13.0233 13
15002000 12.793 13
15002100 12.8258 13
15002200 13.1456 13
15002300 13.3682 13
15002400 13.4975 13
15002500 13.5028 13
15002600 13.483 13
15002700 13.3909 13
15002800 12.907 13
15002900 13.0312 13
15003000 13.4253 13
15003100 13.6855 13
15003200 13.605 13
15003300 13.3489 13
15003400 12.97 13
15003500 12.6071 13
15003600 12.3242 13
15003700 12.2411 13
15003800 12.4117 13
15003900 12.5543 13
15004000 12.609 13
15004100 12.5584 13
15004200 12.6658 13
15004300 12.4006 13
15004400 12.4143 13
15004500 12.719 13
15004600 13.0622 13
15004700 13.2892 13
15004800 13.671 13
15004900 13.6138 13
15005000 13.3545 13
15005100 13.4081 13
15005200 13.3531 13
15005300 13.3904 13
15005400 13.2517 13
15005500 13.0235 13
15005600 12.9758 13
15005700 12.8363 13
15005800 12.5401 13
15005900 12.5547 13
15006000 12.9371 13
15006100 13.5557 13
15006200 13.7374 13
15006300 13.6558 13
15006400 13.4087 13
15006500 13.1483 13
15006600 13.0394 13
15006700 13.0312 13
15006800 13.0934 13
15006900 13.1494 13
15007000 13.0762 13
15007100 13.1417 13
15007200 13.1266 13
15007300 13.2078 13
15007400 13.3075 13
15007500 13.2818 13
15007600 12.9768 13
15007700 12.9706 13
15007800 13.0587 13
15007900 12.925 13
15008000 12.6116 13
15008100 12.3531 13
15008200 12.3874 13
15008300 12.3723 13
15008400 12.5381 13
15008500 12.8532 13
15008600 12.9813 13
15008700 12.9189 13
15008800 12.7994 13
15008900 12.767 13
15009000 12.5544 13
15009100 12.2953 13
15009200 12.4165 13
15009300 12.4618 13
15009400 12.5219 13
15009500 12.4469 13
15009600 12.6898 13
15009700 12.6635 13
15009800 12.7756 13
15009900 12.616 13
15010000 12.6178 13
15010100 12.6816 13
15010200 12.51 13
15010300 12.5881 13
15010400 12.5089 13
15010500 12.5724 13
15010600 12.7416 13
15010700 12.9095 13
15010800 12.9222 13
15010900 13.1348 13
15011000 12.9754 13
15011100 13.0128 13
15011200 13.279 13
15011300 13.1729 13
15011400 13.1962 13
15011500 13.2978 13
15011600 13.4942 13
15011700 13.2101 13
15011800 13.2121 13
15011900 13.4162 13
15012000 13.6376 13
15012100 13.8364 13
15012200 13.7565 13
15012300 13.7871 13
15012400 13.984 13
15012500 14.0549 13
15012600 13.7517 13
15012700 13.2964 13
15012800 13.0366 13
15012900 12.6121 13
15013000 12.5992 13
15013100 12.5603 13
15013200 12.4789 13
15013300 12.5627 13
15013400 12.2994 13
15013500 12.3363 13
15013600 12.3583 13
15013700 12.7741 13
15013800 13.1901 13
15013900 13.4625 13
15014000 13.3154 13
15014100 13.1016 13
15014200 13.3644 13
15014300 13.5308 13
15014400 13.4986 13
15014500 13.3806 13
15014600 13.3221 13
15014700 13.423 13
15014800 13.2526 13
15014900 13.1638 13
15015000 12.8803 13
15015100 12.7049 13
15015200 12.8899 13
15015300 12.9802 13
15015400 12.8714 13
15015500 12.9844 13
15015600 13.135 13
15015700 13.1977 13
15015800 12.9029 13
15015900 12.4845 13
15016000 12.0984 13
15016100 11.8464 13
15016200 12.2978 13
15016300 12.6449 13
15016400 12.524 13
15016500 12.1815 13
15016600 12.2169 13
15016700 12.4565 13
15016800 12.868 13
15016900 12.9424 13
15017000 12.9495 13
15017100 12.8519 13
15017200 13.0188 13
15017300 13.1515 13
15017400 13.1584 13
15017500 13.0177 13
15017600 12.9233 13
15017700 13.0623 13
15017800 12.9761 13
15017900 13.0802 13
15018000 13.4681 13
15018100 13.3763 13
15018200 13.3536 13
15018300 13.4023 13
15018400 13.2649 13
15018500 13.2652 13
15018600 13.3983 13
15018700 13.0981 13
15018800 12.9867 13
15018900 12.6041 13
15019000 12.6188 13
15019100 13.2346 13
15019200 13.4871 13
15019300 13.4185 13
15019400 13.3453 13
15019500 13.2803 13
15019600 13.2791 13
15019700 13.2678 13
15019800 13.3871 13
15019900 13.1546 13
15020000 12.9294 13
15020100 12.8883 13
15020200 13.0928 13
15020300 13.4014 13
15020400 13.5495 13
15020500 13.5701 13
15020600 13.4222 13
15020700 13.2881 13
15020800 13.2044 13
15020900 13.0595 13
15021000 12.9048 13
15021100 12.9129 13
15021200 12.9915 13
15021300 13.2291 13
15021400 13.8292 13
15021500 13.8621 13
15021600 13.4794 13
15021700 13.2082 13
15021800 12.9002 13
15021900 12.7104 13
15022000 12.642 13
15022100 12.5849 13
15022200 12.5752 13
15022300 12.662 13
15022400 12.7812 13
15022500 13.0398 13
15022600 13.3267 13
15022700 13.4645 13
15022800 13.7482 13
15022900 13.7857 13
15023000 13.5563 13
15023100 13.1633 13
15023200 12.9027 13
15023300 12.7327 13
15023400 12.6258 13
15023500 12.7704 13
15023600 12.7634 13
15023700 12.5628 13
15023800 12.9967 13
15023900 13.438 13
15024000 13.589 13
15024100 13.3402 13
15024200 12.7873 13
15024300 12.7403 13
15024400 12.5418 13
15024500 12.4807 13
15024600 12.8772 13
15024700 13.2003 13
15024800 13.4486 13
15024900 13.301 13
15025000 13.0746 13
15025100 13.267 13
15025200 13.3044 13
15025300 13.4897 13
15025400 13.2703 13
15025500 12.7109 13
15025600 12.5573 13
15025700 13.1257 13
15025800 13.3604 13
15025900 13.6713 13
15026000 13.7126 13
15026100 13.6348 13
15026200 13.422 13
15026300 13.3386 13
15026400 13.2719 13
15026500 13.2561 13
15026600 13.0635 13
15026700 13.0323 13
15026800 12.9122 13
15026900 12.8476 13
15027000 13.0085 13
15027100 13.0562 13
15027200 13.1893 13
15027300 13.3951 13
15027400 13.352 13
15027500 13.3177 13
15027600 13.0957 13
15027700 12.8915 13
15027800 12.7706 13
15027900 12.673 13
15028000 12.7684 13
15028100 12.6458 13
15028200 12.649 13
15028300 12.9228 13
15028400 13.007 13
15028500 13.0201 13
15028600 13.2692 13
15028700 13.5133 13
15028800 13.7389 13
15028900 13.6095 13
15029000 13.5158 13
15029100 13.1697 13
15029200 12.5623 13
15029300 12.2791 13
15029400 12.2125 13
15029500 12.3498 13
15029600 12.5279 13
15029700 12.892 13
15029800 13.2456 13
15029900 13.1516 13
15030000 12.957 13
15030100 12.7381 13
15030200 12.6597 13
15030300 12.6454 13
15030400 12.469 13
15030500 12.2698 13
15030600 12.1967 13
15030700 12.2797 13
15030800 12.399 13
15030900 12.4303 13
15031000 12.4375 13
15031100 12.5989 13
15031200 13.1752 13
15031300 13.3845 13
15031400 13.2929 13
15031500 13.0319 13
15031600 12.9311 13
15031700 12.9069 13
15031800 13.1296 13
15031900 12.9231 13
15032000 12.9801 13
15032100 12.972 13
15032200 13.0049 13
15032300 13.0895 13
15032400 13.0286 13
15032500 13.0848 13
15032600 13.0717 13
15032700 12.8271 13
15032800 12.4763 13
15032900 12.4929 13
15033000 12.6944 13
15033100 12.8693 13
15033200 12.7209 13
15033300 12.8566 13
15033400 13.1698 13
15033500 13.2773 13
15033600 13.0696 13
15033700 13.0323 13
15033800 12.8646 13
15033900 13.299 13
15034000 13.3823 13
15034100 13.3244 13
15034200 13.1039 13
15034300 12.8495 13
15034400 13.1566 13
15034500 13.116 13
15034600 12.9114 13
15034700 12.8143 13
15034800 12.8863 13
15034900 12.9191 13
15035000 12.798 13
15035100 12.8145 13
15035200 12.8134 13
15035300 13.1775 13
15035400 13.1805 13
15035500 13.2044 13
15035600 13.242 13
15035700 13.337 13
15035800 13.7104 13
15035900 14.0454 13
15036000 14.076 13
15036100 13.9188 13
15036200 13.5668 13
15036300 13.6035 13
15036400 13.6427 13
15036500 13.5492 13
15036600 13.2482 13
15036700 13.273 13
15036800 13.3174 13
15036900 13.0766 13
15037000 13.0475 13
15037100 12.7927 13
15037200 12.8826 13
15037300 13.0961 13
15037400 12.7327 13
15037500 12.6418 13
15037600 12.9768 13
15037700 13.4257 13
15037800 13.7412 13
15037900 13.6533 13
15038000 14.0432 13
15038100 14.3041 13
15038200 13.9198 13
15038300 13.312 13
15038400 12.8497 13
15038500 12.7612 13
15038600 12.8468 13
15038700 12.8555 13
15038800 13.0163 13
15038900 13.5019 13
15039000 13.3809 13
15039100 12.9256 13
15039200 12.5958 13
15039300 12.698 13
15039400 12.9407 13
15039500 12.8418 13
15039600 12.7202 13
15039700 12.5365 13
15039800 12.7288 13
15039900 12.8362 13
15040000 12.8825 13
15040100 12.7189 13
15040200 12.6883 13
15040300 12.5341 13
15040400 12.6272 13
15040500 12.5436 13
15040600 12.6599 13
15040700 12.802 13
15040800 13.0211 13
15040900 13.3235 13
15041000 13.3851 13
15041100 13.5779 13
15041200 13.6073 13
15041300 13.4629 13
15041400 13.6285 13
15041500 13.479 13
15041600 13.0778 13
15041700 12.9503 13
15041800 13.1608 13
15041900 13.0896 13
15042000 12.784 13
15042100 12.6403 13
15042200 12.9042 13
15042300 13.0968 13
15042400 12.9032 13
15042500 12.9748 13
15042600 12.8808 13
15042700 12.7313 13
15042800 12.6644 13
15042900 13.0308 13
15043000 13.447 13
15043100 13.3651 13
15043200 13.403 13
15043300 13.3828 13
15043400 12.9618 13
15043500 12.808 13
15043600 13.0255 13
15043700 13.2763 13
15043800 13.1374 13
15043900 13.3169 13
15044000 13.1819 13
15044100 13.098 13
15044200 13.1151 13
15044300 13.2978 13
15044400 13.2634 13
15044500 13.2329 13
15044600 13.2732 13
15044700 13.1849 13
15044800 13.2371 13
15044900 13.3083 13
15045000 13.3709 13
15045100 13.6029 13
15045200 13.3479 13
15045300 12.9386 13
15045400 12.7901 13
15045500 12.7707 13
15045600 13.1015 13
15045700 13.3582 13
15045800 13.4077 13
15045900 13.5147 13
15046000 13.5538 13
15046100 13.7046 13
15046200 13.7476 13
15046300 14.0164 13
15046400 13.7858 13
15046500 13.403 13
15046600 12.8707 13
15046700 12.8612 13
15046800 12.8966 13
15046900 12.9241 13
15047000 12.745 13
15047100 12.8215 13
15047200 12.9859 13
15047300 13.012 13
15047400 13.1172 13
15047500 13.0203 13
15047600 12.7369 13
15047700 12.4625 13
15047800 12.4441 13
15047900 12.3324 13
15048000 12.2918 13
15048100 12.542 13
15048200 12.5257 13
15048300 12.3872 13
15048400 12.4851 13
15048500 12.6178 13
15048600 12.4279 13
15048700 12.3426 13
15048800 12.3182 13
15048900 12.1047 13
15049000 11.9804 13
15049100 12.1174 13
15049200 12.4378 13
15049300 12.6075 13
15049400 12.4815 13
15049500 12.4528 13
15049600 12.3562 13
15049700 12.397 13
15049800 12.8153 13
15049900 12.9353 13
15050000 12.822 13
15050100 12.9404 13
15050200 12.9187 13
15050300 12.7767 13
15050400 13.0088 13
15050500 13.2339 13
15050600 13.1057 13
15050700 12.7771 13
15050800 12.7378 13
15050900 12.8927 13
15051000 13.1213 13
15051100 13.267 13
15051200 13.4667 13
15051300 13.5512 13
15051400 13.829 13
15051500 13.9954 13
15051600 13.978 13
15051700 13.5188 13
15051800 13.2394 13
15051900 13.374 13
15052000 13.389 13
15052100 12.9348 13
15052200 12.5039 13
15052300 12.5658 13
15052400 12.7013 13
15052500 13.1428 13
15052600 13.4047 13
15052700 13.3252 13
15052800 13.1895 13
15052900 12.9721 13
15053000 13.3064 13
15053100 13.5884 13
15053200 13.3759 13
15053300 13.1451 13
15053400 12.9074 13
15053500 12.5518 13
15053600 12.6919 13
15053700 12.9094 13
15053800 12.9965 13
15053900 12.8773 13
15054000 12.719 13
15054100 12.9025 13
15054200 12.8236 13
15054300 12.529 13
15054400 12.5716 13
15054500 12.746 13
15054600 12.9076 13
15054700 13.2513 13
15054800 12.9518 13
15054900 12.9458 13
15055000 12.9992 13
15055100 12.7911 13
15055200 12.6496 13
15055300 12.7958 13
15055400 12.8058 13
15055500 12.5679 13
15055600 12.3808 13
15055700 12.4879 13
15055800 12.3763 13
15055900 12.0973 13
15056000 12.3446 13
15056100 13.2249 13
15056200 13.4707 13
15056300 13.2834 13
15056400 13.2838 13
15056500 13.2292 13
15056600 13.4444 13
15056700 13.2795 13
15056800 13.1344 13
15056900 12.8832 13
15057000 13.0038 13
15057100 13.1693 13
15057200 13.069 13
15057300 13.0087 13
15057400 13.4229 13
15057500 12.9882 13
15057600 12.7937 13
15057700 12.6804 13
15057800 12.3751 13
15057900 12.3912 13
15058000 12.7153 13
15058100 12.8491 13
15058200 12.5748 13
15058300 12.563 13
15058400 12.7426 13
15058500 13.1224 13
15058600 13.2928 13
15058700 13.5953 13
15058800 13.8938 13
15058900 13.8207 13
15059000 13.4925 13
15059100 13.2701 13
15059200 13.0446 13
15059300 13.1004 13
15059400 13.3494 13
15059500 13.588 13
15059600 13.4714 13
15059700 13.5046 13
15059800 13.2663 13
15059900 13.0448 13
15060000 12.7548 13
15060100 12.6977 13
15060200 12.7872 13
15060300 13.0069 13
15060400 12.8464 13
15060500 12.6496 13
15060600 12.7218 13
15060700 12.8729 13
15060800 12.8718 13
15060900 13.0084 13
15061000 13.1556 13
15061100 13.1822 13
15061200 13.6135 13
15061300 13.8837 13
15061400 13.7176 13
15061500 13.6635 13
15061600 13.5479 13
15061700 13.4277 13
15061800 13.0418 13
15061900 12.98 13
15062000 13.1111 13
15062100 13.2625 13
15062200 13.3866 13
15062300 13.1863 13
15062400 13.0952 13
15062500 13.1124 13
15062600 13.1614 13
15062700 12.8179 13
15062800 12.9842 13
15062900 13.2233 13
15063000 13.3915 13
15063100 13.5489 13
15063200 13.7615 13
15063300 13.7659 13
15063400 13.5826 13
15063500 13.2312 13
15063600 12.7688 13
15063700 12.6095 13
15063800 12.9108 13
15063900 13.078 13
15064000 12.9316 13
15064100 12.8236 13
15064200 12.7648 13
15064300 12.696 13
15064400 12.7569 13
15064500 12.8702 13
15064600 12.9769 13
15064700 12.7535 13
15064800 12.7783 13
15064900 12.8789 13
15065000 13.2206 13
15065100 13.2479 13
15065200 13.2222 13
15065300 13.2246 13
15065400 13.2189 13
15065500 13.1526 13
15065600 12.7999 13
15065700 12.4805 13
15065800 12.369 13
15065900 12.3117 13
15066000 12.2032 13
15066100 12.4314 13
15066200 12.7192 13
15066300 12.7721 13
15066400 12.7997 13
15066500 13.245 13
15066600 13.2001 13
15066700 13.0788 13
15066800 12.7578 13
15066900 12.6988 13
15067000 12.7978 13
15067100 13.1233 13
15067200 13.0341 13
15067300 12.74 13
15067400 12.5471 13
15067500 12.4383 13
15067600 12.6418 13
15067700 12.8384 13
15067800 12.9129 13
15067900 12.7152 13
15068000 12.9927 13
15068100 13.2025 13
15068200 12.9812 13
15068300 13.0587 13
15068400 12.921 13
15068500 12.8751 13
15068600 13.0028 13
15068700 12.9583 13
15068800 13.4007 13
15068900 13.6611 13
15069000 13.5555 13
15069100 13.4723 13
15069200 13.3771 13
15069300 13.3801 13
15069400 13.3812 13
15069500 13.47 13
15069600 13.4151 13
15069700 13.2414 13
15069800 12.9381 13
15069900 13.1456 13
15070000 13.5041 13
15070100 13.682 13
15070200 13.8529 13
15070300 13.9072 13
15070400 13.9812 13
15070500 13.9282 13
15070600 14.0671 13
15070700 13.9722 13
15070800 13.9129 13
15070900 13.5149 13
15071000 12.8401 13
15071100 12.0836 13
15071200 11.5468 13
15071300 11.622 13
15071400 11.9717 13
15071500 12.1428 13
15071600 12.3182 13
15071700 12.5165 13
15071800 12.7733 13
15071900 12.9851 13
15072000 12.827 13
15072100 12.6593 13
15072200 12.6482 13
15072300 12.4186 13
15072400 12.39 13
15072500 12.875 13
15072600 12.9395 13
15072700 12.7978 13
15072800 12.9152 13
15072900 13.0503 13
15073000 12.9731 13
15073100 12.981 13
15073200 13.0438 13
15073300 13.1317 13
15073400 13.3054 13
15073500 13.1288 13
15073600 12.9983 13
15073700 12.8164 13
15073800 13.017 13
15073900 12.8796 13
15074000 12.6829 13
15074100 12.7294 13
15074200 12.8712 13
15074300 13.4243 13
15074400 13.8406 13
15074500 13.6525 13
15074600 13.2525 13
15074700 13.1528 13
15074800 13.1119 13
15074900 12.9718 13
15075000 12.9448 13
15075100 12.9968 13
15075200 13.2771 13
15075300 13.4525 13
15075400 13.6805 13
15075500 13.6234 13
15075600 13.3098 13
15075700 13.2265 13
15075800 13.2864 13
15075900 13.1613 13
15076000 12.97 13
15076100 13.0188 13
15076200 12.9752 13
15076300 12.7405 13
15076400 12.8065 13
15076500 12.8462 13
15076600 13.1143 13
15076700 13.323 13
15076800 13.525 13
15076900 13.4053 13
15077000 13.1273 13
15077100 12.9028 13
15077200 12.9048 13
15077300 12.9168 13
15077400 13.1535 13
15077500 13.3306 13
15077600 13.2286 13
15077700 12.9408 13
15077800 12.8523 13
15077900 12.8906 13
15078000 12.9949 13
15078100 13.1446 13
15078200 13.2974 13
15078300 13.0345 13
15078400 12.6777 13
15078500 12.7932 13
15078600 12.6421 13
15078700 12.419 13
15078800 12.5022 13
15078900 12.5506 13
15079000 12.6515 13
15079100 12.7462 13
15079200 12.6442 13
15079300 12.6679 13
15079400 12.4603 13
15079500 12.5079 13
15079600 12.8327 13
15079700 13.1172 13
15079800 12.7996 13
15079900 12.7597 13
15080000 13.1832 13
15080100 13.2421 13
15080200 13.1418 13
15080300 13.2217 13
15080400 13.3316 13
15080500 13.3568 13
15080600 13.4667 13
15080700 13.3823 13
15080800 13.5107 13
15080900 13.9927 13
15081000 13.8771 13
15081100 13.7137 13
15081200 13.4616 13
15081300 13.3993 13
15081400 13.7288 13
15081500 13.6568 13
15081600 13.3282 13
15081700 13.2564 13
15081800 13.4014 13
15081900 13.2954 13
15082000 13.1975 13
15082100 13.5786 13
15082200 14.0349 13
15082300 13.9108 13
15082400 13.4619 13
15082500 13.0266 13
15082600 12.6379 13
15082700 12.4323 13
15082800 12.5651 13
15082900 12.7747 13
15083000 13.0561 13
15083100 13.0849 13
15083200 12.9177 13
15083300 13.1526 13
15083400 13.2509 13
15083500 13.2343 13
15083600 13.565 13
15083700 13.3842 13
15083800 13.3211 13
15083900 13.5901 13
15084000 13.3489 13
15084100 12.518 13
15084200 12.3197 13
15084300 12.4885 13
15084400 12.6392 13
15084500 12.5791 13
15084600 12.5764 13
15084700 12.6267 13
15084800 12.8078 13
15084900 12.6054 13
15085000 12.3971 13
15085100 12.519 13
15085200 12.7132 13
15085300 12.7086 13
15085400 12.7846 13
15085500 12.9586 13
15085600 13.0785 13
15085700 13.1601 13
15085800 13.1226 13
15085900 12.8908 13
15086000 13.1652 13
15086100 12.8334 13
15086200 12.5598 13
15086300 12.9315 13
15086400 13.0126 13
15086500 12.847 13
15086600 12.7746 13
15086700 13.3478 13
15086800 13.6943 13
15086900 13.5026 13
15087000 13.0399 13
15087100 13.3176 13
15087200 13.5739 13
15087300 13.4771 13
15087400 13.1242 13
15087500 12.98 13
15087600 12.8249 13
15087700 12.908 13
15087800 12.9198 13
15087900 12.5496 13
15088000 12.5526 13
15088100 12.6686 13
15088200 12.618 13
15088300 13.0582 13
15088400 13.6565 13
15088500 13.8653 13
15088600 13.5636 13
15088700 13.5281 13
15088800 13.6948 13
15088900 13.6265 13
15089000 13.4302 13
15089100 13.2241 13
15089200 12.7703 13
15089300 12.6754 13
15089400 12.7872 13
15089500 12.9427 13
15089600 12.9822 13
15089700 13.1526 13
15089800 13.2867 13
15089900 13.3964 13
15090000 13.255 13
15090100 13.0407 13
15090200 13.105 13
15090300 13.0261 13
15090400 12.9418 13
15090500 13.0018 13
15090600 12.9023 13
15090700 12.4673 13
15090800 12.4188 13
15090900 12.3523 13
15091000 12.4512 13
15091100 12.7516 13
15091200 12.872 13
15091300 13.1098 13
15091400 13.4694 13
15091500 13.6712 13
15091600 13.3843 13
15091700 13.2754 13
15091800 13.2214 13
15091900 13.302 13
15092000 13.7332 13
15092100 13.6298 13
15092200 13.4229 13
15092300 13.3211 13
15092400 13.2874 13
15092500 13.2184 13
15092600 13.155 13
15092700 13.1978 13
15092800 13.2171 13
15092900 13.2685 13
15093000 13.1183 13
15093100 12.9968 13
15093200 12.8311 13
15093300 13.1017 13
15093400 13.11 13
15093500 12.6378 13
15093600 12.6297 13
15093700 12.9303 13
15093800 13.1566 13
15093900 13.4625 13
15094000 13.661 13
15094100 13.5726 13
15094200 13.5332 13
15094300 13.6918 13
15094400 13.466 13
15094500 13.3374 13
15094600 13.4027 13
15094700 13.2428 13
15094800 13.0206 13
15094900 12.9234 13
15095000 12.8038 13
15095100 12.9623 13
15095200 12.9992 13
15095300 13.1389 13
15095400 13.3421 13
15095500 13.5001 13
15095600 13.2295 13
15095700 13.0189 13
15095800 13.0869 13
15095900 13.1031 13
15096000 13.0274 13
15096100 13.1084 13
15096200 13.1622 13
15096300 13.2403 13
15096400 13.2773 13
15096500 13.4305 13
15096600 13.4928 13
15096700 13.1783 13
15096800 13.2138 13
15096900 13.0512 13
15097000 12.7964 13
15097100 13.0131 13
15097200 13.1153 13
15097300 12.9273 13
15097400 12.6555 13
15097500 12.6373 13
15097600 12.7066 13
15097700 13.2093 13
15097800 13.5924 13
15097900 13.7981 13
15098000 14.026 13
15098100 13.794 13
15098200 13.3755 13
15098300 13.3247 13
15098400 13.097 13
15098500 12.5836 13
15098600 12.5388 13
15098700 12.798 13
15098800 12.8296 13
15098900 12.9967 13
15099000 12.9811 13
15099100 12.777 13
15099200 13.0405 13
15099300 13.0693 13
15099400 13.1614 13
15099500 13.7196 13
15099600 13.656 13
15099700 13.4085 13
15099800 13.2195 13
15099900 13.1358 13
15100000 12.6869 13
15100100 12.7053 13
15100200 12.9088 13
15100300 12.8895 13
15100400 13.0304 13
15100500 13.0153 13
15100600 12.6976 13
15100700 12.7012 13
15100800 12.7692 13
15100900 12.7455 13
15101000 12.6024 13
15101100 12.7527 13
15101200 12.9605 13
15101300 13.1976 13
15101400 13.5273 13
15101500 13.9198 13
15101600 14.0118 13
15101700 14.1882 13
15101800 14.0213 13
15101900 13.7183 13
15102000 13.3467 13
15102100 13.1987 13
15102200 13.2847 13
15102300 13.2145 13
15102400 13.2288 13
15102500 13.1929 13
15102600 13.1994 13
15102700 13.3072 13
15102800 13.0683 13
15102900 12.6903 13
15103000 12.5565 13
15103100 12.9213 13
15103200 13.2017 13
15103300 13.3651 13
15103400 13.7981 13
15103500 13.5579 13
15103600 13.3796 13
15103700 13.3915 13
15103800 13.2611 13
15103900 13.4127 13
15104000 13.4613 13
15104100 13.3399 13
15104200 13.052 13
15104300 13.1488 13
15104400 13.2547 13
15104500 12.8203 13
15104600 12.7135 13
15104700 13.0418 13
15104800 13.3264 13
15104900 13.2801 13
15105000 13.2111 13
15105100 13.1572 13
15105200 13.0738 13
15105300 12.8511 13
15105400 12.7083 13
15105500 12.9328 13
15105600 12.9412 13
15105700 12.5787 13
15105800 12.7801 13
15105900 12.6782 13
15106000 12.3632 13
15106100 12.3735 13
15106200 12.4717 13
15106300 12.8589 13
15106400 12.9865 13
15106500 12.8844 13
15106600 12.8874 13
15106700 12.5788 13
15106800 12.4935 13
15106900 12.9136 13
15107000 13.1726 13
15107100 13.3921 13
15107200 13.5409 13
15107300 13.0237 13
15107400 12.927 13
15107500 13.2468 13
15107600 13.2991 13
15107700 13.2118 13
15107800 13.5174 13
15107900 13.8989 13
15108000 13.8785 13
15108100 13.6518 13
15108200 13.2889 13
15108300 13.09 13
15108400 13.2056 13
15108500 12.9966 13
15108600 13.2034 13
15108700 13.5403 13
15108800 13.7458 13
15108900 13.5763 13
15109000 13.2902 13
15109100 13.0332 13
15109200 12.8648 13
15109300 13.0521 13
15109400 13.1688 13
15109500 13.2478 13
15109600 13.0565 13
15109700 13.1578 13
15109800 13.2436 13
15109900 13.3202 13
15110000 13.2606 13
15110100 13.1754 13
15110200 13.3942 13
15110300 13.4098 13
15110400 13.0532 13
15110500 12.6818 13
15110600 12.5156 13
15110700 12.4643 13
15110800 12.5453 13
15110900 12.7006 13
15111000 12.6906 13
15111100 12.6539 13
15111200 12.7352 13
15111300 12.7194 13
15111400 12.6948 13
15111500 12.821 13
15111600 12.85 13
15111700 12.6771 13
15111800 12.5345 13
15111900 12.5004 13
15112000 12.9755 13
15112100 12.9876 13
15112200 12.8465 13
15112300 12.4983 13
15112400 12.5514 13
15112500 12.8158 13
15112600 13.2458 13
15112700 13.3427 13
15112800 13.2271 13
15112900 13.1343 13
15113000 12.9645 13
15113100 12.6206 13
15113200 12.9565 13
15113300 13.0837 13
15113400 12.7756 13
15113500 12.4583 13
15113600 12.1902 13
15113700 12.2476 13
15113800 12.7107 13
15113900 12.8494 13
15114000 12.8181 13
15114100 12.9058 13
15114200 12.8657 13
15114300 12.7831 13
15114400 13.033 13
15114500 13.2517 13
15114600 13.3712 13
15114700 13.6126 13
15114800 13.6583 13
15114900 13.5863 13
15115000 13.3613 13
15115100 13.3749 13
15115200 13.2786 13
15115300 13.4622 13
15115400 13.6247 13
15115500 13.2943 13
15115600 13.1528 13
15115700 13.3581 13
15115800 13.3814 13
15115900 13.3403 13
15116000 13.1968 13
15116100 13.2063 13
15116200 13.002 13
15116300 12.4603 13
15116400 12.5271 13
15116500 12.7028 13
15116600 12.8777 13
15116700 13.1369 13
15116800 13.0747 13
15116900 12.9363 13
15117000 13.1076 13
15117100 13.1948 13
15117200 12.889 13
15117300 12.8082 13
15117400 12.9707 13
15117500 13.4387 13
15117600 13.8284 13
15117700 14.034 13
15117800 13.9903 13
15117900 13.9211 13
15118000 13.7251 13
15118100 13.5769 13
15118200 13.3374 13
15118300 13.014 13
15118400 12.8744 13
15118500 12.6168 13
15118600 12.5717 13
15118700 12.5331 13
15118800 12.766 13
15118900 12.5991 13
15119000 12.6983 13
15119100 12.9148 13
15119200 12.9581 13
15119300 12.9386 13
15119400 13.1547 13
15119500 12.9133 13
15119600 12.6355 13
15119700 12.1912 13
15119800 11.891 13
15119900 12.0359 13
15120000 12.1069 13
15120100 12.508 13
15120200 12.6451 13
15120300 12.3417 13
15120400 12.2699 13
15120500 12.4214 13
15120600 12.3361 13
15120700 12.6735 13
15120800 12.9415 13
15120900 13.1427 13
15121000 13.0909 13
15121100 12.9935 13
15121200 12.765 13
15121300 12.8383 13
15121400 13.1519 13
15121500 13.2328 13
15121600 13.1236 13
15121700 13.1047 13
15121800 12.9024 13
15121900 12.9375 13
15122000 12.8655 13
15122100 12.3762 13
15122200 12.0826 13
15122300 12.2258 13
15122400 12.3614 13
15122500 12.6172 13
15122600 12.7788 13
15122700 12.7323 13
15122800 13.0363 13
15122900 13.3569 13
15123000 13.569 13
15123100 13.6056 13
15123200 13.6812 13
15123300 13.7983 13
15123400 13.6878 13
15123500 13.773 13
15123600 13.5189 13
15123700 13.2595 13
15123800 13.3141 13
15123900 13.4009 13
15124000 13.2887 13
15124100 13.102 13
15124200 12.764 13
15124300 12.6244 13
15124400 12.5916 13
15124500 12.7008 13
15124600 12.7377 13
15124700 12.6355 13
15124800 12.4076 13
15124900 12.2259 13
15125000 12.4958 13
15125100 12.4788 13
15125200 12.3654 13
15125300 12.1609 13
15125400 12.5048 13
15125500 12.7272 13
15125600 12.5824 13
15125700 12.4793 13
15125800 12.2912 13
15125900 12.4226 13
15126000 12.4764 13
15126100 12.5755 13
15126200 12.6186 13
15126300 12.5432 13
15126400 12.4401 13
15126500 12.1437 13
15126600 11.9837 13
15126700 12.1289 13
15126800 12.342 13
15126900 12.3421 13
15127000 12.6205 13
15127100 13.1705 13
15127200 13.3013 13
15127300 13.1379 13
15127400 13.1555 13
15127500 13.1807 13
15127600 13.0083 13
15127700 13.0003 13
15127800 12.9914 13
15127900 12.8438 13
15128000 12.7731 13
15128100 12.9328 13
15128200 13.235 13
15128300 13.1914 13
15128400 13.3062 13
15128500 13.4912 13
15128600 13.2699 13
15128700 12.8135 13
15128800 12.4298 13
15128900 12.6301 13
15129000 12.9985 13
15129100 12.9144 13
15129200 12.9644 13
15129300 12.8867 13
15129400 13.1467 13
15129500 13.1115 13
15129600 12.8967 13
15129700 13.1411 13
15129800 13.4505 13
15129900 13.2899 13
15130000 13.0669 13
15130100 12.6287 13
15130200 12.402 13
15130300 12.7138 13
15130400 12.8783 13
15130500 13.1128 13
15130600 13.0027 13
15130700 12.8959 13
15130800 12.9367 13
15130900 12.9999 13
15131000 13.0172 13
15131100 13.1203 13
15131200 13.3188 13
15131300 13.3152 13
15131400 13.1851 13
15131500 13.0239 13
15131600 13.0526 13
15131700 13.3696 13
15131800 13.1909 13
15131900 12.7256 13
15132000 12.6168 13
15132100 12.4536 13
15132200 12.4631 13
15132300 12.7161 13
15132400 12.819 13
15132500 12.6101 13
15132600 12.5321 13
15132700 12.1592 13
15132800 12.4223 13
15132900 12.8495 13
15133000 12.8907 13
15133100 13.2056 13
15133200 13.0873 13
15133300 13.1742 13
15133400 13.3838 13
15133500 13.5533 13
15133600 13.5053 13
15133700 13.5989 13
15133800 13.7416 13
15133900 13.5793 13
15134000 13.6526 13
15134100 13.474 13
15134200 13.2348 13
15134300 12.8295 13
15134400 12.5082 13
15134500 12.4697 13
15134600 12.3653 13
15134700 12.5101 13
15134800 12.6521 13
15134900 12.9493 13
15135000 12.8936 13
15135100 12.6852 13
15135200 12.6606 13
15135300 12.5777 13
15135400 12.496 13
15135500 12.2471 13
15135600 12.0361 13
15135700 12.5034 13
15135800 12.8574 13
15135900 13.1978 13
15136000 13.169 13
15136100 13.0237 13
15136200 13.4802 13
15136300 13.6279 13
15136400 13.5758 13
15136500 13.1029 13
15136600 12.7801 13
15136700 12.7741 13
15136800 12.8491 13
15136900 12.8974 13
15137000 12.9773 13
15137100 12.8911 13
15137200 12.9225 13
15137300 12.9815 13
15137400 13.1293 13
15137500 13.4257 13
15137600 13.3398 13
15137700 13.3906 13
15137800 13.5827 13
15137900 13.4489 13
15138000 13.2355 13
15138100 13.3194 13
15138200 13.5243 13
15138300 13.4152 13
15138400 12.8663 13
15138500 12.6828 13
15138600 12.6259 13
15138700 13.1038 13
15138800 13.2648 13
15138900 13.0174 13
15139000 12.9719 13
15139100 12.7546 13
15139200 12.6229 13
15139300 12.6597 13
15139400 12.8202 13
15139500 13.0002 13
15139600 12.7318 13
15139700 12.7047 13
15139800 12.8157 13
15139900 13.1156 13
15140000 13.3337 13
15140100 13.1819 13
15140200 12.9346 13
15140300 12.6199 13
15140400 12.5753 13
15140500 12.8235 13
15140600 13.1595 13
15140700 13.341 13
15140800 13.5763 13
15140900 13.5216 13
15141000 13.2484 13
15141100 13.553 13
15141200 13.63 13
15141300 13.6488 13
15141400 13.6253 13
15141500 13.4904 13
15141600 13.2418 13
15141700 13.4462 13
15141800 13.6099 13
15141900 13.6789 13
15142000 13.4061 13
15142100 12.9623 13
15142200 12.6657 13
15142300 12.3202 13
15142400 11.9969 13
15142500 11.9073 13
15142600 11.88 13
15142700 12.0983 13
15142800 12.5639 13
15142900 12.854 13
15143000 13.0718 13
15143100 13.0717 13
15143200 12.868 13
15143300 12.8097 13
15143400 13.1966 13
15143500 13.3635 13
15143600 13.1738 13
15143700 13.0748 13
15143800 12.9655 13
15143900 13.1012 13
15144000 13.2432 13
15144100 13.4516 13
15144200 13.5937 13
15144300 13.3288 13
15144400 13.3898 13
15144500 13.5995 13
15144600 13.6369 13
15144700 13.6936 13
15144800 13.7217 13
15144900 13.7851 13
15145000 13.6269 13
15145100 13.2218 13
15145200 12.855 13
15145300 12.4707 13
15145400 12.5488 13
15145500 12.7312 13
15145600 12.8557 13
15145700 12.7558 13
15145800 12.2627 13
15145900 12.2171 13
15146000 12.5903 13
15146100 12.9898 13
15146200 13.2474 13
15146300 13.4067 13
15146400 13.5099 13
15146500 13.7195 13
15146600 13.7546 13
15146700 13.818 13
15146800 13.5025 13
15146900 13.3633 13
15147000 13.3782 13
15147100 13.337 13
15147200 13.3343 13
15147300 13.5375 13
15147400 13.6561 13
15147500 13.4583 13
15147600 13.2718 13
15147700 12.9887 13
15147800 12.8594 13
15147900 12.6758 13
15148000 12.6413 13
15148100 12.825 13
15148200 12.5811 13
15148300 12.4999 13
15148400 12.687 13
15148500 12.9906 13
15148600 13.2446 13
15148700 13.6145 13
15148800 13.5965 13
15148900 13.2967 13
15149000 13.0675 13
15149100 12.8365 13
15149200 12.6755 13
15149300 12.6602 13
15149400 12.6919 13
15149500 12.4755 13
15149600 12.6048 13
15149700 12.7078 13
15149800 12.8846 13
15149900 13.1378 13
15150000 13.1418 13
15150100 12.9846 13
15150200 13.1039 13
15150300 13.0838 13
15150400 12.9075 13
15150500 12.9216 13
15150600 13.0246 13
15150700 13.157 13
15150800 13.1765 13
15150900 13.2057 13
15151000 13.2272 13
15151100 13.3159 13
15151200 13.2525 13
15151300 13.253 13
15151400 13.054 13
15151500 12.8883 13
15151600 12.8553 13
15151700 12.9647 13
15151800 13.1411 13
15151900 13.1682 13
15152000 13.2457 13
15152100 13.0823 13
15152200 12.806 13
15152300 12.5673 13
15152400 12.7799 13
15152500 12.9892 13
15152600 13.0065 13
15152700 13.1778 13
15152800 13.3285 13
15152900 13.3295 13
15153000 13.2043 13
15153100 13.2868 13
15153200 13.3803 13
15153300 13.4002 13
15153400 13.2217 13
15153500 13.2305 13
15153600 13.2207 13
15153700 13.2733 13
15153800 13.1528 13
15153900 12.6689 13
15154000 12.6493 13
15154100 12.8654 13
15154200 12.9631 13
15154300 13.0539 13
15154400 12.7936 13
15154500 12.6357 13
15154600 12.9167 13
15154700 13.1098 13
15154800 13.2768 13
15154900 13.4623 13
15155000 13.8765 13
15155100 13.8555 13
15155200 13.5924 13
15155300 13.4334 13
15155400 13.6723 13
15155500 13.818 13
15155600 13.4956 13
15155700 13.3139 13
15155800 13.3062 13
15155900 13.3312 13
15156000 13.2329 13
15156100 12.8853 13
15156200 12.7056 13
15156300 12.7248 13
15156400 12.8477 13
15156500 12.9654 13
15156600 12.8103 13
15156700 12.899 13
15156800 13.014 13
15156900 13.3706 13
15157000 13.5251 13
15157100 13.0658 13
15157200 12.9211 13
15157300 12.8823 13
15157400 12.5033 13
15157500 12.3047 13
15157600 12.3736 13
15157700 12.5134 13
15157800 12.8781 13
15157900 12.8743 13
15158000 12.9144 13
15158100 12.9408 13
15158200 13.3385 13
15158300 13.6069 13
15158400 13.4189 13
15158500 13.0167 13
15158600 12.7422 13
15158700 12.495 13
15158800 12.617 13
15158900 13.1233 13
15159000 13.2968 13
15159100 13.1926 13
15159200 13.0833 13
15159300 13.0717 13
15159400 12.9724 13
15159500 13.228 13
15159600 13.4355 13
15159700 13.4497 13
15159800 13.7863 13
15159900 13.8916 13
15160000 13.8366 13
15160100 13.5633 13
15160200 13.2551 13
15160300 13.5652 13
15160400 13.6738 13
15160500 13.5176 13
15160600 13.8917 13
15160700 14.0161 13
15160800 13.64 13
15160900 13.3899 13
15161000 13.3774 13
15161100 13.1513 13
15161200 13.0945 13
15161300 12.8404 13
15161400 12.5798 13
15161500 12.3656 13
15161600 12.5408 13
15161700 12.8701 13
15161800 13.2566 13
15161900 13.0829 13
15162000 12.7903 13
15162100 13.0167 13
15162200 13.0885 13
15162300 13.0015 13
15162400 13.1026 13
15162500 13.2289 13
15162600 12.7327 13
15162700 12.4974 13
15162800 12.6355 13
15162900 12.6724 13
15163000 12.637 13
15163100 13.0117 13
15163200 13.2994 13
15163300 13.6251 13
15163400 13.4605 13
15163500 13.5371 13
15163600 13.6899 13
15163700 13.7574 13
15163800 13.7223 13
15163900 13.3296 13
15164000 13.4666 13
15164100 13.6582 13
15164200 13.4279 13
15164300 13.0168 13
15164400 12.7763 13
15164500 12.8953 13
15164600 13.0654 13
15164700 13.3641 13
15164800 13.3947 13
15164900 13.2261 13
15165000 13.2792 13
15165100 13.2008 13
15165200 13.1473 13
15165300 13.1134 13
15165400 13.1549 13
15165500 13.1798 13
15165600 13.0459 13
15165700 13.1583 13
15165800 13.2207 13
15165900 13.3701 13
15166000 13.3017 13
15166100 13.524 13
15166200 13.5969 13
15166300 13.6307 13
15166400 13.7637 13
15166500 13.5793 13
15166600 12.9078 13
15166700 12.3418 13
15166800 12.4148 13
15166900 12.7511 13
15167000 12.8572 13
15167100 13.1122 13
15167200 12.9242 13
15167300 12.9642 13
15167400 13.1364 13
15167500 13.2435 13
15167600 13.286 13
15167700 13.2558 13
15167800 13.5155 13
15167900 13.5187 13
15168000 13.4341 13
15168100 13.4256 13
15168200 13.2208 13
15168300 12.7332 13
15168400 12.739 13
15168500 12.568 13
15168600 12.3999 13
15168700 12.6347 13
15168800 12.7055 13
15168900 12.7937 13
15169000 12.9186 13
15169100 12.7059 13
15169200 12.84 13
15169300 12.9792 13
15169400 13.23 13
15169500 13.7698 13
15169600 14.3438 13
15169700 14.0986 13
15169800 13.7748 13
15169900 13.5987 13
15170000 13.3169 13
15170100 13.0987 13
15170200 12.8791 13
15170300 12.8916 13
15170400 12.9688 13
15170500 12.6545 13
15170600 12.7126 13
15170700 12.8327 13
15170800 12.3651 13
15170900 12.1009 13
15171000 12.0855 13
15171100 12.64 13
15171200 13.1862 13
15171300 13.2948 13
15171400 13.241 13
15171500 13.3667 13
15171600 13.426 13
15171700 13.6425 13
15171800 13.6831 13
15171900 13.7318 13
15172000 13.6237 13
15172100 13.539 13
15172200 13.4209 13
15172300 13.1851 13
15172400 12.9839 13
15172500 13.243 13
15172600 13.1049 13
15172700 13.1098 13
15172800 12.9668 13
15172900 13.0664 13
15173000 13.1586 13
15173100 13.102 13
15173200 13.0316 13
15173300 12.8904 13
15173400 12.5806 13
15173500 12.6241 13
15173600 12.48 13
15173700 12.723 13
15173800 12.9376 13
15173900 13.3122 13
15174000 13.541 13
15174100 13.0529 13
15174200 13.1532 13
15174300 13.5387 13
15174400 13.6807 13
15174500 13.6833 13
15174600 13.7612 13
15174700 13.7637 13
15174800 13.5723 13
15174900 13.3242 13
15175000 13.0642 13
15175100 12.919 13
15175200 12.9276 13
15175300 12.9979 13
15175400 13.1825 13
15175500 13.2901 13
15175600 13.1987 13
15175700 13.1676 13
15175800 12.8662 13
15175900 12.7601 13
15176000 12.9739 13
15176100 13.1569 13
15176200 13.0994 13
15176300 12.7648 13
15176400 13.0444 13
15176500 13.4454 13
15176600 13.4885 13
15176700 13.229 13
15176800 13.0163 13
15176900 13.1951 13
15177000 13.2589 13
15177100 12.9546 13
15177200 12.8032 13
15177300 12.6965 13
15177400 12.8102 13
15177500 12.77 13
15177600 12.6657 13
15177700 12.8412 13
15177800 12.9013 13
15177900 13.0629 13
15178000 13.1662 13
15178100 12.9025 13
15178200 12.6847 13
15178300 12.46 13
15178400 12.3279 13
15178500 12.7573 13
15178600 13.2248 13
15178700 13.46 13
15178800 13.3227 13
15178900 12.8887 13
15179000 12.8929 13
15179100 12.7848 13
15179200 12.8932 13
15179300 13.0075 13
15179400 13.0259 13
15179500 13.1285 13
15179600 12.9628 13
15179700 12.7801 13
15179800 12.9375 13
15179900 13.0114 13
15180000 12.8646 13
15180100 12.7136 13
15180200 12.7648 13
15180300 12.8822 13
15180400 13.0337 13
15180500 13.3507 13
15180600 13.2964 13
15180700 12.9572 13
15180800 13.1052 13
15180900 12.799 13
15181000 12.6996 13
15181100 12.5502 13
15181200 12.6432 13
15181300 12.9882 13
15181400 13.2751 13
15181500 12.972 13
15181600 12.6074 13
15181700 12.4275 13
15181800 12.8475 13
15181900 13.0202 13
15182000 13.1593 13
15182100 13.4643 13
15182200 13.4093 13
15182300 13.2034 13
15182400 12.8496 13
15182500 13.0941 13
15182600 13.1435 13
15182700 13.0639 13
15182800 13.0868 13
15182900 13.3578 13
15183000 13.7252 13
15183100 13.8925 13
15183200 13.5176 13
15183300 13.0599 13
15183400 13.17 13
15183500 13.1511 13
15183600 13.0839 13
15183700 12.8676 13
15183800 12.9138 13
15183900 12.747 13
15184000 12.3823 13
15184100 12.5134 13
15184200 12.7923 13
15184300 12.8444 13
15184400 13.0516 13
15184500 13.3428 13
15184600 13.6277 13
15184700 13.4997 13
15184800 13.3158 13
15184900 13.2761 13
15185000 13.3258 13
15185100 13.1995 13
15185200 12.8891 13
15185300 12.5489 13
15185400 12.4634 13
15185500 12.7108 13
15185600 12.767 13
15185700 12.5672 13
15185800 12.6893 13
15185900 12.9665 13
15186000 12.6777 13
15186100 12.7098 13
15186200 13.232 13
15186300 13.7316 13
15186400 13.7242 13
15186500 13.529 13
15186600 13.3217 13
15186700 13.4334 13
15186800 13.477 13
15186900 13.1099 13
15187000 12.8695 13
15187100 12.7207 13
15187200 12.7001 13
15187300 12.7225 13
15187400 13.0896 13
15187500 13.0637 13
15187600 12.9107 13
15187700 12.7075 13
15187800 12.5418 13
15187900 12.6162 13
15188000 12.7607 13
15188100 12.4162 13
15188200 12.1724 13
15188300 12.0216 13
15188400 12.04 13
15188500 12.2916 13
15188600 12.7602 13
15188700 12.9092 13
15188800 12.6349 13
15188900 12.378 13
15189000 12.4206 13
15189100 12.1557 13
15189200 12.1351 13
15189300 12.3127 13
15189400 12.6818 13
15189500 12.911 13
15189600 13.0934 13
15189700 13.1716 13
15189800 12.964 13
15189900 12.9215 13
15190000 12.964 13
15190100 13.026 13
15190200 13.0173 13
15190300 13.1708 13
15190400 13.1905 13
15190500 13.3863 13
15190600 13.4921 13
15190700 13.3568 13
15190800 13.1544 13
15190900 13.3218 13
15191000 13.4411 13
15191100 13.4909 13
15191200 13.5013 13
15191300 13.6735 13
15191400 13.5443 13
15191500 13.224 13
15191600 13.2186 13
15191700 13.1839 13
15191800 12.9692 13
15191900 12.6743 13
15192000 12.8029 13
15192100 13.0212 13
15192200 13.2943 13
15192300 13.1585 13
15192400 13.1593 13
15192500 13.615 13
15192600 13.7921 13
15192700 13.4409 13
15192800 13.2818 13
15192900 13.1208 13
15193000 13.2289 13
15193100 12.8546 13
15193200 12.5161 13
15193300 12.4306 13
15193400 12.5417 13
15193500 12.4967 13
15193600 12.4804 13
15193700 12.635 13
15193800 12.7961 13
15193900 13.059 13
15194000 13.0696 13
15194100 13.1339 13
15194200 13.0995 13
15194300 13.148 13
15194400 13.1778 13
15194500 13.152 13
15194600 13.1507 13
15194700 13.1694 13
15194800 13.0291 13
15194900 13.2977 13
15195000 13.3121 13
15195100 13.1594 13
15195200 12.9072 13
15195300 12.7664 13
15195400 13.1383 13
15195500 13.3077 13
15195600 13.3749 13
15195700 13.2306 13
15195800 13.4427 13
15195900 13.5711 13
15196000 13.5742 13
15196100 13.5567 13
15196200 13.3606 13
15196300 13.1872 13
15196400 13.4583 13
15196500 13.3281 13
15196600 12.9846 13
15196700 12.8716 13
15196800 12.7018 13
15196900 12.3379 13
15197000 12.3687 13
15197100 12.4349 13
15197200 12.3827 13
15197300 12.445 13
15197400 12.7441 13
15197500 12.6963 13
15197600 12.5723 13
15197700 12.6921 13
15197800 12.7457 13
15197900 12.8394 13
15198000 12.6775 13
15198100 12.5904 13
15198200 12.4696 13
15198300 12.5685 13
15198400 12.7547 13
15198500 12.5976 13
15198600 12.5495 13
15198700 12.6541 13
15198800 12.735 13
15198900 13.1945 13
15199000 13.5519 13
15199100 13.2843 13
15199200 13.1335 13
15199300 13.1645 13
15199400 13.1647 13
15199500 13.2199 13
15199600 13.0559 13
15199700 13.0013 13
15199800 13.4292 13
15199900 13.5923 13
15200000 13.5449 13
