# Time-averaged data for fix myat1
# TimeStep v_xave v_xdes
1400100 -21.5399 -21
1400200 -21.6078 -21
1400300 -21.5738 -21
1400400 -21.335 -21
1400500 -21.0453 -21
1400600 -21.1817 -21
1400700 -21.4771 -21
1400800 -21.9689 -21
1400900 -21.7287 -21
1401000 -21.5091 -21
1401100 -21.5324 -21
1401200 -21.6126 -21
1401300 -21.6169 -21
1401400 -21.4874 -21
1401500 -21.4785 -21
1401600 -21.4899 -21
1401700 -21.6535 -21
1401800 -21.5635 -21
1401900 -21.3242 -21
1402000 -21.1404 -21
1402100 -20.9272 -21
1402200 -21.1028 -21
1402300 -21.1 -21
1402400 -20.9562 -21
1402500 -20.7608 -21
1402600 -20.6793 -21
1402700 -20.4863 -21
1402800 -20.1246 -21
1402900 -20.1956 -21
1403000 -20.7397 -21
1403100 -20.9077 -21
1403200 -20.7891 -21
1403300 -20.6306 -21
1403400 -20.5658 -21
1403500 -20.5328 -21
1403600 -20.726 -21
1403700 -20.7373 -21
1403800 -20.4557 -21
1403900 -20.1898 -21
1404000 -20.2549 -21
1404100 -20.7869 -21
1404200 -21.0668 -21
1404300 -21.0608 -21
1404400 -21.3999 -21
1404500 -21.4859 -21
1404600 -21.0898 -21
1404700 -20.8966 -21
1404800 -21.0855 -21
1404900 -21.3966 -21
1405000 -21.4063 -21
1405100 -21.0812 -21
1405200 -21.2432 -21
1405300 -21.1889 -21
1405400 -21.3366 -21
1405500 -21.5224 -21
1405600 -21.3815 -21
1405700 -21.5046 -21
1405800 -21.3344 -21
1405900 -21.0807 -21
1406000 -20.641 -21
1406100 -20.6641 -21
1406200 -20.8217 -21
1406300 -21.2179 -21
1406400 -21.4177 -21
1406500 -21.3556 -21
1406600 -21.4399 -21
1406700 -21.4457 -21
1406800 -21.5106 -21
1406900 -21.5961 -21
1407000 -21.4985 -21
1407100 -21.3803 -21
1407200 -21.0571 -21
1407300 -20.9499 -21
1407400 -21.2756 -21
1407500 -21.6586 -21
1407600 -21.8515 -21
1407700 -21.636 -21
1407800 -21.7878 -21
1407900 -21.6802 -21
1408000 -21.4551 -21
1408100 -21.4696 -21
1408200 -21.6753 -21
1408300 -21.774 -21
1408400 -21.7321 -21
1408500 -21.7648 -21
1408600 -21.8934 -21
1408700 -21.6246 -21
1408800 -21.2011 -21
1408900 -21.2142 -21
1409000 -21.4154 -21
1409100 -21.3886 -21
1409200 -21.2348 -21
1409300 -21.2766 -21
1409400 -20.8462 -21
1409500 -20.7979 -21
1409600 -20.9004 -21
1409700 -21.3197 -21
1409800 -21.5686 -21
1409900 -21.3842 -21
1410000 -20.972 -21
1410100 -20.7025 -21
1410200 -20.8516 -21
1410300 -21.0693 -21
1410400 -21.0868 -21
1410500 -20.7195 -21
1410600 -20.7611 -21
1410700 -21.0716 -21
1410800 -21.2832 -21
1410900 -21.5196 -21
1411000 -21.7365 -21
1411100 -21.6648 -21
1411200 -21.4969 -21
1411300 -21.377 -21
1411400 -21.4228 -21
1411500 -21.202 -21
1411600 -21.1077 -21
1411700 -21.0866 -21
1411800 -20.8196 -21
1411900 -20.8603 -21
1412000 -21.0723 -21
1412100 -21.4231 -21
1412200 -21.4346 -21
1412300 -21.0125 -21
1412400 -20.7588 -21
1412500 -20.7534 -21
1412600 -20.7752 -21
1412700 -20.9957 -21
1412800 -21.219 -21
1412900 -21.2935 -21
1413000 -20.923 -21
1413100 -20.9199 -21
1413200 -20.5941 -21
1413300 -20.4748 -21
1413400 -20.8248 -21
1413500 -20.8674 -21
1413600 -20.8591 -21
1413700 -20.6916 -21
1413800 -20.7996 -21
1413900 -20.8935 -21
1414000 -20.8831 -21
1414100 -21.0871 -21
1414200 -20.9421 -21
1414300 -20.7863 -21
1414400 -20.972 -21
1414500 -21.2373 -21
1414600 -21.4892 -21
1414700 -21.3998 -21
1414800 -21.3698 -21
1414900 -21.3931 -21
1415000 -21.4093 -21
1415100 -21.2802 -21
1415200 -21.2243 -21
1415300 -21.1148 -21
1415400 -20.907 -21
1415500 -20.9446 -21
1415600 -21.0574 -21
1415700 -21.0164 -21
1415800 -21.2351 -21
1415900 -21.1796 -21
1416000 -20.8173 -21
1416100 -20.6419 -21
1416200 -20.5225 -21
1416300 -20.8118 -21
1416400 -21.14 -21
1416500 -21.4608 -21
1416600 -21.3538 -21
1416700 -21.1096 -21
1416800 -21.0895 -21
1416900 -21.1054 -21
1417000 -21.0641 -21
1417100 -21.0839 -21
1417200 -21.0742 -21
1417300 -21.024 -21
1417400 -20.9114 -21
1417500 -20.8508 -21
1417600 -21.0219 -21
1417700 -21.0996 -21
1417800 -21.055 -21
1417900 -20.8934 -21
1418000 -21.0289 -21
1418100 -21.0635 -21
1418200 -20.9017 -21
1418300 -20.9416 -21
1418400 -21.0409 -21
1418500 -21.0538 -21
1418600 -21.1736 -21
1418700 -21.0115 -21
1418800 -20.8707 -21
1418900 -20.8267 -21
1419000 -20.8487 -21
1419100 -21.1572 -21
1419200 -21.2419 -21
1419300 -20.7598 -21
1419400 -20.5196 -21
1419500 -20.3277 -21
1419600 -20.4678 -21
1419700 -20.3898 -21
1419800 -20.2262 -21
1419900 -20.2995 -21
1420000 -20.9234 -21
1420100 -20.9313 -21
1420200 -20.7941 -21
1420300 -20.7539 -21
1420400 -20.5555 -21
1420500 -20.3428 -21
1420600 -20.3334 -21
1420700 -20.4072 -21
1420800 -20.4934 -21
1420900 -20.8659 -21
1421000 -20.9988 -21
1421100 -20.9768 -21
1421200 -21.3139 -21
1421300 -21.736 -21
1421400 -21.8667 -21
1421500 -21.602 -21
1421600 -21.4707 -21
1421700 -21.2123 -21
1421800 -20.7603 -21
1421900 -20.9729 -21
1422000 -21.3802 -21
1422100 -21.4794 -21
1422200 -21.4456 -21
1422300 -21.358 -21
1422400 -21.4295 -21
1422500 -21.4222 -21
1422600 -21.4539 -21
1422700 -21.4186 -21
1422800 -21.2519 -21
1422900 -20.9818 -21
1423000 -20.9423 -21
1423100 -20.64 -21
1423200 -20.6339 -21
1423300 -20.8244 -21
1423400 -20.9737 -21
1423500 -21.0931 -21
1423600 -21.4286 -21
1423700 -21.7173 -21
1423800 -21.6964 -21
1423900 -21.5565 -21
1424000 -21.4234 -21
1424100 -21.1885 -21
1424200 -21.3979 -21
1424300 -21.4817 -21
1424400 -21.1999 -21
1424500 -21.2824 -21
1424600 -21.1181 -21
1424700 -21.1578 -21
1424800 -21.2028 -21
1424900 -21.3927 -21
1425000 -21.323 -21
1425100 -20.9206 -21
1425200 -20.6726 -21
1425300 -20.5693 -21
1425400 -20.6378 -21
1425500 -20.4906 -21
1425600 -20.6241 -21
1425700 -20.806 -21
1425800 -20.7331 -21
1425900 -20.4286 -21
1426000 -20.5236 -21
1426100 -20.5869 -21
1426200 -20.8791 -21
1426300 -21.2243 -21
1426400 -21.2113 -21
1426500 -21.2924 -21
1426600 -21.2649 -21
1426700 -21.2022 -21
1426800 -21.0357 -21
1426900 -20.7692 -21
1427000 -20.7756 -21
1427100 -20.6754 -21
1427200 -20.4374 -21
1427300 -20.5685 -21
1427400 -20.8374 -21
1427500 -21.1405 -21
1427600 -21.2185 -21
1427700 -21.3426 -21
1427800 -21.2965 -21
1427900 -20.9579 -21
1428000 -20.9558 -21
1428100 -21.0434 -21
1428200 -20.9577 -21
1428300 -21.0964 -21
1428400 -20.7841 -21
1428500 -20.7991 -21
1428600 -21.05 -21
1428700 -20.8892 -21
1428800 -20.6982 -21
1428900 -20.7814 -21
1429000 -21.038 -21
1429100 -21.3125 -21
1429200 -21.4684 -21
1429300 -21.4383 -21
1429400 -21.2493 -21
1429500 -21.1339 -21
1429600 -21.0005 -21
1429700 -20.9502 -21
1429800 -21.2762 -21
1429900 -21.2852 -21
1430000 -21.322 -21
1430100 -21.2463 -21
1430200 -21.0719 -21
1430300 -21.1698 -21
1430400 -21.38 -21
1430500 -21.4128 -21
1430600 -21.4995 -21
1430700 -21.4948 -21
1430800 -21.6093 -21
1430900 -21.479 -21
1431000 -21.5253 -21
1431100 -21.7499 -21
1431200 -21.7194 -21
1431300 -21.3305 -21
1431400 -20.9286 -21
1431500 -20.7266 -21
1431600 -20.6608 -21
1431700 -20.4274 -21
1431800 -20.247 -21
1431900 -20.1128 -21
1432000 -20.1783 -21
1432100 -20.7158 -21
1432200 -21.0113 -21
1432300 -20.4093 -21
1432400 -20.0394 -21
1432500 -20.2829 -21
1432600 -20.4406 -21
1432700 -20.7985 -21
1432800 -21.2058 -21
1432900 -21.4172 -21
1433000 -21.3794 -21
1433100 -21.4166 -21
1433200 -21.5259 -21
1433300 -21.5096 -21
1433400 -21.5219 -21
1433500 -21.6024 -21
1433600 -21.4085 -21
1433700 -21.497 -21
1433800 -21.5176 -21
1433900 -21.2412 -21
1434000 -21.1906 -21
1434100 -21.2521 -21
1434200 -21.0795 -21
1434300 -20.8862 -21
1434400 -20.7145 -21
1434500 -21.1954 -21
1434600 -21.2483 -21
1434700 -21.1189 -21
1434800 -20.9832 -21
1434900 -20.8456 -21
1435000 -20.7119 -21
1435100 -20.6289 -21
1435200 -20.488 -21
1435300 -20.73 -21
1435400 -21.2285 -21
1435500 -21.3192 -21
1435600 -21.2543 -21
1435700 -21.233 -21
1435800 -21.1306 -21
1435900 -21.1478 -21
1436000 -21.0584 -21
1436100 -20.896 -21
1436200 -20.8053 -21
1436300 -20.9083 -21
1436400 -21.0545 -21
1436500 -21.1233 -21
1436600 -21.1154 -21
1436700 -21.0932 -21
1436800 -21.1085 -21
1436900 -21.2482 -21
1437000 -21.0621 -21
1437100 -20.8176 -21
1437200 -20.6622 -21
1437300 -20.641 -21
1437400 -20.5403 -21
1437500 -20.2498 -21
1437600 -20.292 -21
1437700 -20.4579 -21
1437800 -20.5249 -21
1437900 -20.5669 -21
1438000 -20.4597 -21
1438100 -20.3688 -21
1438200 -20.5733 -21
1438300 -20.8062 -21
1438400 -20.907 -21
1438500 -20.7561 -21
1438600 -20.9546 -21
1438700 -21.1484 -21
1438800 -21.0709 -21
1438900 -21.0671 -21
1439000 -20.8512 -21
1439100 -20.7738 -21
1439200 -20.8812 -21
1439300 -21.1599 -21
1439400 -21.4652 -21
1439500 -21.614 -21
1439600 -21.4644 -21
1439700 -21.3939 -21
1439800 -21.374 -21
1439900 -21.2423 -21
1440000 -21.1097 -21
1440100 -20.6633 -21
1440200 -20.5575 -21
1440300 -21.1141 -21
1440400 -21.3721 -21
1440500 -21.2728 -21
1440600 -21.1598 -21
1440700 -20.9317 -21
1440800 -20.7871 -21
1440900 -20.7114 -21
1441000 -21.0265 -21
1441100 -20.9824 -21
1441200 -20.7953 -21
1441300 -20.7967 -21
1441400 -20.6235 -21
1441500 -20.5991 -21
1441600 -20.6944 -21
1441700 -20.6556 -21
1441800 -20.6525 -21
1441900 -20.5981 -21
1442000 -20.905 -21
1442100 -20.9883 -21
1442200 -21.0636 -21
1442300 -21.2928 -21
1442400 -21.3876 -21
1442500 -21.1114 -21
1442600 -21.1967 -21
1442700 -21.1414 -21
1442800 -20.9775 -21
1442900 -20.7692 -21
1443000 -20.7697 -21
1443100 -20.7121 -21
1443200 -20.3659 -21
1443300 -20.3093 -21
1443400 -20.3179 -21
1443500 -20.1042 -21
1443600 -20.3642 -21
1443700 -20.5536 -21
1443800 -20.494 -21
1443900 -20.3831 -21
1444000 -20.5974 -21
1444100 -20.7532 -21
1444200 -21.0038 -21
1444300 -21.2084 -21
1444400 -21.4236 -21
1444500 -21.3221 -21
1444600 -21.1102 -21
1444700 -21.2455 -21
1444800 -21.033 -21
1444900 -20.8297 -21
1445000 -21.2101 -21
1445100 -21.4972 -21
1445200 -21.6024 -21
1445300 -21.432 -21
1445400 -21.2551 -21
1445500 -21.182 -21
1445600 -21.2154 -21
1445700 -21.1037 -21
1445800 -21.2156 -21
1445900 -21.2971 -21
1446000 -21.4884 -21
1446100 -21.4399 -21
1446200 -21.3238 -21
1446300 -21.1894 -21
1446400 -21.207 -21
1446500 -21.3241 -21
1446600 -21.2109 -21
1446700 -21.2714 -21
1446800 -21.3986 -21
1446900 -21.4284 -21
1447000 -21.2469 -21
1447100 -21.0694 -21
1447200 -21.1029 -21
1447300 -21.2177 -21
1447400 -21.4978 -21
1447500 -21.408 -21
1447600 -21.4227 -21
1447700 -21.4038 -21
1447800 -21.477 -21
1447900 -21.233 -21
1448000 -21.2631 -21
1448100 -21.2749 -21
1448200 -21.4665 -21
1448300 -21.5307 -21
1448400 -21.5274 -21
1448500 -21.4377 -21
1448600 -21.462 -21
1448700 -21.3399 -21
1448800 -20.9325 -21
1448900 -20.5104 -21
1449000 -20.1176 -21
1449100 -20.0599 -21
1449200 -20.434 -21
1449300 -20.8965 -21
1449400 -20.8525 -21
1449500 -20.7072 -21
1449600 -20.7975 -21
1449700 -20.5362 -21
1449800 -20.3122 -21
1449900 -20.5092 -21
1450000 -20.9212 -21
1450100 -20.9668 -21
1450200 -21.0604 -21
1450300 -21.2885 -21
1450400 -21.444 -21
1450500 -21.6279 -21
1450600 -21.5226 -21
1450700 -21.558 -21
1450800 -21.5114 -21
1450900 -21.2833 -21
1451000 -20.7645 -21
1451100 -20.785 -21
1451200 -20.685 -21
1451300 -20.706 -21
1451400 -20.8417 -21
1451500 -20.9895 -21
1451600 -21.3329 -21
1451700 -21.4372 -21
1451800 -21.4901 -21
1451900 -21.3869 -21
1452000 -21.4715 -21
1452100 -21.4223 -21
1452200 -21.5225 -21
1452300 -21.6835 -21
1452400 -21.4262 -21
1452500 -21.0368 -21
1452600 -20.8659 -21
1452700 -20.9479 -21
1452800 -20.8154 -21
1452900 -20.7179 -21
1453000 -21.0979 -21
1453100 -21.5266 -21
1453200 -21.6725 -21
1453300 -21.3573 -21
1453400 -21.1638 -21
1453500 -20.8612 -21
1453600 -20.6077 -21
1453700 -20.5037 -21
1453800 -20.7223 -21
1453900 -21.0437 -21
1454000 -21.5878 -21
1454100 -21.7381 -21
1454200 -21.6121 -21
1454300 -21.8028 -21
1454400 -21.5886 -21
1454500 -21.3937 -21
1454600 -21.1416 -21
1454700 -21.143 -21
1454800 -20.6941 -21
1454900 -20.6378 -21
1455000 -20.5831 -21
1455100 -20.3485 -21
1455200 -20.2245 -21
1455300 -20.346 -21
1455400 -20.8741 -21
1455500 -21.1254 -21
1455600 -21.0533 -21
1455700 -20.9125 -21
1455800 -20.8252 -21
1455900 -20.9078 -21
1456000 -20.9982 -21
1456100 -20.9628 -21
1456200 -20.8593 -21
1456300 -20.7811 -21
1456400 -20.8992 -21
1456500 -21.2217 -21
1456600 -21.765 -21
1456700 -21.9494 -21
1456800 -22.0222 -21
1456900 -21.8888 -21
1457000 -21.8254 -21
1457100 -21.6932 -21
1457200 -21.6918 -21
1457300 -21.4917 -21
1457400 -21.1584 -21
1457500 -21.0004 -21
1457600 -21.0698 -21
1457700 -21.1928 -21
1457800 -21.0875 -21
1457900 -21.0549 -21
1458000 -21.182 -21
1458100 -21.3914 -21
1458200 -21.1879 -21
1458300 -20.8219 -21
1458400 -20.8137 -21
1458500 -20.8331 -21
1458600 -20.8509 -21
1458700 -20.6204 -21
1458800 -20.5282 -21
1458900 -20.6991 -21
1459000 -20.9712 -21
1459100 -21.1308 -21
1459200 -20.6289 -21
1459300 -20.2014 -21
1459400 -20.4126 -21
1459500 -20.6834 -21
1459600 -20.7585 -21
1459700 -20.7345 -21
1459800 -20.7305 -21
1459900 -20.7186 -21
1460000 -20.362 -21
1460100 -20.4667 -21
1460200 -20.6695 -21
1460300 -20.755 -21
1460400 -20.9602 -21
1460500 -20.8529 -21
1460600 -20.9108 -21
1460700 -20.8495 -21
1460800 -20.9741 -21
1460900 -21.1018 -21
1461000 -21.102 -21
1461100 -21.019 -21
1461200 -21.1164 -21
1461300 -21.3458 -21
1461400 -21.768 -21
1461500 -22.0212 -21
1461600 -21.8912 -21
1461700 -21.8011 -21
1461800 -21.7364 -21
1461900 -21.4934 -21
1462000 -21.1519 -21
1462100 -20.8065 -21
1462200 -20.7975 -21
1462300 -20.5025 -21
1462400 -20.7108 -21
1462500 -20.8028 -21
1462600 -21.0515 -21
1462700 -20.8721 -21
1462800 -21.2055 -21
1462900 -21.3607 -21
1463000 -21.2427 -21
1463100 -21.0477 -21
1463200 -21.3933 -21
1463300 -21.4697 -21
1463400 -21.1415 -21
1463500 -20.8258 -21
1463600 -20.9071 -21
1463700 -20.8361 -21
1463800 -20.8106 -21
1463900 -20.6483 -21
1464000 -20.473 -21
1464100 -20.2722 -21
1464200 -20.3273 -21
1464300 -20.6325 -21
1464400 -20.7982 -21
1464500 -20.6852 -21
1464600 -20.5138 -21
1464700 -20.7328 -21
1464800 -20.6968 -21
1464900 -20.5662 -21
1465000 -20.4419 -21
1465100 -20.4784 -21
1465200 -20.5925 -21
1465300 -20.6173 -21
1465400 -20.6202 -21
1465500 -20.7057 -21
1465600 -20.8174 -21
1465700 -20.6931 -21
1465800 -20.7146 -21
1465900 -20.8979 -21
1466000 -21.0233 -21
1466100 -20.9258 -21
1466200 -21.3303 -21
1466300 -21.715 -21
1466400 -21.891 -21
1466500 -21.9881 -21
1466600 -21.8292 -21
1466700 -21.5325 -21
1466800 -21.2116 -21
1466900 -21.4457 -21
1467000 -21.6379 -21
1467100 -21.6315 -21
1467200 -21.6732 -21
1467300 -21.6819 -21
1467400 -21.5341 -21
1467500 -21.5906 -21
1467600 -21.8317 -21
1467700 -22.0968 -21
1467800 -22.2318 -21
1467900 -22.2051 -21
1468000 -21.7377 -21
1468100 -21.2691 -21
1468200 -21.109 -21
1468300 -21.0149 -21
1468400 -21.1417 -21
1468500 -21.0808 -21
1468600 -21.0143 -21
1468700 -21.1103 -21
1468800 -21.2377 -21
1468900 -21.3392 -21
1469000 -21.41 -21
1469100 -21.2836 -21
1469200 -21.1962 -21
1469300 -21.0548 -21
1469400 -20.9548 -21
1469500 -20.7028 -21
1469600 -20.8464 -21
1469700 -20.7868 -21
1469800 -20.7847 -21
1469900 -20.9715 -21
1470000 -21.2508 -21
1470100 -21.7689 -21
1470200 -21.9442 -21
1470300 -21.8837 -21
1470400 -21.6807 -21
1470500 -21.0717 -21
1470600 -20.7944 -21
1470700 -20.6884 -21
1470800 -20.8816 -21
1470900 -21.105 -21
1471000 -21.3628 -21
1471100 -21.5185 -21
1471200 -21.252 -21
1471300 -21.1938 -21
1471400 -20.9871 -21
1471500 -20.8086 -21
1471600 -20.9817 -21
1471700 -21.2424 -21
1471800 -21.0832 -21
1471900 -20.8552 -21
1472000 -20.6065 -21
1472100 -20.4258 -21
1472200 -20.9248 -21
1472300 -21.5273 -21
1472400 -21.3405 -21
1472500 -20.9395 -21
1472600 -20.7216 -21
1472700 -20.6733 -21
1472800 -20.8921 -21
1472900 -21.0782 -21
1473000 -21.6028 -21
1473100 -21.7194 -21
1473200 -21.2305 -21
1473300 -20.9995 -21
1473400 -20.9336 -21
1473500 -20.684 -21
1473600 -20.6993 -21
1473700 -20.7187 -21
1473800 -21.1394 -21
1473900 -21.2567 -21
1474000 -21.1253 -21
1474100 -20.9625 -21
1474200 -20.8103 -21
1474300 -20.538 -21
1474400 -20.5253 -21
1474500 -20.6474 -21
1474600 -20.637 -21
1474700 -20.5073 -21
1474800 -20.2583 -21
1474900 -20.694 -21
1475000 -20.7395 -21
1475100 -20.7752 -21
1475200 -21.0177 -21
1475300 -21.2985 -21
1475400 -21.3919 -21
1475500 -21.3997 -21
1475600 -21.353 -21
1475700 -21.3917 -21
1475800 -21.1901 -21
1475900 -21.0685 -21
1476000 -21.025 -21
1476100 -20.8474 -21
1476200 -20.458 -21
1476300 -20.5319 -21
1476400 -20.4845 -21
1476500 -21.0447 -21
1476600 -21.406 -21
1476700 -21.2933 -21
1476800 -21.282 -21
1476900 -21.527 -21
1477000 -21.4569 -21
1477100 -21.1565 -21
1477200 -21.0772 -21
1477300 -21.3057 -21
1477400 -21.5232 -21
1477500 -21.3347 -21
1477600 -20.9883 -21
1477700 -20.9087 -21
1477800 -21.2581 -21
1477900 -21.4797 -21
1478000 -21.4624 -21
1478100 -21.4865 -21
1478200 -21.4956 -21
1478300 -21.4417 -21
1478400 -21.581 -21
1478500 -21.3452 -21
1478600 -21.0723 -21
1478700 -21.0631 -21
1478800 -21.0192 -21
1478900 -20.7125 -21
1479000 -20.5722 -21
1479100 -20.5426 -21
1479200 -20.6347 -21
1479300 -20.6669 -21
1479400 -20.6182 -21
1479500 -20.8792 -21
1479600 -21.0702 -21
1479700 -21.1434 -21
1479800 -21.0361 -21
1479900 -21.1015 -21
1480000 -21.3673 -21
1480100 -21.6214 -21
1480200 -21.6338 -21
1480300 -21.3738 -21
1480400 -21.2011 -21
1480500 -21.229 -21
1480600 -21.0696 -21
1480700 -21.2888 -21
1480800 -21.4548 -21
1480900 -21.397 -21
1481000 -21.491 -21
1481100 -21.3834 -21
1481200 -20.8493 -21
1481300 -20.468 -21
1481400 -20.6613 -21
1481500 -21.03 -21
1481600 -21.231 -21
1481700 -21.0501 -21
1481800 -20.7739 -21
1481900 -20.6921 -21
1482000 -20.7379 -21
1482100 -20.9049 -21
1482200 -21.0262 -21
1482300 -20.9667 -21
1482400 -20.899 -21
1482500 -21.107 -21
1482600 -21.0131 -21
1482700 -20.8377 -21
1482800 -20.9604 -21
1482900 -20.871 -21
1483000 -20.9122 -21
1483100 -20.8099 -21
1483200 -20.566 -21
1483300 -20.5256 -21
1483400 -20.4667 -21
1483500 -21.0217 -21
1483600 -21.1007 -21
1483700 -20.9123 -21
1483800 -20.8957 -21
1483900 -20.9726 -21
1484000 -21.0856 -21
1484100 -21.2673 -21
1484200 -21.2046 -21
1484300 -21.1575 -21
1484400 -21.214 -21
1484500 -21.4457 -21
1484600 -21.6936 -21
1484700 -21.6643 -21
1484800 -21.6506 -21
1484900 -21.3177 -21
1485000 -21.0888 -21
1485100 -20.8418 -21
1485200 -20.777 -21
1485300 -21.1064 -21
1485400 -21.3201 -21
1485500 -21.2491 -21
1485600 -21.0846 -21
1485700 -21.2933 -21
1485800 -21.4038 -21
1485900 -21.2417 -21
1486000 -21.043 -21
1486100 -21.0241 -21
1486200 -21.0089 -21
1486300 -21.0107 -21
1486400 -21.2542 -21
1486500 -21.2226 -21
1486600 -21.0537 -21
1486700 -20.907 -21
1486800 -20.5962 -21
1486900 -20.6257 -21
1487000 -20.4053 -21
1487100 -20.4508 -21
1487200 -20.6685 -21
1487300 -20.6366 -21
1487400 -20.5196 -21
1487500 -20.7488 -21
1487600 -20.7622 -21
1487700 -20.5857 -21
1487800 -20.6443 -21
1487900 -20.762 -21
1488000 -20.9222 -21
1488100 -21.218 -21
1488200 -21.2442 -21
1488300 -21.2609 -21
1488400 -21.0811 -21
1488500 -21.1362 -21
1488600 -21.0634 -21
1488700 -21.0176 -21
1488800 -21.1835 -21
1488900 -21.5335 -21
1489000 -21.3222 -21
1489100 -20.7508 -21
1489200 -20.3873 -21
1489300 -20.4099 -21
1489400 -20.4158 -21
1489500 -20.4121 -21
1489600 -20.6731 -21
1489700 -20.7761 -21
1489800 -20.7958 -21
1489900 -20.6239 -21
1490000 -20.7138 -21
1490100 -20.5606 -21
1490200 -20.494 -21
1490300 -20.4693 -21
1490400 -20.6092 -21
1490500 -20.6961 -21
1490600 -20.8006 -21
1490700 -20.8274 -21
1490800 -20.5313 -21
1490900 -20.3451 -21
1491000 -20.1451 -21
1491100 -20.6051 -21
1491200 -20.8846 -21
1491300 -20.9103 -21
1491400 -20.8387 -21
1491500 -20.6129 -21
1491600 -20.6906 -21
1491700 -20.993 -21
1491800 -21.1977 -21
1491900 -21.3759 -21
1492000 -21.2001 -21
1492100 -21.0774 -21
1492200 -21.1058 -21
1492300 -20.8597 -21
1492400 -21.1236 -21
1492500 -21.5205 -21
1492600 -21.4611 -21
1492700 -21.0873 -21
1492800 -20.5874 -21
1492900 -20.6705 -21
1493000 -20.8407 -21
1493100 -21.0271 -21
1493200 -21.0471 -21
1493300 -20.974 -21
1493400 -21.0975 -21
1493500 -21.1021 -21
1493600 -21.0173 -21
1493700 -20.897 -21
1493800 -20.8159 -21
1493900 -20.7466 -21
1494000 -20.8074 -21
1494100 -21.0991 -21
1494200 -21.2214 -21
1494300 -21.2012 -21
1494400 -21.0572 -21
1494500 -21.1531 -21
1494600 -21.3695 -21
1494700 -21.726 -21
1494800 -21.6496 -21
1494900 -21.2059 -21
1495000 -21.1134 -21
1495100 -21.2768 -21
1495200 -21.328 -21
1495300 -21.2445 -21
1495400 -21.2976 -21
1495500 -21.3265 -21
1495600 -21.3914 -21
1495700 -21.5435 -21
1495800 -21.4139 -21
1495900 -21.147 -21
1496000 -21.2327 -21
1496100 -21.2881 -21
1496200 -21.3386 -21
1496300 -21.3679 -21
1496400 -21.455 -21
1496500 -21.1884 -21
1496600 -20.8992 -21
1496700 -20.7695 -21
1496800 -20.6754 -21
1496900 -20.6192 -21
1497000 -20.5808 -21
1497100 -20.8681 -21
1497200 -20.8749 -21
1497300 -21.124 -21
1497400 -20.968 -21
1497500 -20.721 -21
1497600 -20.7393 -21
1497700 -20.607 -21
1497800 -20.9311 -21
1497900 -21.163 -21
1498000 -21.1542 -21
1498100 -20.9711 -21
1498200 -20.7746 -21
1498300 -20.4189 -21
1498400 -20.35 -21
1498500 -20.4723 -21
1498600 -20.6474 -21
1498700 -20.8234 -21
1498800 -20.8944 -21
1498900 -21.2314 -21
1499000 -21.4921 -21
1499100 -21.3968 -21
1499200 -21.3191 -21
1499300 -21.8741 -21
1499400 -22.0708 -21
1499500 -21.8111 -21
1499600 -21.3133 -21
1499700 -21.1611 -21
1499800 -21.1979 -21
1499900 -21.0889 -21
1500000 -20.9364 -21
1500100 -20.7574 -21
1500200 -20.6772 -21
1500300 -20.6237 -21
1500400 -20.9982 -21
1500500 -21.2066 -21
1500600 -21.2247 -21
1500700 -21.1934 -21
1500800 -21.2672 -21
1500900 -21.2489 -21
1501000 -21.4182 -21
1501100 -21.4036 -21
1501200 -21.5156 -21
1501300 -21.8652 -21
1501400 -21.602 -21
1501500 -21.4438 -21
1501600 -21.2289 -21
1501700 -20.8672 -21
1501800 -20.7993 -21
1501900 -21.0264 -21
1502000 -21.0551 -21
1502100 -21.2344 -21
1502200 -20.7986 -21
1502300 -20.4781 -21
1502400 -20.4798 -21
1502500 -20.6436 -21
1502600 -21.1209 -21
1502700 -21.2695 -21
1502800 -21.2742 -21
1502900 -21.6408 -21
1503000 -21.7739 -21
1503100 -21.7262 -21
1503200 -21.9491 -21
1503300 -22.0908 -21
1503400 -21.8927 -21
1503500 -22.0001 -21
1503600 -21.9412 -21
1503700 -21.4773 -21
1503800 -21.5696 -21
1503900 -21.6479 -21
1504000 -21.403 -21
1504100 -21.1981 -21
1504200 -21.0511 -21
1504300 -20.9898 -21
1504400 -20.5016 -21
1504500 -20.2076 -21
1504600 -20.4139 -21
1504700 -20.502 -21
1504800 -20.4062 -21
1504900 -20.5471 -21
1505000 -20.7468 -21
1505100 -20.807 -21
1505200 -20.9325 -21
1505300 -20.737 -21
1505400 -20.7095 -21
1505500 -20.7938 -21
1505600 -20.8261 -21
1505700 -21.0385 -21
1505800 -21.0803 -21
1505900 -21.2335 -21
1506000 -21.6743 -21
1506100 -21.627 -21
1506200 -21.5734 -21
1506300 -21.3528 -21
1506400 -21.0581 -21
1506500 -20.9836 -21
1506600 -21.2511 -21
1506700 -21.5055 -21
1506800 -21.5226 -21
1506900 -21.2328 -21
1507000 -21.1063 -21
1507100 -20.6148 -21
1507200 -20.4384 -21
1507300 -20.583 -21
1507400 -20.797 -21
1507500 -21.1997 -21
1507600 -21.209 -21
1507700 -21.1732 -21
1507800 -21.129 -21
1507900 -21.1654 -21
1508000 -21.1772 -21
1508100 -20.8196 -21
1508200 -20.7496 -21
1508300 -20.9487 -21
1508400 -21.0613 -21
1508500 -20.985 -21
1508600 -20.9847 -21
1508700 -21.0831 -21
1508800 -21.269 -21
1508900 -21.1151 -21
1509000 -20.8626 -21
1509100 -20.949 -21
1509200 -20.8497 -21
1509300 -21.1472 -21
1509400 -21.114 -21
1509500 -20.8399 -21
1509600 -20.7342 -21
1509700 -21.0242 -21
1509800 -21.1342 -21
1509900 -21.0176 -21
1510000 -20.7377 -21
1510100 -20.8666 -21
1510200 -20.8315 -21
1510300 -20.7498 -21
1510400 -20.6429 -21
1510500 -20.8081 -21
1510600 -20.7866 -21
1510700 -20.8409 -21
1510800 -21.0348 -21
1510900 -21.2296 -21
1511000 -21.0883 -21
1511100 -21.0604 -21
1511200 -20.8278 -21
1511300 -20.6983 -21
1511400 -20.9804 -21
1511500 -21.0536 -21
1511600 -21.0903 -21
1511700 -21.0528 -21
1511800 -21.0264 -21
1511900 -21.1161 -21
1512000 -21.0998 -21
1512100 -20.7858 -21
1512200 -20.7971 -21
1512300 -20.5683 -21
1512400 -20.3634 -21
1512500 -20.2802 -21
1512600 -20.4356 -21
1512700 -20.7022 -21
1512800 -20.8752 -21
1512900 -20.9465 -21
1513000 -20.8714 -21
1513100 -20.9339 -21
1513200 -21.0698 -21
1513300 -21.2106 -21
1513400 -21.4351 -21
1513500 -21.1515 -21
1513600 -21.0105 -21
1513700 -21.1977 -21
1513800 -21.4358 -21
1513900 -21.4715 -21
1514000 -21.4199 -21
1514100 -21.2874 -21
1514200 -21.3046 -21
1514300 -21.274 -21
1514400 -21.1751 -21
1514500 -21.3027 -21
1514600 -21.3697 -21
1514700 -21.4249 -21
1514800 -21.7372 -21
1514900 -21.6578 -21
1515000 -21.6705 -21
1515100 -22.0263 -21
1515200 -22.0663 -21
1515300 -21.7896 -21
1515400 -21.7354 -21
1515500 -21.3608 -21
1515600 -20.9904 -21
1515700 -21.0267 -21
1515800 -21.017 -21
1515900 -20.6211 -21
1516000 -20.1544 -21
1516100 -20.2613 -21
1516200 -20.3304 -21
1516300 -20.5602 -21
1516400 -20.5421 -21
1516500 -20.7075 -21
1516600 -20.8759 -21
1516700 -20.9689 -21
1516800 -21.0127 -21
1516900 -21.1737 -21
1517000 -21.2335 -21
1517100 -21.2458 -21
1517200 -21.2704 -21
1517300 -21.2386 -21
1517400 -21.3648 -21
1517500 -21.1702 -21
1517600 -21.1118 -21
1517700 -21.0651 -21
1517800 -21.1554 -21
1517900 -21.2527 -21
1518000 -21.4288 -21
1518100 -21.25 -21
1518200 -20.8927 -21
1518300 -20.2537 -21
1518400 -20.0887 -21
1518500 -20.4863 -21
1518600 -20.7788 -21
1518700 -20.8569 -21
1518800 -20.6346 -21
1518900 -20.5361 -21
1519000 -20.3837 -21
1519100 -20.692 -21
1519200 -21.2721 -21
1519300 -21.5344 -21
1519400 -21.6686 -21
1519500 -21.2341 -21
1519600 -20.9465 -21
1519700 -21.0047 -21
1519800 -21.1057 -21
1519900 -21.1049 -21
1520000 -21.0871 -21
1520100 -20.8497 -21
1520200 -20.7283 -21
1520300 -20.6774 -21
1520400 -20.9768 -21
1520500 -21.2047 -21
1520600 -20.9432 -21
1520700 -21.0631 -21
1520800 -21.0902 -21
1520900 -21.2335 -21
1521000 -21.2934 -21
1521100 -21.5867 -21
1521200 -21.6357 -21
1521300 -21.3368 -21
1521400 -21.3207 -21
1521500 -21.1935 -21
1521600 -21.3895 -21
1521700 -21.8227 -21
1521800 -21.9365 -21
1521900 -21.6906 -21
1522000 -21.5668 -21
1522100 -21.8489 -21
1522200 -21.8112 -21
1522300 -21.2598 -21
1522400 -21.0658 -21
1522500 -21.1552 -21
1522600 -21.4023 -21
1522700 -21.5067 -21
1522800 -21.0838 -21
1522900 -20.8433 -21
1523000 -21.1309 -21
1523100 -21.5111 -21
1523200 -21.6732 -21
1523300 -21.8441 -21
1523400 -21.2621 -21
1523500 -20.8312 -21
1523600 -20.8136 -21
1523700 -20.978 -21
1523800 -21.13 -21
1523900 -20.8408 -21
1524000 -20.5178 -21
1524100 -20.8531 -21
1524200 -21.308 -21
1524300 -20.9696 -21
1524400 -20.5821 -21
1524500 -20.5309 -21
1524600 -20.5084 -21
1524700 -20.3949 -21
1524800 -20.4738 -21
1524900 -20.5117 -21
1525000 -20.4363 -21
1525100 -20.5402 -21
1525200 -20.7683 -21
1525300 -20.5212 -21
1525400 -20.284 -21
1525500 -20.8202 -21
1525600 -20.9777 -21
1525700 -21.1495 -21
1525800 -21.4252 -21
1525900 -21.6856 -21
1526000 -21.478 -21
1526100 -21.5841 -21
1526200 -21.2654 -21
1526300 -20.99 -21
1526400 -20.7606 -21
1526500 -20.8094 -21
1526600 -20.9004 -21
1526700 -21.1809 -21
1526800 -21.4101 -21
1526900 -21.3014 -21
1527000 -20.9145 -21
1527100 -20.9432 -21
1527200 -20.9401 -21
1527300 -21.2475 -21
1527400 -21.2437 -21
1527500 -21.251 -21
1527600 -20.9009 -21
1527700 -20.5758 -21
1527800 -21.0738 -21
1527900 -21.1617 -21
1528000 -21.2191 -21
1528100 -21.3275 -21
1528200 -21.4261 -21
1528300 -21.3852 -21
1528400 -21.2802 -21
1528500 -21.1842 -21
1528600 -21.0693 -21
1528700 -20.7417 -21
1528800 -20.6019 -21
1528900 -20.7287 -21
1529000 -20.8355 -21
1529100 -20.5987 -21
1529200 -20.454 -21
1529300 -20.379 -21
1529400 -20.7378 -21
1529500 -20.6819 -21
1529600 -20.8458 -21
1529700 -20.8512 -21
1529800 -20.8386 -21
1529900 -20.9356 -21
1530000 -20.9905 -21
1530100 -20.845 -21
1530200 -20.8352 -21
1530300 -20.7932 -21
1530400 -20.9654 -21
1530500 -21.1141 -21
1530600 -21.0263 -21
1530700 -20.9221 -21
1530800 -20.8282 -21
1530900 -20.8859 -21
1531000 -20.8645 -21
1531100 -21.2235 -21
1531200 -21.3378 -21
1531300 -21.2749 -21
1531400 -21.1045 -21
1531500 -20.8328 -21
1531600 -21.0922 -21
1531700 -21.1355 -21
1531800 -21.0255 -21
1531900 -20.8745 -21
1532000 -20.8737 -21
1532100 -21.0015 -21
1532200 -20.8156 -21
1532300 -20.6405 -21
1532400 -20.7435 -21
1532500 -20.7558 -21
1532600 -20.9171 -21
1532700 -21.1854 -21
1532800 -21.0005 -21
1532900 -20.7666 -21
1533000 -20.8973 -21
1533100 -20.7998 -21
1533200 -20.5705 -21
1533300 -20.3551 -21
1533400 -20.5468 -21
1533500 -20.7675 -21
1533600 -20.7935 -21
1533700 -20.5421 -21
1533800 -20.5062 -21
1533900 -20.6653 -21
1534000 -20.6544 -21
1534100 -20.8475 -21
1534200 -21.2691 -21
1534300 -21.5076 -21
1534400 -21.4452 -21
1534500 -21.3858 -21
1534600 -21.4592 -21
1534700 -21.1467 -21
1534800 -21.1442 -21
1534900 -21.0814 -21
1535000 -20.9359 -21
1535100 -20.9727 -21
1535200 -21.0495 -21
1535300 -20.8086 -21
1535400 -20.81 -21
1535500 -20.9448 -21
1535600 -21.1129 -21
1535700 -21.3981 -21
1535800 -21.7433 -21
1535900 -21.7758 -21
1536000 -21.5801 -21
1536100 -21.2919 -21
1536200 -21.2087 -21
1536300 -21.3199 -21
1536400 -21.224 -21
1536500 -20.9282 -21
1536600 -20.6775 -21
1536700 -20.8478 -21
1536800 -20.9031 -21
1536900 -21.1759 -21
1537000 -21.5271 -21
1537100 -21.415 -21
1537200 -21.0984 -21
1537300 -20.715 -21
1537400 -20.6928 -21
1537500 -20.6184 -21
1537600 -20.8467 -21
1537700 -21.1188 -21
1537800 -21.3236 -21
1537900 -21.2536 -21
1538000 -21.2858 -21
1538100 -21.651 -21
1538200 -21.7072 -21
1538300 -21.2347 -21
1538400 -21.0209 -21
1538500 -20.8481 -21
1538600 -20.8535 -21
1538700 -20.6313 -21
1538800 -20.2499 -21
1538900 -20.1217 -21
1539000 -20.4554 -21
1539100 -20.8973 -21
1539200 -20.9332 -21
1539300 -20.6958 -21
1539400 -20.7344 -21
1539500 -20.8427 -21
1539600 -20.9352 -21
1539700 -20.836 -21
1539800 -20.8638 -21
1539900 -20.9417 -21
1540000 -21.0957 -21
1540100 -21.1435 -21
1540200 -21.3167 -21
1540300 -21.2999 -21
1540400 -21.1577 -21
1540500 -20.955 -21
1540600 -21.1541 -21
1540700 -21.0083 -21
1540800 -20.9178 -21
1540900 -20.7082 -21
1541000 -20.6163 -21
1541100 -20.7404 -21
1541200 -20.7724 -21
1541300 -20.8975 -21
1541400 -21.1747 -21
1541500 -21.0214 -21
1541600 -21.0311 -21
1541700 -21.1673 -21
1541800 -21.433 -21
1541900 -21.579 -21
1542000 -21.4193 -21
1542100 -21.3772 -21
1542200 -21.5062 -21
1542300 -21.57 -21
1542400 -21.6031 -21
1542500 -21.7919 -21
1542600 -21.7024 -21
1542700 -21.7515 -21
1542800 -22.0378 -21
1542900 -21.7809 -21
1543000 -21.5441 -21
1543100 -21.3386 -21
1543200 -21.1193 -21
1543300 -21.4456 -21
1543400 -21.4511 -21
1543500 -21.1997 -21
1543600 -21.1794 -21
1543700 -20.8221 -21
1543800 -20.8232 -21
1543900 -21.3788 -21
1544000 -21.7177 -21
1544100 -21.4689 -21
1544200 -21.3945 -21
1544300 -21.4069 -21
1544400 -21.412 -21
1544500 -21.3485 -21
1544600 -21.2047 -21
1544700 -21.2378 -21
1544800 -21.099 -21
1544900 -21.1688 -21
1545000 -21.2913 -21
1545100 -21.2155 -21
1545200 -21.357 -21
1545300 -21.4224 -21
1545400 -21.3894 -21
1545500 -21.1024 -21
1545600 -21.2735 -21
1545700 -21.3882 -21
1545800 -21.5055 -21
1545900 -21.2121 -21
1546000 -20.8034 -21
1546100 -20.913 -21
1546200 -20.9978 -21
1546300 -20.7404 -21
1546400 -20.6997 -21
1546500 -20.8694 -21
1546600 -20.8385 -21
1546700 -21.2867 -21
1546800 -21.3939 -21
1546900 -21.4336 -21
1547000 -21.3572 -21
1547100 -21.5244 -21
1547200 -21.7876 -21
1547300 -21.6507 -21
1547400 -21.0942 -21
1547500 -20.856 -21
1547600 -20.9613 -21
1547700 -20.9139 -21
1547800 -20.7166 -21
1547900 -20.8011 -21
1548000 -20.8195 -21
1548100 -20.7228 -21
1548200 -20.9579 -21
1548300 -21.3258 -21
1548400 -21.1593 -21
1548500 -20.9014 -21
1548600 -20.7282 -21
1548700 -20.5915 -21
1548800 -20.4859 -21
1548900 -20.2808 -21
1549000 -20.4967 -21
1549100 -20.5638 -21
1549200 -20.7566 -21
1549300 -20.9444 -21
1549400 -21.3072 -21
1549500 -21.2452 -21
1549600 -21.1459 -21
1549700 -21.1665 -21
1549800 -21.2902 -21
1549900 -21.2534 -21
1550000 -20.984 -21
1550100 -20.726 -21
1550200 -20.763 -21
1550300 -20.968 -21
1550400 -21.2136 -21
1550500 -21.4646 -21
1550600 -21.4262 -21
1550700 -21.0718 -21
1550800 -20.6405 -21
1550900 -20.2482 -21
1551000 -20.4646 -21
1551100 -20.512 -21
1551200 -20.8082 -21
1551300 -20.7124 -21
1551400 -20.8116 -21
1551500 -20.857 -21
1551600 -21.0779 -21
1551700 -21.0145 -21
1551800 -20.7865 -21
1551900 -20.7423 -21
1552000 -20.8381 -21
1552100 -20.7348 -21
1552200 -20.7039 -21
1552300 -20.6805 -21
1552400 -21.1426 -21
1552500 -21.4768 -21
1552600 -21.6255 -21
1552700 -21.6306 -21
1552800 -21.8556 -21
1552900 -21.9262 -21
1553000 -21.7764 -21
1553100 -21.6677 -21
1553200 -21.9043 -21
1553300 -21.7712 -21
1553400 -21.7422 -21
1553500 -21.9482 -21
1553600 -22.0363 -21
1553700 -21.6517 -21
1553800 -21.4145 -21
1553900 -21.4463 -21
1554000 -21.2111 -21
1554100 -21.0507 -21
1554200 -21.0616 -21
1554300 -20.9099 -21
1554400 -21.2308 -21
1554500 -21.4144 -21
1554600 -21.5796 -21
1554700 -21.4815 -21
1554800 -21.4207 -21
1554900 -21.4426 -21
1555000 -21.6459 -21
1555100 -22.0965 -21
1555200 -22.2875 -21
1555300 -22.638 -21
1555400 -22.6783 -21
1555500 -21.8886 -21
1555600 -21.5506 -21
1555700 -21.3276 -21
1555800 -21.1325 -21
1555900 -20.7818 -21
1556000 -20.7913 -21
1556100 -21.0876 -21
1556200 -21.1061 -21
1556300 -20.8957 -21
1556400 -20.6781 -21
1556500 -20.728 -21
1556600 -20.8189 -21
1556700 -21.1241 -21
1556800 -21.3061 -21
1556900 -21.1219 -21
1557000 -20.8111 -21
1557100 -20.8785 -21
1557200 -21.1348 -21
1557300 -21.2035 -21
1557400 -20.9786 -21
1557500 -20.9102 -21
1557600 -21.2029 -21
1557700 -21.5431 -21
1557800 -21.618 -21
1557900 -21.6092 -21
1558000 -21.4316 -21
1558100 -21.1929 -21
1558200 -21.0671 -21
1558300 -21.096 -21
1558400 -21.0914 -21
1558500 -21.0558 -21
1558600 -20.8146 -21
1558700 -20.7047 -21
1558800 -20.7547 -21
1558900 -20.7719 -21
1559000 -20.6152 -21
1559100 -20.6467 -21
1559200 -20.7579 -21
1559300 -20.9616 -21
1559400 -21.1668 -21
1559500 -21.0062 -21
1559600 -20.8539 -21
1559700 -20.8745 -21
1559800 -20.9003 -21
1559900 -20.7317 -21
1560000 -20.8679 -21
1560100 -21.0248 -21
1560200 -21.306 -21
1560300 -21.272 -21
1560400 -21.1762 -21
1560500 -20.9986 -21
1560600 -21.0141 -21
1560700 -21.3331 -21
1560800 -21.194 -21
1560900 -20.8504 -21
1561000 -20.7966 -21
1561100 -20.8929 -21
1561200 -20.8588 -21
1561300 -20.9825 -21
1561400 -21.1898 -21
1561500 -20.9767 -21
1561600 -20.814 -21
1561700 -20.9788 -21
1561800 -21.2838 -21
1561900 -21.3469 -21
1562000 -21.6247 -21
1562100 -21.525 -21
1562200 -21.2252 -21
1562300 -20.8701 -21
1562400 -20.4739 -21
1562500 -20.7208 -21
1562600 -20.7995 -21
1562700 -20.977 -21
1562800 -20.9154 -21
1562900 -20.7454 -21
1563000 -20.6655 -21
1563100 -20.6952 -21
1563200 -20.8016 -21
1563300 -20.9133 -21
1563400 -20.7618 -21
1563500 -20.8937 -21
1563600 -20.9123 -21
1563700 -21.0808 -21
1563800 -20.9175 -21
1563900 -20.7213 -21
1564000 -20.7971 -21
1564100 -20.9532 -21
1564200 -20.8943 -21
1564300 -20.872 -21
1564400 -20.8775 -21
1564500 -20.7195 -21
1564600 -20.5736 -21
1564700 -20.5796 -21
1564800 -20.5481 -21
1564900 -20.4844 -21
1565000 -20.7301 -21
1565100 -20.8463 -21
1565200 -21.2552 -21
1565300 -21.6241 -21
1565400 -21.6865 -21
1565500 -21.7356 -21
1565600 -21.4465 -21
1565700 -21.2412 -21
1565800 -21.1279 -21
1565900 -20.9149 -21
1566000 -21.0972 -21
1566100 -21.3007 -21
1566200 -21.3024 -21
1566300 -21.5431 -21
1566400 -21.4514 -21
1566500 -21.4842 -21
1566600 -21.5669 -21
1566700 -21.479 -21
1566800 -21.2709 -21
1566900 -21.2747 -21
1567000 -21.2802 -21
1567100 -21.1903 -21
1567200 -21.3511 -21
1567300 -21.2754 -21
1567400 -21.2165 -21
1567500 -21.0378 -21
1567600 -21.2575 -21
1567700 -21.4275 -21
1567800 -21.1284 -21
1567900 -20.9528 -21
1568000 -20.8188 -21
1568100 -20.7263 -21
1568200 -20.7197 -21
1568300 -20.8166 -21
1568400 -21.164 -21
1568500 -20.9282 -21
1568600 -20.5134 -21
1568700 -20.5833 -21
1568800 -20.7575 -21
1568900 -21.0594 -21
1569000 -21.0501 -21
1569100 -20.9687 -21
1569200 -21.1093 -21
1569300 -21.1965 -21
1569400 -20.8436 -21
1569500 -20.4338 -21
1569600 -20.3088 -21
1569700 -20.3543 -21
1569800 -20.5949 -21
1569900 -20.887 -21
1570000 -20.6341 -21
1570100 -20.6372 -21
1570200 -20.8193 -21
1570300 -20.9654 -21
1570400 -21.1074 -21
1570500 -21.0651 -21
1570600 -20.9241 -21
1570700 -20.6096 -21
1570800 -20.4968 -21
1570900 -20.6029 -21
1571000 -20.8234 -21
1571100 -20.9986 -21
1571200 -21.1456 -21
1571300 -21.0995 -21
1571400 -21.1295 -21
1571500 -21.1545 -21
1571600 -21.2469 -21
1571700 -21.1262 -21
1571800 -20.8244 -21
1571900 -20.3266 -21
1572000 -20.0637 -21
1572100 -20.2187 -21
1572200 -20.235 -21
1572300 -20.3912 -21
1572400 -20.6494 -21
1572500 -20.4548 -21
1572600 -20.425 -21
1572700 -20.5863 -21
1572800 -20.7424 -21
1572900 -20.963 -21
1573000 -20.8621 -21
1573100 -20.5331 -21
1573200 -20.4286 -21
1573300 -20.4284 -21
1573400 -20.7495 -21
1573500 -20.9262 -21
1573600 -20.6694 -21
1573700 -20.3643 -21
1573800 -20.572 -21
1573900 -20.964 -21
1574000 -21.1621 -21
1574100 -21.5482 -21
1574200 -21.7331 -21
1574300 -21.6123 -21
1574400 -21.2974 -21
1574500 -21.1385 -21
1574600 -20.8131 -21
1574700 -20.5862 -21
1574800 -20.5741 -21
1574900 -20.7233 -21
1575000 -21.1256 -21
1575100 -21.2578 -21
1575200 -21.6061 -21
1575300 -21.6647 -21
1575400 -21.6705 -21
1575500 -21.6335 -21
1575600 -21.3489 -21
1575700 -20.9706 -21
1575800 -20.7317 -21
1575900 -20.8097 -21
1576000 -20.9644 -21
1576100 -21.0288 -21
1576200 -21.0693 -21
1576300 -20.9398 -21
1576400 -21.1255 -21
1576500 -21.2119 -21
1576600 -21.1357 -21
1576700 -21.1632 -21
1576800 -21.3347 -21
1576900 -21.2022 -21
1577000 -21.0519 -21
1577100 -20.7974 -21
1577200 -20.9942 -21
1577300 -21.2304 -21
1577400 -21.2481 -21
1577500 -21.1187 -21
1577600 -21.2134 -21
1577700 -21.3449 -21
1577800 -21.3083 -21
1577900 -21.3616 -21
1578000 -21.4234 -21
1578100 -21.1975 -21
1578200 -20.9596 -21
1578300 -20.7577 -21
1578400 -20.7194 -21
1578500 -20.7188 -21
1578600 -20.9451 -21
1578700 -21.1996 -21
1578800 -21.1729 -21
1578900 -21.0354 -21
1579000 -21.1241 -21
1579100 -21.0853 -21
1579200 -20.7226 -21
1579300 -20.605 -21
1579400 -20.7241 -21
1579500 -20.8059 -21
1579600 -20.8911 -21
1579700 -20.4951 -21
1579800 -20.3867 -21
1579900 -20.5466 -21
1580000 -20.824 -21
1580100 -20.9165 -21
1580200 -20.5708 -21
1580300 -20.6665 -21
1580400 -20.9468 -21
1580500 -21.1111 -21
1580600 -20.8974 -21
1580700 -21.0232 -21
1580800 -21.3846 -21
1580900 -21.3527 -21
1581000 -21.1836 -21
1581100 -21.1995 -21
1581200 -20.9281 -21
1581300 -20.37 -21
1581400 -19.9473 -21
1581500 -20.2097 -21
1581600 -20.2336 -21
1581700 -20.0327 -21
1581800 -19.9714 -21
1581900 -20.2099 -21
1582000 -20.4219 -21
1582100 -20.7144 -21
1582200 -21.0193 -21
1582300 -20.8068 -21
1582400 -20.5848 -21
1582500 -20.7933 -21
1582600 -21.0627 -21
1582700 -20.8938 -21
1582800 -20.8145 -21
1582900 -20.8609 -21
1583000 -20.6401 -21
1583100 -20.6249 -21
1583200 -20.9136 -21
1583300 -21.1118 -21
1583400 -20.911 -21
1583500 -20.9013 -21
1583600 -21.1137 -21
1583700 -21.3154 -21
1583800 -21.4369 -21
1583900 -21.2164 -21
1584000 -20.9893 -21
1584100 -21.0041 -21
1584200 -21.1253 -21
1584300 -21.2928 -21
1584400 -21.4789 -21
1584500 -21.6775 -21
1584600 -21.9352 -21
1584700 -21.9499 -21
1584800 -21.5733 -21
1584900 -21.3491 -21
1585000 -21.1489 -21
1585100 -20.8292 -21
1585200 -20.5431 -21
1585300 -20.6495 -21
1585400 -20.9041 -21
1585500 -20.6667 -21
1585600 -20.2887 -21
1585700 -20.5353 -21
1585800 -20.6692 -21
1585900 -20.6073 -21
1586000 -20.5089 -21
1586100 -20.5801 -21
1586200 -20.6746 -21
1586300 -20.84 -21
1586400 -21.0628 -21
1586500 -21.1412 -21
1586600 -21.1579 -21
1586700 -21.2057 -21
1586800 -21.3266 -21
1586900 -21.4556 -21
1587000 -21.0935 -21
1587100 -20.5471 -21
1587200 -20.361 -21
1587300 -20.2303 -21
1587400 -20.4275 -21
1587500 -20.6927 -21
1587600 -20.8475 -21
1587700 -20.7685 -21
1587800 -20.5987 -21
1587900 -20.8122 -21
1588000 -20.873 -21
1588100 -21.0328 -21
1588200 -21.1794 -21
1588300 -21.4062 -21
1588400 -21.3283 -21
1588500 -21.1418 -21
1588600 -21.1013 -21
1588700 -21.1487 -21
1588800 -21.0159 -21
1588900 -21.0671 -21
1589000 -21.1912 -21
1589100 -20.9356 -21
1589200 -20.2934 -21
1589300 -20.2092 -21
1589400 -20.3861 -21
1589500 -20.6034 -21
1589600 -20.7188 -21
1589700 -20.7997 -21
1589800 -20.6489 -21
1589900 -20.6903 -21
1590000 -20.4636 -21
1590100 -20.3647 -21
1590200 -20.6537 -21
1590300 -20.8021 -21
1590400 -20.615 -21
1590500 -20.8652 -21
1590600 -21.108 -21
1590700 -21.2141 -21
1590800 -21.1026 -21
1590900 -21.0586 -21
1591000 -20.8867 -21
1591100 -20.9129 -21
1591200 -20.9205 -21
1591300 -20.785 -21
1591400 -21.1218 -21
1591500 -21.3876 -21
1591600 -21.3688 -21
1591700 -21.4445 -21
1591800 -21.2948 -21
1591900 -20.8704 -21
1592000 -21.0729 -21
1592100 -21.0138 -21
1592200 -20.999 -21
1592300 -20.9864 -21
1592400 -20.8843 -21
1592500 -20.8046 -21
1592600 -20.782 -21
1592700 -20.9717 -21
1592800 -20.9776 -21
1592900 -20.7498 -21
1593000 -20.4841 -21
1593100 -20.4961 -21
1593200 -20.74 -21
1593300 -20.676 -21
1593400 -20.502 -21
1593500 -20.5587 -21
1593600 -20.547 -21
1593700 -20.8162 -21
1593800 -20.8109 -21
1593900 -20.7932 -21
1594000 -20.34 -21
1594100 -20.4283 -21
1594200 -20.9112 -21
1594300 -20.9389 -21
1594400 -20.9337 -21
1594500 -21.0687 -21
1594600 -21.3905 -21
1594700 -21.465 -21
1594800 -21.2921 -21
1594900 -20.7697 -21
1595000 -20.7306 -21
1595100 -20.8648 -21
1595200 -20.9466 -21
1595300 -20.8338 -21
1595400 -20.8934 -21
1595500 -21.2261 -21
1595600 -21.2416 -21
1595700 -21.3369 -21
1595800 -21.4497 -21
1595900 -21.5606 -21
1596000 -21.302 -21
1596100 -21.1361 -21
1596200 -21.2478 -21
1596300 -21.2611 -21
1596400 -21.1216 -21
1596500 -21.1501 -21
1596600 -21.1034 -21
1596700 -20.8986 -21
1596800 -20.5617 -21
1596900 -20.7142 -21
1597000 -21.344 -21
1597100 -21.9394 -21
1597200 -21.8696 -21
1597300 -22.1088 -21
1597400 -21.8017 -21
1597500 -21.5284 -21
1597600 -21.5443 -21
1597700 -21.5336 -21
1597800 -21.5496 -21
1597900 -21.5109 -21
1598000 -21.0461 -21
1598100 -21.098 -21
1598200 -21.5309 -21
1598300 -21.6046 -21
1598400 -21.3998 -21
1598500 -21.3038 -21
1598600 -20.9511 -21
1598700 -20.9619 -21
1598800 -20.9596 -21
1598900 -21.1558 -21
1599000 -21.0066 -21
1599100 -21.0145 -21
1599200 -21.1376 -21
1599300 -21.43 -21
1599400 -21.6849 -21
1599500 -21.4184 -21
1599600 -21.2449 -21
1599700 -21.0483 -21
1599800 -20.7944 -21
1599900 -20.9474 -21
1600000 -21.0976 -21
