# Time-averaged data for fix myat1
# TimeStep v_xave v_xdes
10200100 0.628494 1
10200200 0.753695 1
10200300 0.822916 1
10200400 0.570155 1
10200500 0.436281 1
10200600 0.660158 1
10200700 0.61036 1
10200800 0.486341 1
10200900 0.239638 1
10201000 0.243095 1
10201100 0.651614 1
10201200 0.853587 1
10201300 0.935377 1
10201400 0.983826 1
10201500 1.04679 1
10201600 1.40774 1
10201700 1.76341 1
10201800 1.8835 1
10201900 1.71187 1
10202000 1.39631 1
10202100 1.11023 1
10202200 0.833855 1
10202300 0.799919 1
10202400 0.958418 1
10202500 1.22014 1
10202600 1.34807 1
10202700 1.48118 1
10202800 1.39458 1
10202900 1.14451 1
10203000 0.838856 1
10203100 0.645559 1
10203200 0.713224 1
10203300 0.724972 1
10203400 0.915445 1
10203500 1.07154 1
10203600 0.846096 1
10203700 0.815259 1
10203800 1.06714 1
10203900 1.25581 1
10204000 1.28647 1
10204100 1.40354 1
10204200 1.44062 1
10204300 1.00539 1
10204400 1.03994 1
10204500 1.1741 1
10204600 1.15033 1
10204700 0.958282 1
10204800 0.746429 1
10204900 0.513588 1
10205000 0.652738 1
10205100 0.685582 1
10205200 0.69953 1
10205300 0.722664 1
10205400 0.671172 1
10205500 0.789729 1
10205600 1.02188 1
10205700 1.26936 1
10205800 1.29579 1
10205900 1.18636 1
10206000 1.26096 1
10206100 1.18504 1
10206200 1.3019 1
10206300 1.26901 1
10206400 1.13629 1
10206500 1.08032 1
10206600 0.991237 1
10206700 1.22526 1
10206800 1.59379 1
10206900 1.45257 1
10207000 1.17544 1
10207100 0.962167 1
10207200 1.16525 1
10207300 1.1863 1
10207400 1.25676 1
10207500 1.18705 1
10207600 1.14699 1
10207700 1.16741 1
10207800 1.40308 1
10207900 1.55864 1
10208000 1.39665 1
10208100 1.03036 1
10208200 0.958504 1
10208300 0.931769 1
10208400 0.684148 1
10208500 0.587908 1
10208600 0.967996 1
10208700 0.789017 1
10208800 0.740582 1
10208900 0.580857 1
10209000 0.85754 1
10209100 1.15533 1
10209200 1.11564 1
10209300 1.00366 1
10209400 0.777864 1
10209500 0.661817 1
10209600 0.940051 1
10209700 1.0723 1
10209800 1.18439 1
10209900 1.10084 1
10210000 1.19345 1
10210100 1.29063 1
10210200 1.59804 1
10210300 1.34829 1
10210400 0.808995 1
10210500 0.105547 1
10210600 0.0221614 1
10210700 0.271066 1
10210800 0.892674 1
10210900 0.976213 1
10211000 1.0778 1
10211100 1.08338 1
10211200 0.771901 1
10211300 0.472926 1
10211400 0.511835 1
10211500 0.819088 1
10211600 0.659165 1
10211700 0.564795 1
10211800 0.501102 1
10211900 0.224175 1
10212000 -0.00805529 1
10212100 0.231157 1
10212200 0.607326 1
10212300 0.710511 1
10212400 0.893733 1
10212500 0.860947 1
10212600 0.904779 1
10212700 0.918132 1
10212800 1.07054 1
10212900 1.0136 1
10213000 0.918042 1
10213100 1.00804 1
10213200 0.880185 1
10213300 0.766724 1
10213400 0.904439 1
10213500 1.15692 1
10213600 1.33578 1
10213700 1.08025 1
10213800 0.893257 1
10213900 0.761073 1
10214000 0.831082 1
10214100 0.808824 1
10214200 0.615885 1
10214300 0.628465 1
10214400 0.387068 1
10214500 0.411816 1
10214600 0.59694 1
10214700 0.569732 1
10214800 0.518684 1
10214900 0.365324 1
10215000 0.254976 1
10215100 0.620998 1
10215200 0.933676 1
10215300 0.806605 1
10215400 0.929192 1
10215500 1.00188 1
10215600 1.03617 1
10215700 0.904135 1
10215800 0.927633 1
10215900 0.947491 1
10216000 0.774247 1
10216100 0.761386 1
10216200 0.920351 1
10216300 1.21087 1
10216400 1.40707 1
10216500 1.16031 1
10216600 1.00048 1
10216700 0.942758 1
10216800 0.618752 1
10216900 0.52161 1
10217000 0.659067 1
10217100 0.731419 1
10217200 1.12604 1
10217300 1.44584 1
10217400 1.67025 1
10217500 1.60692 1
10217600 1.27382 1
10217700 1.11885 1
10217800 1.19415 1
10217900 1.31305 1
10218000 1.17957 1
10218100 1.08781 1
10218200 1.09456 1
10218300 1.14636 1
10218400 0.993643 1
10218500 0.653547 1
10218600 0.755478 1
10218700 1.11215 1
10218800 1.39043 1
10218900 1.22858 1
10219000 1.17057 1
10219100 1.1183 1
10219200 0.90686 1
10219300 0.832887 1
10219400 0.648811 1
10219500 0.542585 1
10219600 0.815686 1
10219700 1.16393 1
10219800 1.12609 1
10219900 1.2035 1
10220000 1.30705 1
10220100 1.31413 1
10220200 1.2737 1
10220300 1.32087 1
10220400 1.3424 1
10220500 1.27425 1
10220600 1.27854 1
10220700 1.2279 1
10220800 1.1261 1
10220900 1.36056 1
10221000 1.75499 1
10221100 1.75422 1
10221200 1.57205 1
10221300 1.28769 1
10221400 1.2762 1
10221500 1.4691 1
10221600 1.44474 1
10221700 1.13676 1
10221800 1.22876 1
10221900 1.26261 1
10222000 1.22599 1
10222100 1.10183 1
10222200 1.1998 1
10222300 1.24844 1
10222400 1.05849 1
10222500 0.945433 1
10222600 1.06019 1
10222700 1.27754 1
10222800 1.60835 1
10222900 1.37146 1
10223000 0.972691 1
10223100 1.0267 1
10223200 1.2205 1
10223300 1.12016 1
10223400 1.46645 1
10223500 1.35924 1
10223600 0.831106 1
10223700 0.462332 1
10223800 0.380722 1
10223900 0.454197 1
10224000 0.54799 1
10224100 0.964908 1
10224200 1.15781 1
10224300 1.2147 1
10224400 1.1566 1
10224500 0.794538 1
10224600 0.779952 1
10224700 0.908421 1
10224800 0.82981 1
10224900 0.559709 1
10225000 0.533315 1
10225100 0.554467 1
10225200 0.314922 1
10225300 0.666567 1
10225400 1.01575 1
10225500 1.15577 1
10225600 1.01897 1
10225700 0.995982 1
10225800 1.42873 1
10225900 1.40656 1
10226000 1.27086 1
10226100 1.27257 1
10226200 1.42027 1
10226300 1.67282 1
10226400 1.86263 1
10226500 1.67006 1
10226600 1.43138 1
10226700 1.25661 1
10226800 1.36784 1
10226900 1.50916 1
10227000 1.26782 1
10227100 1.10451 1
10227200 0.928581 1
10227300 0.637877 1
10227400 0.698793 1
10227500 0.981102 1
10227600 0.801027 1
10227700 0.706506 1
10227800 0.784556 1
10227900 0.674767 1
10228000 0.600433 1
10228100 0.574982 1
10228200 0.586858 1
10228300 1.06601 1
10228400 1.43969 1
10228500 1.23047 1
10228600 1.17921 1
10228700 1.13421 1
10228800 0.885911 1
10228900 0.909114 1
10229000 0.923075 1
10229100 1.03286 1
10229200 1.06429 1
10229300 0.722032 1
10229400 0.63441 1
10229500 0.303837 1
10229600 0.497135 1
10229700 0.77135 1
10229800 0.782921 1
10229900 0.735299 1
10230000 0.98902 1
10230100 1.09579 1
10230200 1.39142 1
10230300 1.56656 1
10230400 1.62301 1
10230500 1.73092 1
10230600 1.82096 1
10230700 1.64964 1
10230800 1.38876 1
10230900 1.25815 1
10231000 1.31391 1
10231100 1.14193 1
10231200 0.915338 1
10231300 0.787705 1
10231400 0.674092 1
10231500 0.695532 1
10231600 0.930387 1
10231700 1.01443 1
10231800 1.25745 1
10231900 1.36771 1
10232000 1.26264 1
10232100 1.18028 1
10232200 0.924178 1
10232300 0.961357 1
10232400 1.03915 1
10232500 0.968874 1
10232600 0.872976 1
10232700 0.688399 1
10232800 0.928091 1
10232900 0.760517 1
10233000 0.816143 1
10233100 0.89035 1
10233200 0.814405 1
10233300 1.14464 1
10233400 1.4895 1
10233500 1.51215 1
10233600 1.18224 1
10233700 0.836518 1
10233800 1.09615 1
10233900 0.976813 1
10234000 0.881154 1
10234100 0.892266 1
10234200 0.904351 1
10234300 1.21498 1
10234400 1.5364 1
10234500 1.72272 1
10234600 1.60901 1
10234700 1.31055 1
10234800 1.12472 1
10234900 0.927157 1
10235000 0.879924 1
10235100 0.821981 1
10235200 0.702707 1
10235300 0.653472 1
10235400 0.636741 1
10235500 0.705968 1
10235600 0.871914 1
10235700 1.0248 1
10235800 1.15891 1
10235900 1.18566 1
10236000 1.18612 1
10236100 1.33255 1
10236200 1.24383 1
10236300 1.14363 1
10236400 1.27254 1
10236500 1.35263 1
10236600 1.35031 1
10236700 1.33111 1
10236800 1.21893 1
10236900 1.24419 1
10237000 0.941811 1
10237100 0.798517 1
10237200 0.635062 1
10237300 0.933104 1
10237400 1.21873 1
10237500 1.09058 1
10237600 0.845333 1
10237700 0.68224 1
10237800 0.789814 1
10237900 0.807555 1
10238000 0.947644 1
10238100 0.611189 1
10238200 0.406633 1
10238300 0.730694 1
10238400 0.953764 1
10238500 1.0361 1
10238600 1.0013 1
10238700 0.816498 1
10238800 0.282669 1
10238900 0.433211 1
10239000 0.552665 1
10239100 0.646173 1
10239200 1.05225 1
10239300 1.00288 1
10239400 1.18038 1
10239500 1.28545 1
10239600 1.2338 1
10239700 0.877999 1
10239800 0.803887 1
10239900 0.950835 1
10240000 0.900596 1
10240100 0.758222 1
10240200 1.03184 1
10240300 1.176 1
10240400 1.22462 1
10240500 1.51772 1
10240600 1.76859 1
10240700 1.87786 1
10240800 1.78582 1
10240900 1.27035 1
10241000 1.0259 1
10241100 1.25131 1
10241200 1.17944 1
10241300 1.03732 1
10241400 0.824091 1
10241500 0.629803 1
10241600 0.550228 1
10241700 0.634948 1
10241800 0.657846 1
10241900 0.664983 1
10242000 0.709517 1
10242100 0.600964 1
10242200 0.302292 1
10242300 0.285269 1
10242400 0.854446 1
10242500 1.34787 1
10242600 1.30413 1
10242700 1.29483 1
10242800 1.06224 1
10242900 0.780673 1
10243000 0.517281 1
10243100 0.652486 1
10243200 0.861789 1
10243300 1.23375 1
10243400 1.54354 1
10243500 1.6248 1
10243600 1.29833 1
10243700 1.0816 1
10243800 1.0776 1
10243900 0.918578 1
10244000 0.796556 1
10244100 1.16706 1
10244200 1.28819 1
10244300 1.24587 1
10244400 1.22607 1
10244500 1.44799 1
10244600 1.50437 1
10244700 1.26441 1
10244800 0.858456 1
10244900 0.71891 1
10245000 0.902305 1
10245100 0.985683 1
10245200 1.05229 1
10245300 0.814746 1
10245400 0.570689 1
10245500 0.40212 1
10245600 0.735676 1
10245700 0.846488 1
10245800 0.794119 1
10245900 0.738559 1
10246000 0.734695 1
10246100 0.82606 1
10246200 0.514012 1
10246300 0.300182 1
10246400 0.605404 1
10246500 0.951031 1
10246600 0.861828 1
10246700 0.760768 1
10246800 0.621878 1
10246900 1.06972 1
10247000 1.19966 1
10247100 1.14896 1
10247200 1.20355 1
10247300 1.32969 1
10247400 1.26979 1
10247500 1.28135 1
10247600 0.912365 1
10247700 0.483854 1
10247800 0.195145 1
10247900 0.136891 1
10248000 0.0124831 1
10248100 0.109333 1
10248200 0.33987 1
10248300 0.576721 1
10248400 0.78383 1
10248500 1.14905 1
10248600 1.52285 1
10248700 1.77499 1
10248800 1.88576 1
10248900 1.49097 1
10249000 1.35614 1
10249100 1.5229 1
10249200 1.67924 1
10249300 1.65452 1
10249400 1.34999 1
10249500 1.25443 1
10249600 1.39884 1
10249700 1.65108 1
10249800 1.56069 1
10249900 1.10151 1
10250000 1.11919 1
10250100 0.872099 1
10250200 0.472114 1
10250300 0.270767 1
10250400 0.310449 1
10250500 -0.0202587 1
10250600 -0.349145 1
10250700 -0.21467 1
10250800 0.0812738 1
10250900 0.21869 1
10251000 0.420675 1
10251100 0.788456 1
10251200 0.856783 1
10251300 0.97298 1
10251400 1.23292 1
10251500 1.28084 1
10251600 1.27068 1
10251700 1.14018 1
10251800 1.05689 1
10251900 0.958151 1
10252000 1.13159 1
10252100 1.21962 1
10252200 1.32001 1
10252300 1.16048 1
10252400 0.836743 1
10252500 0.790321 1
10252600 0.941814 1
10252700 1.27217 1
10252800 0.937515 1
10252900 0.662487 1
10253000 0.333193 1
10253100 0.311193 1
10253200 0.167602 1
10253300 0.0731632 1
10253400 0.333409 1
10253500 0.42029 1
10253600 0.398206 1
10253700 0.642018 1
10253800 0.986187 1
10253900 0.89755 1
10254000 1.04364 1
10254100 1.50029 1
10254200 1.43281 1
10254300 1.41217 1
10254400 1.56452 1
10254500 1.21737 1
10254600 0.682201 1
10254700 0.513723 1
10254800 0.621907 1
10254900 0.722204 1
10255000 0.642754 1
10255100 0.694246 1
10255200 0.723236 1
10255300 0.936838 1
10255400 1.42077 1
10255500 1.54599 1
10255600 1.49329 1
10255700 1.24853 1
10255800 0.847785 1
10255900 0.462601 1
10256000 0.324375 1
10256100 0.34137 1
10256200 -0.0734483 1
10256300 -0.228332 1
10256400 0.153341 1
10256500 0.495223 1
10256600 0.812176 1
10256700 0.835838 1
10256800 0.928697 1
10256900 1.1039 1
10257000 1.27439 1
10257100 0.947822 1
10257200 0.601428 1
10257300 0.569541 1
10257400 0.792439 1
10257500 0.936876 1
10257600 1.04064 1
10257700 0.920545 1
10257800 1.22981 1
10257900 1.2688 1
10258000 1.623 1
10258100 1.62983 1
10258200 1.5932 1
10258300 1.64192 1
10258400 1.58016 1
10258500 1.38022 1
10258600 1.10702 1
10258700 1.29645 1
10258800 1.24359 1
10258900 1.43398 1
10259000 1.68227 1
10259100 1.63648 1
10259200 1.46731 1
10259300 0.930075 1
10259400 0.733552 1
10259500 1.02545 1
10259600 1.3566 1
10259700 1.2616 1
10259800 1.08989 1
10259900 0.890361 1
10260000 1.01533 1
10260100 1.20585 1
10260200 1.3119 1
10260300 1.83766 1
10260400 1.81185 1
10260500 1.69024 1
10260600 1.81507 1
10260700 1.77564 1
10260800 1.62821 1
10260900 1.7087 1
10261000 1.51267 1
10261100 1.00655 1
10261200 0.837119 1
10261300 0.98608 1
10261400 1.23726 1
10261500 1.38813 1
10261600 1.25878 1
10261700 1.30436 1
10261800 1.21017 1
10261900 1.18232 1
10262000 1.08528 1
10262100 1.35381 1
10262200 1.22878 1
10262300 0.981409 1
10262400 0.832969 1
10262500 0.668651 1
10262600 0.548257 1
10262700 0.610878 1
10262800 0.847292 1
10262900 1.00612 1
10263000 0.804924 1
10263100 0.526329 1
10263200 0.561133 1
10263300 0.428414 1
10263400 0.587571 1
10263500 0.725823 1
10263600 1.04046 1
10263700 1.25967 1
10263800 1.29082 1
10263900 0.969376 1
10264000 0.893708 1
10264100 1.06629 1
10264200 1.13161 1
10264300 1.23041 1
10264400 1.07475 1
10264500 0.857831 1
10264600 0.779599 1
10264700 0.866436 1
10264800 1.15611 1
10264900 1.36941 1
10265000 1.59829 1
10265100 1.88974 1
10265200 1.64998 1
10265300 1.56155 1
10265400 1.484 1
10265500 1.40787 1
10265600 1.41352 1
10265700 0.845627 1
10265800 0.474987 1
10265900 0.555058 1
10266000 0.891835 1
10266100 1.0574 1
10266200 0.919683 1
10266300 0.747455 1
10266400 0.755768 1
10266500 0.671462 1
10266600 0.741479 1
10266700 0.582652 1
10266800 0.569867 1
10266900 0.539675 1
10267000 0.553499 1
10267100 0.631674 1
10267200 0.252571 1
10267300 0.462418 1
10267400 0.97518 1
10267500 1.07059 1
10267600 0.982999 1
10267700 0.680205 1
10267800 0.556889 1
10267900 1.04662 1
10268000 1.20094 1
10268100 1.02102 1
10268200 0.943021 1
10268300 0.994287 1
10268400 0.736506 1
10268500 0.661636 1
10268600 0.625503 1
10268700 0.690208 1
10268800 0.925863 1
10268900 0.910575 1
10269000 0.601851 1
10269100 0.590073 1
10269200 0.782205 1
10269300 0.635847 1
10269400 0.823465 1
10269500 0.892833 1
10269600 1.09272 1
10269700 0.93764 1
10269800 0.972078 1
10269900 0.868575 1
10270000 0.790765 1
10270100 1.07532 1
10270200 1.25699 1
10270300 1.22021 1
10270400 0.837724 1
10270500 0.581576 1
10270600 0.724281 1
10270700 1.20579 1
10270800 1.24407 1
10270900 0.925911 1
10271000 0.700499 1
10271100 0.74381 1
10271200 0.85198 1
10271300 0.943051 1
10271400 1.13326 1
10271500 0.867084 1
10271600 0.430354 1
10271700 0.192709 1
10271800 0.150128 1
10271900 0.403721 1
10272000 0.570692 1
10272100 0.727945 1
10272200 0.877557 1
10272300 0.758868 1
10272400 0.7433 1
10272500 0.537404 1
10272600 0.581026 1
10272700 0.797788 1
10272800 0.900045 1
10272900 0.815222 1
10273000 0.591321 1
10273100 0.754964 1
10273200 0.910963 1
10273300 0.837271 1
10273400 0.694029 1
10273500 0.557984 1
10273600 0.534402 1
10273700 0.525809 1
10273800 0.534809 1
10273900 0.682746 1
10274000 1.06947 1
10274100 1.18097 1
10274200 1.27036 1
10274300 1.25783 1
10274400 0.912789 1
10274500 0.289336 1
10274600 0.267684 1
10274700 0.205523 1
10274800 0.0133464 1
10274900 -0.00382988 1
10275000 0.259922 1
10275100 0.452254 1
10275200 0.836093 1
10275300 1.15128 1
10275400 1.10604 1
10275500 0.857271 1
10275600 0.499876 1
10275700 0.667963 1
10275800 0.936701 1
10275900 1.136 1
10276000 0.945364 1
10276100 0.539822 1
10276200 0.432628 1
10276300 0.807317 1
10276400 0.72657 1
10276500 0.409933 1
10276600 0.944083 1
10276700 1.22709 1
10276800 1.41146 1
10276900 1.3829 1
10277000 1.2417 1
10277100 0.882091 1
10277200 0.50869 1
10277300 0.731296 1
10277400 0.871625 1
10277500 1.18664 1
10277600 1.3443 1
10277700 1.42606 1
10277800 1.47893 1
10277900 1.34573 1
10278000 0.889649 1
10278100 0.420396 1
10278200 0.142035 1
10278300 -0.00407009 1
10278400 0.087784 1
10278500 -0.00082152 1
10278600 0.135456 1
10278700 0.375274 1
10278800 0.880575 1
10278900 0.949251 1
10279000 1.06521 1
10279100 1.25412 1
10279200 1.42273 1
10279300 1.23528 1
10279400 1.028 1
10279500 0.85816 1
10279600 0.691936 1
10279700 0.822096 1
10279800 1.15053 1
10279900 1.09951 1
10280000 0.853225 1
10280100 0.852775 1
10280200 1.05055 1
10280300 1.23553 1
10280400 1.22753 1
10280500 1.19577 1
10280600 1.12508 1
10280700 1.13783 1
10280800 0.920372 1
10280900 0.932003 1
10281000 0.70838 1
10281100 0.970715 1
10281200 1.52886 1
10281300 1.46292 1
10281400 1.51654 1
10281500 1.25057 1
10281600 1.04615 1
10281700 0.715225 1
10281800 0.566454 1
10281900 0.42894 1
10282000 0.683236 1
10282100 0.943213 1
10282200 1.21569 1
10282300 1.00114 1
10282400 0.737019 1
10282500 0.810253 1
10282600 1.08706 1
10282700 1.38933 1
10282800 1.30305 1
10282900 1.20819 1
10283000 1.2119 1
10283100 1.2444 1
10283200 1.00613 1
10283300 0.734225 1
10283400 0.826822 1
10283500 1.15612 1
10283600 1.00626 1
10283700 0.782911 1
10283800 0.650961 1
10283900 0.563336 1
10284000 0.6736 1
10284100 1.08282 1
10284200 0.911052 1
10284300 0.566526 1
10284400 0.553288 1
10284500 0.799463 1
10284600 1.11833 1
10284700 1.22774 1
10284800 1.18883 1
10284900 0.873847 1
10285000 0.658463 1
10285100 0.814853 1
10285200 1.06391 1
10285300 0.973862 1
10285400 0.648764 1
10285500 0.769511 1
10285600 0.911784 1
10285700 1.06028 1
10285800 1.25164 1
10285900 1.10882 1
10286000 0.994388 1
10286100 0.849107 1
10286200 0.743454 1
10286300 1.01169 1
10286400 1.21129 1
10286500 1.00822 1
10286600 0.886053 1
10286700 1.15597 1
10286800 1.34347 1
10286900 1.47009 1
10287000 1.53093 1
10287100 1.27593 1
10287200 1.37239 1
10287300 1.52639 1
10287400 1.63458 1
10287500 1.46507 1
10287600 1.25777 1
10287700 0.943735 1
10287800 0.706261 1
10287900 0.821341 1
10288000 0.995786 1
10288100 0.779659 1
10288200 0.614162 1
10288300 0.716608 1
10288400 0.689529 1
10288500 0.720743 1
10288600 1.15945 1
10288700 1.42587 1
10288800 1.31518 1
10288900 0.996179 1
10289000 1.10378 1
10289100 1.26958 1
10289200 1.43895 1
10289300 1.10903 1
10289400 0.944302 1
10289500 1.28908 1
10289600 1.66098 1
10289700 1.61455 1
10289800 1.15552 1
10289900 0.915886 1
10290000 0.767507 1
10290100 1.17601 1
10290200 1.4299 1
10290300 1.63671 1
10290400 1.70647 1
10290500 1.8576 1
10290600 2.09586 1
10290700 2.05198 1
10290800 1.7861 1
10290900 1.70617 1
10291000 1.70067 1
10291100 1.93361 1
10291200 2.10333 1
10291300 1.91577 1
10291400 1.79801 1
10291500 1.56386 1
10291600 1.34047 1
10291700 1.36058 1
10291800 1.28758 1
10291900 0.856741 1
10292000 0.469499 1
10292100 0.415918 1
10292200 0.541467 1
10292300 0.297161 1
10292400 0.310013 1
10292500 0.506317 1
10292600 0.277441 1
10292700 0.362033 1
10292800 0.554514 1
10292900 0.893968 1
10293000 0.923661 1
10293100 1.01715 1
10293200 1.08584 1
10293300 1.06465 1
10293400 0.790307 1
10293500 0.528498 1
10293600 0.633069 1
10293700 0.587359 1
10293800 0.502755 1
10293900 0.812042 1
10294000 0.890443 1
10294100 1.12388 1
10294200 1.40675 1
10294300 1.4275 1
10294400 1.66378 1
10294500 1.5876 1
10294600 1.66872 1
10294700 1.3516 1
10294800 1.20171 1
10294900 0.939248 1
10295000 0.767698 1
10295100 0.625237 1
10295200 0.590081 1
10295300 0.560219 1
10295400 0.58104 1
10295500 0.455408 1
10295600 0.769281 1
10295700 1.11643 1
10295800 0.936651 1
10295900 0.971019 1
10296000 1.28665 1
10296100 0.887875 1
10296200 0.644526 1
10296300 0.717632 1
10296400 0.826769 1
10296500 0.507953 1
10296600 0.243152 1
10296700 0.22685 1
10296800 0.325942 1
10296900 0.397648 1
10297000 0.579209 1
10297100 0.84418 1
10297200 0.886217 1
10297300 0.847524 1
10297400 1.11013 1
10297500 1.4182 1
10297600 1.31102 1
10297700 1.29662 1
10297800 1.03913 1
10297900 0.839134 1
10298000 0.797332 1
10298100 0.780942 1
10298200 0.842079 1
10298300 0.988356 1
10298400 1.17496 1
10298500 1.45348 1
10298600 1.86165 1
10298700 2.03616 1
10298800 2.12279 1
10298900 1.86718 1
10299000 1.9662 1
10299100 1.67481 1
10299200 1.28518 1
10299300 0.992901 1
10299400 0.915562 1
10299500 1.04788 1
10299600 1.4465 1
10299700 1.84786 1
10299800 1.76924 1
10299900 1.27598 1
10300000 1.23221 1
10300100 0.948545 1
10300200 0.596174 1
10300300 0.693587 1
10300400 1.06379 1
10300500 0.920563 1
10300600 1.21692 1
10300700 1.54376 1
10300800 1.3448 1
10300900 1.23712 1
10301000 1.21114 1
10301100 0.960212 1
10301200 0.892948 1
10301300 0.93391 1
10301400 1.0232 1
10301500 1.23093 1
10301600 1.18607 1
10301700 0.956647 1
10301800 0.902169 1
10301900 0.960022 1
10302000 0.734405 1
10302100 1.01923 1
10302200 1.29642 1
10302300 1.37792 1
10302400 1.23047 1
10302500 1.22288 1
10302600 1.52834 1
10302700 1.80867 1
10302800 2.01899 1
10302900 1.96669 1
10303000 1.7052 1
10303100 1.50499 1
10303200 1.40695 1
10303300 1.57224 1
10303400 1.56243 1
10303500 1.79342 1
10303600 1.58677 1
10303700 1.38531 1
10303800 1.13102 1
10303900 1.06069 1
10304000 0.669282 1
10304100 0.721275 1
10304200 0.756319 1
10304300 0.924487 1
10304400 1.24614 1
10304500 0.992606 1
10304600 0.915718 1
10304700 1.12898 1
10304800 0.998123 1
10304900 0.866348 1
10305000 1.19909 1
10305100 1.17777 1
10305200 0.990124 1
10305300 1.0618 1
10305400 1.31201 1
10305500 1.23244 1
10305600 1.4209 1
10305700 1.18158 1
10305800 1.2058 1
10305900 1.11834 1
10306000 1.03663 1
10306100 0.856234 1
10306200 0.776219 1
10306300 0.859598 1
10306400 0.852403 1
10306500 0.80773 1
10306600 0.949771 1
10306700 1.13326 1
10306800 1.16757 1
10306900 1.39176 1
10307000 1.46451 1
10307100 1.54415 1
10307200 1.21592 1
10307300 0.993476 1
10307400 0.947052 1
10307500 0.869862 1
10307600 0.687382 1
10307700 0.628075 1
10307800 0.433853 1
10307900 1.00764 1
10308000 1.37598 1
10308100 1.26439 1
10308200 1.14486 1
10308300 1.56489 1
10308400 1.64399 1
10308500 1.52483 1
10308600 1.28308 1
10308700 1.01319 1
10308800 1.1398 1
10308900 1.14958 1
10309000 1.0629 1
10309100 1.02058 1
10309200 0.878149 1
10309300 1.20035 1
10309400 1.25676 1
10309500 0.871027 1
10309600 0.519872 1
10309700 0.424107 1
10309800 1.06725 1
10309900 1.53888 1
10310000 1.54758 1
10310100 1.66124 1
10310200 1.75064 1
10310300 1.5955 1
10310400 1.24326 1
10310500 0.897796 1
10310600 0.927701 1
10310700 1.35474 1
10310800 1.23502 1
10310900 1.14265 1
10311000 1.23005 1
10311100 1.24047 1
10311200 1.10561 1
10311300 1.24563 1
10311400 1.16216 1
10311500 1.14423 1
10311600 1.3199 1
10311700 1.3999 1
10311800 1.00821 1
10311900 0.758364 1
10312000 0.773842 1
10312100 1.06687 1
10312200 1.39895 1
10312300 1.16163 1
10312400 0.959194 1
10312500 0.782606 1
10312600 0.560248 1
10312700 0.106313 1
10312800 0.393635 1
10312900 0.907362 1
10313000 1.19649 1
10313100 1.3255 1
10313200 1.22522 1
10313300 1.21651 1
10313400 1.06512 1
10313500 0.995043 1
10313600 1.08194 1
10313700 0.84988 1
10313800 0.737548 1
10313900 0.585278 1
10314000 0.835831 1
10314100 1.00568 1
10314200 0.970873 1
10314300 0.897886 1
10314400 0.552588 1
10314500 0.00311026 1
10314600 -0.288596 1
10314700 0.249683 1
10314800 1.00334 1
10314900 1.36593 1
10315000 1.14701 1
10315100 0.917742 1
10315200 1.00901 1
10315300 0.975095 1
10315400 0.821863 1
10315500 0.696636 1
10315600 0.291435 1
10315700 0.00618067 1
10315800 0.091796 1
10315900 0.155849 1
10316000 0.535303 1
10316100 0.784573 1
10316200 1.12174 1
10316300 1.23977 1
10316400 1.25023 1
10316500 1.23037 1
10316600 1.22867 1
10316700 1.3071 1
10316800 1.22356 1
10316900 1.06506 1
10317000 1.21411 1
10317100 1.41866 1
10317200 1.33865 1
10317300 0.984891 1
10317400 1.06854 1
10317500 1.21373 1
10317600 1.43824 1
10317700 1.53987 1
10317800 1.58678 1
10317900 1.5822 1
10318000 1.57726 1
10318100 1.31123 1
10318200 1.41722 1
10318300 1.49782 1
10318400 1.41791 1
10318500 1.40526 1
10318600 1.15918 1
10318700 1.24843 1
10318800 1.52974 1
10318900 1.59226 1
10319000 1.4808 1
10319100 1.34334 1
10319200 1.35649 1
10319300 1.29647 1
10319400 1.24611 1
10319500 0.904436 1
10319600 0.217808 1
10319700 0.0751464 1
10319800 0.291004 1
10319900 0.575316 1
10320000 0.667889 1
10320100 0.55052 1
10320200 0.642601 1
10320300 0.881787 1
10320400 0.807028 1
10320500 0.746817 1
10320600 0.826817 1
10320700 0.974471 1
10320800 0.980077 1
10320900 0.82257 1
10321000 0.855212 1
10321100 0.907092 1
10321200 1.06424 1
10321300 1.2555 1
10321400 1.13611 1
10321500 1.06455 1
10321600 1.2907 1
10321700 1.46495 1
10321800 1.40579 1
10321900 1.51438 1
10322000 1.31572 1
10322100 1.04025 1
10322200 0.792508 1
10322300 0.878797 1
10322400 0.796886 1
10322500 1.00603 1
10322600 1.01455 1
10322700 1.18597 1
10322800 1.40349 1
10322900 1.57769 1
10323000 1.4163 1
10323100 1.05374 1
10323200 0.6744 1
10323300 0.423845 1
10323400 0.387186 1
10323500 0.549676 1
10323600 0.579008 1
10323700 0.78451 1
10323800 1.16804 1
10323900 1.07695 1
10324000 0.891978 1
10324100 0.643196 1
10324200 0.463836 1
10324300 0.491636 1
10324400 0.846782 1
10324500 1.09996 1
10324600 0.960748 1
10324700 0.99098 1
10324800 1.00073 1
10324900 1.25147 1
10325000 1.21425 1
10325100 1.25884 1
10325200 1.20518 1
10325300 1.24989 1
10325400 1.31565 1
10325500 1.26031 1
10325600 1.30751 1
10325700 1.67392 1
10325800 1.99876 1
10325900 2.08511 1
10326000 2.05953 1
10326100 1.58558 1
10326200 1.33675 1
10326300 1.45186 1
10326400 1.65989 1
10326500 1.69637 1
10326600 1.6811 1
10326700 1.5999 1
10326800 1.73893 1
10326900 1.70045 1
10327000 1.57578 1
10327100 1.2848 1
10327200 1.16321 1
10327300 1.10008 1
10327400 0.906099 1
10327500 0.770869 1
10327600 0.721404 1
10327700 0.715911 1
10327800 0.70166 1
10327900 0.781865 1
10328000 0.893236 1
10328100 0.819704 1
10328200 0.839127 1
10328300 0.88366 1
10328400 0.992676 1
10328500 1.2293 1
10328600 1.25638 1
10328700 1.00164 1
10328800 0.895981 1
10328900 1.49407 1
10329000 1.88678 1
10329100 1.93105 1
10329200 1.74961 1
10329300 1.58317 1
10329400 1.59305 1
10329500 1.74514 1
10329600 1.89512 1
10329700 2.21433 1
10329800 2.12187 1
10329900 1.67797 1
10330000 1.42511 1
10330100 1.18253 1
10330200 0.923768 1
10330300 0.735784 1
10330400 0.934353 1
10330500 1.15834 1
10330600 1.44582 1
10330700 1.47813 1
10330800 1.3873 1
10330900 1.38423 1
10331000 1.27539 1
10331100 0.932816 1
10331200 0.626228 1
10331300 0.468982 1
10331400 0.28926 1
10331500 0.289439 1
10331600 0.240532 1
10331700 0.478011 1
10331800 0.662548 1
10331900 0.774283 1
10332000 0.699131 1
10332100 0.696524 1
10332200 0.775019 1
10332300 0.909814 1
10332400 1.18037 1
10332500 1.31553 1
10332600 1.13739 1
10332700 1.05843 1
10332800 1.21322 1
10332900 1.31849 1
10333000 1.14851 1
10333100 1.01031 1
10333200 1.07266 1
10333300 1.13134 1
10333400 0.883077 1
10333500 1.0827 1
10333600 1.49327 1
10333700 1.78029 1
10333800 1.68662 1
10333900 1.2611 1
10334000 1.18936 1
10334100 1.27199 1
10334200 1.42642 1
10334300 1.49313 1
10334400 1.50202 1
10334500 1.4252 1
10334600 1.04321 1
10334700 0.627074 1
10334800 0.577379 1
10334900 0.834287 1
10335000 1.0654 1
10335100 0.952243 1
10335200 1.04635 1
10335300 1.02468 1
10335400 1.12135 1
10335500 0.817858 1
10335600 0.454374 1
10335700 0.0955169 1
10335800 0.142058 1
10335900 0.243626 1
10336000 0.239195 1
10336100 0.0909166 1
10336200 -0.10816 1
10336300 -0.391114 1
10336400 -0.00563047 1
10336500 0.262218 1
10336600 0.318633 1
10336700 0.341158 1
10336800 0.53533 1
10336900 0.626137 1
10337000 1.26319 1
10337100 1.53032 1
10337200 1.6919 1
10337300 1.56765 1
10337400 1.38375 1
10337500 1.30781 1
10337600 0.943285 1
10337700 0.758573 1
10337800 0.545019 1
10337900 0.616381 1
10338000 0.722367 1
10338100 1.1995 1
10338200 1.47311 1
10338300 1.10349 1
10338400 1.23069 1
10338500 1.17615 1
10338600 1.12977 1
10338700 0.948662 1
10338800 0.922141 1
10338900 1.03301 1
10339000 1.25037 1
10339100 1.47324 1
10339200 1.17781 1
10339300 1.08951 1
10339400 1.29345 1
10339500 1.32037 1
10339600 1.06561 1
10339700 0.832748 1
10339800 0.731114 1
10339900 0.527205 1
10340000 0.677674 1
10340100 0.886596 1
10340200 0.924158 1
10340300 0.905963 1
10340400 0.833918 1
10340500 0.934072 1
10340600 0.725418 1
10340700 0.588888 1
10340800 0.782786 1
10340900 0.975712 1
10341000 1.48414 1
10341100 1.69172 1
10341200 1.40767 1
10341300 1.12841 1
10341400 0.901276 1
10341500 0.714129 1
10341600 0.368334 1
10341700 0.283921 1
10341800 0.732635 1
10341900 1.13622 1
10342000 1.09103 1
10342100 0.964871 1
10342200 0.823581 1
10342300 0.671584 1
10342400 1.16205 1
10342500 1.39298 1
10342600 1.22237 1
10342700 1.11369 1
10342800 0.973403 1
10342900 0.787366 1
10343000 0.589351 1
10343100 0.413274 1
10343200 0.367749 1
10343300 0.887021 1
10343400 1.21049 1
10343500 1.0157 1
10343600 1.0053 1
10343700 1.19903 1
10343800 1.33268 1
10343900 1.51386 1
10344000 1.79518 1
10344100 1.89325 1
10344200 1.88553 1
10344300 1.7863 1
10344400 1.71759 1
10344500 1.54138 1
10344600 1.42193 1
10344700 1.66637 1
10344800 1.81101 1
10344900 1.73703 1
10345000 1.65695 1
10345100 1.37369 1
10345200 1.41545 1
10345300 1.29061 1
10345400 1.12092 1
10345500 0.901867 1
10345600 0.882945 1
10345700 1.30697 1
10345800 1.42557 1
10345900 1.14533 1
10346000 0.985783 1
10346100 1.021 1
10346200 0.911665 1
10346300 0.42221 1
10346400 0.335837 1
10346500 0.617096 1
10346600 0.827734 1
10346700 0.710616 1
10346800 0.67518 1
10346900 0.52427 1
10347000 0.528079 1
10347100 0.490123 1
10347200 0.156024 1
10347300 0.0419605 1
10347400 0.121724 1
10347500 0.490084 1
10347600 0.856388 1
10347700 0.737572 1
10347800 0.937756 1
10347900 1.48424 1
10348000 1.60809 1
10348100 1.19521 1
10348200 0.911949 1
10348300 0.940782 1
10348400 1.13472 1
10348500 1.08266 1
10348600 0.888034 1
10348700 0.78028 1
10348800 0.722366 1
10348900 0.881239 1
10349000 1.22433 1
10349100 1.48598 1
10349200 1.51157 1
10349300 1.40505 1
10349400 1.40701 1
10349500 1.43314 1
10349600 1.38371 1
10349700 1.14026 1
10349800 0.59422 1
10349900 0.277106 1
10350000 0.677595 1
10350100 0.885344 1
10350200 0.957452 1
10350300 1.22964 1
10350400 1.15854 1
10350500 1.10711 1
10350600 0.790338 1
10350700 0.432414 1
10350800 0.387273 1
10350900 0.701471 1
10351000 0.740564 1
10351100 0.657088 1
10351200 0.950137 1
10351300 1.05308 1
10351400 1.13658 1
10351500 1.15042 1
10351600 1.21217 1
10351700 1.21024 1
10351800 0.904764 1
10351900 0.813438 1
10352000 0.742436 1
10352100 0.762875 1
10352200 0.734573 1
10352300 1.05977 1
10352400 1.32834 1
10352500 1.25981 1
10352600 1.58226 1
10352700 1.75795 1
10352800 1.59214 1
10352900 1.60362 1
10353000 1.33346 1
10353100 0.973627 1
10353200 0.845194 1
10353300 0.606002 1
10353400 0.398397 1
10353500 0.461647 1
10353600 0.879369 1
10353700 0.776065 1
10353800 0.864077 1
10353900 1.06392 1
10354000 1.25909 1
10354100 1.25909 1
10354200 1.26513 1
10354300 0.845749 1
10354400 0.721723 1
10354500 0.812521 1
10354600 1.02159 1
10354700 1.45831 1
10354800 1.46055 1
10354900 1.50922 1
10355000 1.5989 1
10355100 1.8001 1
10355200 1.76151 1
10355300 1.36668 1
10355400 1.28565 1
10355500 1.45504 1
10355600 1.51395 1
10355700 1.33671 1
10355800 1.523 1
10355900 1.37135 1
10356000 1.34004 1
10356100 1.31361 1
10356200 1.30359 1
10356300 1.39037 1
10356400 1.36504 1
10356500 1.07135 1
10356600 0.946906 1
10356700 0.894032 1
10356800 0.809126 1
10356900 0.669629 1
10357000 0.795143 1
10357100 0.854123 1
10357200 0.534647 1
10357300 0.447709 1
10357400 0.30595 1
10357500 0.0985294 1
10357600 0.321588 1
10357700 0.662504 1
10357800 1.1921 1
10357900 1.47782 1
10358000 1.58802 1
10358100 1.14822 1
10358200 1.0505 1
10358300 1.05276 1
10358400 0.755451 1
10358500 0.712282 1
10358600 0.666913 1
10358700 0.627372 1
10358800 0.630841 1
10358900 0.679471 1
10359000 0.842733 1
10359100 0.829716 1
10359200 0.640585 1
10359300 0.776686 1
10359400 0.981793 1
10359500 1.07527 1
10359600 1.28564 1
10359700 1.25072 1
10359800 1.06598 1
10359900 0.780691 1
10360000 0.684581 1
10360100 0.604481 1
10360200 0.591099 1
10360300 0.810795 1
10360400 0.773711 1
10360500 0.797449 1
10360600 0.678206 1
10360700 0.937824 1
10360800 1.03363 1
10360900 0.82137 1
10361000 0.633274 1
10361100 1.05362 1
10361200 1.13779 1
10361300 1.08386 1
10361400 0.988704 1
10361500 1.04137 1
10361600 1.19904 1
10361700 1.03873 1
10361800 0.907879 1
10361900 0.930001 1
10362000 0.745977 1
10362100 0.684777 1
10362200 0.665684 1
10362300 0.741172 1
10362400 0.629556 1
10362500 0.57154 1
10362600 0.538394 1
10362700 0.675366 1
10362800 0.933942 1
10362900 1.23511 1
10363000 1.34704 1
10363100 1.48653 1
10363200 1.69853 1
10363300 1.79892 1
10363400 1.82278 1
10363500 1.69504 1
10363600 1.45369 1
10363700 1.05148 1
10363800 0.666654 1
10363900 0.677276 1
10364000 0.551241 1
10364100 0.864232 1
10364200 1.27074 1
10364300 1.51389 1
10364400 1.38344 1
10364500 1.06153 1
10364600 0.940583 1
10364700 0.716521 1
10364800 0.535615 1
10364900 0.343679 1
10365000 0.266673 1
10365100 0.21758 1
10365200 0.187005 1
10365300 0.15063 1
10365400 0.35253 1
10365500 0.551427 1
10365600 1.01704 1
10365700 1.368 1
10365800 1.40393 1
10365900 1.38495 1
10366000 1.61083 1
10366100 1.65462 1
10366200 1.27739 1
10366300 0.807742 1
10366400 0.768433 1
10366500 0.635691 1
10366600 0.315072 1
10366700 0.590597 1
10366800 0.525369 1
10366900 0.26864 1
10367000 0.580135 1
10367100 1.06243 1
10367200 1.38321 1
10367300 1.3991 1
10367400 1.38429 1
10367500 1.19966 1
10367600 1.25603 1
10367700 1.36234 1
10367800 1.23727 1
10367900 1.0496 1
10368000 0.928485 1
10368100 0.691811 1
10368200 0.540124 1
10368300 0.541932 1
10368400 0.852208 1
10368500 0.920005 1
10368600 0.580361 1
10368700 0.348488 1
10368800 0.462366 1
10368900 0.619051 1
10369000 0.84604 1
10369100 1.01983 1
10369200 1.08408 1
10369300 1.31698 1
10369400 1.72369 1
10369500 1.79994 1
10369600 1.94656 1
10369700 1.93815 1
10369800 1.92085 1
10369900 1.96844 1
10370000 1.68319 1
10370100 1.28363 1
10370200 0.885528 1
10370300 0.861777 1
10370400 0.872891 1
10370500 0.793523 1
10370600 0.953026 1
10370700 1.01579 1
10370800 0.954448 1
10370900 0.968793 1
10371000 1.0507 1
10371100 1.03333 1
10371200 0.567021 1
10371300 0.268509 1
10371400 0.409502 1
10371500 0.683443 1
10371600 0.91902 1
10371700 1.27107 1
10371800 1.19034 1
10371900 1.11846 1
10372000 0.833251 1
10372100 0.620601 1
10372200 0.746863 1
10372300 0.984598 1
10372400 1.12811 1
10372500 1.39368 1
10372600 1.57552 1
10372700 1.47336 1
10372800 1.04914 1
10372900 0.60767 1
10373000 0.548544 1
10373100 0.328268 1
10373200 0.352414 1
10373300 0.418432 1
10373400 0.388258 1
10373500 0.50031 1
10373600 0.635621 1
10373700 0.686626 1
10373800 0.927578 1
10373900 0.705937 1
10374000 0.794274 1
10374100 0.839027 1
10374200 0.524002 1
10374300 0.364813 1
10374400 0.63653 1
10374500 0.709496 1
10374600 0.769163 1
10374700 0.989464 1
10374800 1.26912 1
10374900 1.29535 1
10375000 1.2404 1
10375100 1.27452 1
10375200 1.17537 1
10375300 1.04195 1
10375400 1.2797 1
10375500 1.1809 1
10375600 1.34568 1
10375700 1.42305 1
10375800 1.53416 1
10375900 1.38081 1
10376000 1.24579 1
10376100 1.24052 1
10376200 1.16641 1
10376300 0.826197 1
10376400 1.16885 1
10376500 1.10099 1
10376600 0.868744 1
10376700 0.867305 1
10376800 1.23924 1
10376900 1.52557 1
10377000 1.76876 1
10377100 1.70325 1
10377200 1.73115 1
10377300 1.3056 1
10377400 0.788688 1
10377500 0.49525 1
10377600 0.324843 1
10377700 0.352276 1
10377800 0.277989 1
10377900 0.301894 1
10378000 0.605523 1
10378100 0.567634 1
10378200 0.46758 1
10378300 0.464502 1
10378400 0.591306 1
10378500 0.660085 1
10378600 0.576224 1
10378700 0.331147 1
10378800 0.505675 1
10378900 0.596442 1
10379000 0.667486 1
10379100 0.332098 1
10379200 0.233198 1
10379300 0.386027 1
10379400 0.545471 1
10379500 0.473855 1
10379600 0.746329 1
10379700 1.09837 1
10379800 0.880622 1
10379900 0.511041 1
10380000 0.66149 1
10380100 0.694417 1
10380200 0.420247 1
10380300 0.142815 1
10380400 0.254149 1
10380500 0.600622 1
10380600 0.851911 1
10380700 0.66171 1
10380800 0.497652 1
10380900 0.315741 1
10381000 0.283242 1
10381100 0.280257 1
10381200 0.317385 1
10381300 0.527648 1
10381400 0.739576 1
10381500 0.78193 1
10381600 0.993 1
10381700 0.98397 1
10381800 0.831275 1
10381900 0.769589 1
10382000 0.587733 1
10382100 0.412971 1
10382200 0.264893 1
10382300 0.27788 1
10382400 0.230866 1
10382500 0.56776 1
10382600 0.625573 1
10382700 0.769376 1
10382800 1.21484 1
10382900 1.39205 1
10383000 1.31767 1
10383100 1.2983 1
10383200 1.20193 1
10383300 1.25734 1
10383400 1.24447 1
10383500 1.40918 1
10383600 1.41787 1
10383700 1.25504 1
10383800 1.28899 1
10383900 1.0622 1
10384000 0.850235 1
10384100 0.78338 1
10384200 0.811711 1
10384300 0.686908 1
10384400 0.619739 1
10384500 1.00297 1
10384600 1.09682 1
10384700 1.14387 1
10384800 1.22049 1
10384900 1.46312 1
10385000 1.64209 1
10385100 1.62106 1
10385200 1.61109 1
10385300 1.61803 1
10385400 1.60496 1
10385500 1.18504 1
10385600 0.944823 1
10385700 0.569711 1
10385800 0.306131 1
10385900 0.485435 1
10386000 0.626466 1
10386100 0.762398 1
10386200 1.01534 1
10386300 1.39598 1
10386400 0.978668 1
10386500 0.784598 1
10386600 0.563772 1
10386700 0.217631 1
10386800 -0.0232688 1
10386900 0.191557 1
10387000 0.416956 1
10387100 0.592341 1
10387200 0.794085 1
10387300 1.02585 1
10387400 1.03109 1
10387500 0.903114 1
10387600 1.04613 1
10387700 1.12331 1
10387800 1.0936 1
10387900 0.943161 1
10388000 1.12694 1
10388100 1.28784 1
10388200 1.38092 1
10388300 1.29839 1
10388400 1.01819 1
10388500 0.618388 1
10388600 0.534398 1
10388700 0.637075 1
10388800 1.18723 1
10388900 1.37375 1
10389000 1.22247 1
10389100 0.823639 1
10389200 1.09863 1
10389300 1.0556 1
10389400 0.846894 1
10389500 0.751517 1
10389600 0.716775 1
10389700 0.695378 1
10389800 0.785473 1
10389900 1.00696 1
10390000 1.27803 1
10390100 1.08644 1
10390200 0.924386 1
10390300 0.993942 1
10390400 0.978436 1
10390500 0.895572 1
10390600 0.813334 1
10390700 0.858006 1
10390800 0.916246 1
10390900 1.01535 1
10391000 1.13716 1
10391100 0.964638 1
10391200 0.995912 1
10391300 1.10632 1
10391400 1.24649 1
10391500 1.02631 1
10391600 0.959993 1
10391700 0.872707 1
10391800 0.678739 1
10391900 0.86045 1
10392000 0.5977 1
10392100 0.55325 1
10392200 0.458876 1
10392300 0.562952 1
10392400 0.413121 1
10392500 0.276329 1
10392600 0.802059 1
10392700 0.74296 1
10392800 0.526999 1
10392900 0.414363 1
10393000 0.6157 1
10393100 0.632816 1
10393200 0.930794 1
10393300 0.973091 1
10393400 0.759077 1
10393500 0.593234 1
10393600 0.642012 1
10393700 0.608981 1
10393800 0.670997 1
10393900 0.730045 1
10394000 1.0942 1
10394100 1.2592 1
10394200 1.0066 1
10394300 1.08842 1
10394400 1.07844 1
10394500 1.13706 1
10394600 0.868215 1
10394700 0.443314 1
10394800 0.497473 1
10394900 0.87369 1
10395000 0.896237 1
10395100 0.723693 1
10395200 0.472817 1
10395300 0.411786 1
10395400 0.405793 1
10395500 0.322274 1
10395600 0.45734 1
10395700 0.696242 1
10395800 0.729339 1
10395900 0.966346 1
10396000 1.18985 1
10396100 1.15608 1
10396200 1.00164 1
10396300 0.44978 1
10396400 0.37883 1
10396500 0.712534 1
10396600 1.08433 1
10396700 1.16166 1
10396800 1.09035 1
10396900 1.2624 1
10397000 1.74714 1
10397100 1.70089 1
10397200 1.43728 1
10397300 1.18679 1
10397400 1.27749 1
10397500 1.64375 1
10397600 1.55564 1
10397700 1.31904 1
10397800 1.32652 1
10397900 1.31885 1
10398000 1.16932 1
10398100 0.994866 1
10398200 0.798777 1
10398300 0.766597 1
10398400 0.450357 1
10398500 0.152604 1
10398600 0.0471726 1
10398700 0.4368 1
10398800 1.02947 1
10398900 1.28377 1
10399000 1.11636 1
10399100 0.673829 1
10399200 0.521343 1
10399300 0.731315 1
10399400 0.905782 1
10399500 0.805342 1
10399600 0.600739 1
10399700 0.68157 1
10399800 0.743279 1
10399900 0.710796 1
10400000 0.744461 1
