# Time-averaged data for fix myat1
# TimeStep v_xave v_xdes
7800100 -6.0781 -5
7800200 -5.92002 -5
7800300 -5.82871 -5
7800400 -5.61097 -5
7800500 -5.54956 -5
7800600 -5.89089 -5
7800700 -6.17227 -5
7800800 -6.04094 -5
7800900 -5.69741 -5
7801000 -5.41078 -5
7801100 -5.62847 -5
7801200 -5.67129 -5
7801300 -5.81928 -5
7801400 -6.0536 -5
7801500 -6.07982 -5
7801600 -6.14129 -5
7801700 -6.2227 -5
7801800 -5.98983 -5
7801900 -5.76101 -5
7802000 -5.81362 -5
7802100 -6.03179 -5
7802200 -6.19455 -5
7802300 -5.99128 -5
7802400 -5.57714 -5
7802500 -5.58372 -5
7802600 -5.83574 -5
7802700 -5.97694 -5
7802800 -5.95283 -5
7802900 -6.17962 -5
7803000 -6.24009 -5
7803100 -6.07187 -5
7803200 -6.03492 -5
7803300 -6.0351 -5
7803400 -6.29305 -5
7803500 -6.46653 -5
7803600 -6.31691 -5
7803700 -5.87878 -5
7803800 -5.96606 -5
7803900 -5.85279 -5
7804000 -5.87869 -5
7804100 -6.07496 -5
7804200 -5.98093 -5
7804300 -5.84299 -5
7804400 -6.00585 -5
7804500 -6.20885 -5
7804600 -6.31752 -5
7804700 -6.11808 -5
7804800 -5.89902 -5
7804900 -6.11403 -5
7805000 -6.43243 -5
7805100 -6.41897 -5
7805200 -5.8766 -5
7805300 -5.82677 -5
7805400 -6.0434 -5
7805500 -5.76776 -5
7805600 -5.69737 -5
7805700 -5.43991 -5
7805800 -5.53262 -5
7805900 -5.64463 -5
7806000 -5.75459 -5
7806100 -5.94934 -5
7806200 -6.04236 -5
7806300 -6.14741 -5
7806400 -5.81923 -5
7806500 -5.86093 -5
7806600 -6.08193 -5
7806700 -6.23863 -5
7806800 -6.19416 -5
7806900 -6.20578 -5
7807000 -6.33764 -5
7807100 -6.63282 -5
7807200 -6.63915 -5
7807300 -6.24221 -5
7807400 -5.92901 -5
7807500 -5.65216 -5
7807600 -5.53997 -5
7807700 -5.41082 -5
7807800 -5.50503 -5
7807900 -5.81022 -5
7808000 -6.10396 -5
7808100 -6.2128 -5
7808200 -6.23964 -5
7808300 -6.19925 -5
7808400 -5.99567 -5
7808500 -5.77625 -5
7808600 -5.9955 -5
7808700 -6.10936 -5
7808800 -6.06368 -5
7808900 -5.93672 -5
7809000 -5.80904 -5
7809100 -5.91317 -5
7809200 -6.2593 -5
7809300 -6.23257 -5
7809400 -5.84406 -5
7809500 -5.74506 -5
7809600 -6.29917 -5
7809700 -6.10994 -5
7809800 -5.67784 -5
7809900 -5.64949 -5
7810000 -5.68367 -5
7810100 -5.59214 -5
7810200 -5.70414 -5
7810300 -5.87985 -5
7810400 -5.89624 -5
7810500 -5.92543 -5
7810600 -5.88582 -5
7810700 -5.99673 -5
7810800 -6.11543 -5
7810900 -5.95113 -5
7811000 -5.91914 -5
7811100 -5.78625 -5
7811200 -5.83983 -5
7811300 -5.88747 -5
7811400 -5.82031 -5
7811500 -5.82767 -5
7811600 -5.71287 -5
7811700 -5.50817 -5
7811800 -5.54088 -5
7811900 -5.45684 -5
7812000 -5.62645 -5
7812100 -6.04149 -5
7812200 -6.12026 -5
7812300 -5.95826 -5
7812400 -5.80777 -5
7812500 -6.04311 -5
7812600 -5.84556 -5
7812700 -5.83927 -5
7812800 -6.12571 -5
7812900 -6.02657 -5
7813000 -6.20402 -5
7813100 -6.14877 -5
7813200 -6.0159 -5
7813300 -5.62393 -5
7813400 -5.56969 -5
7813500 -5.47032 -5
7813600 -5.55 -5
7813700 -5.81425 -5
7813800 -5.98719 -5
7813900 -5.85262 -5
7814000 -5.53634 -5
7814100 -5.62975 -5
7814200 -5.67727 -5
7814300 -5.88148 -5
7814400 -6.2583 -5
7814500 -6.03402 -5
7814600 -6.00246 -5
7814700 -5.86389 -5
7814800 -5.91904 -5
7814900 -6.07135 -5
7815000 -6.13728 -5
7815100 -6.28861 -5
7815200 -5.93582 -5
7815300 -5.39864 -5
7815400 -5.55806 -5
7815500 -5.69943 -5
7815600 -5.63312 -5
7815700 -5.55244 -5
7815800 -5.8943 -5
7815900 -6.20032 -5
7816000 -6.01939 -5
7816100 -5.86577 -5
7816200 -5.6294 -5
7816300 -5.6573 -5
7816400 -5.7323 -5
7816500 -5.67872 -5
7816600 -5.5988 -5
7816700 -5.58612 -5
7816800 -5.82002 -5
7816900 -5.73203 -5
7817000 -5.70747 -5
7817100 -5.62954 -5
7817200 -5.48953 -5
7817300 -5.57495 -5
7817400 -5.69922 -5
7817500 -5.63743 -5
7817600 -5.77689 -5
7817700 -5.74587 -5
7817800 -5.49902 -5
7817900 -5.53673 -5
7818000 -5.87064 -5
7818100 -5.76347 -5
7818200 -5.66867 -5
7818300 -5.51812 -5
7818400 -5.60895 -5
7818500 -5.63509 -5
7818600 -5.56786 -5
7818700 -5.80934 -5
7818800 -5.71801 -5
7818900 -5.75338 -5
7819000 -5.80495 -5
7819100 -6.07712 -5
7819200 -6.05253 -5
7819300 -5.9095 -5
7819400 -5.72356 -5
7819500 -5.67268 -5
7819600 -5.70402 -5
7819700 -5.7306 -5
7819800 -6.03751 -5
7819900 -6.27015 -5
7820000 -5.90042 -5
7820100 -5.62194 -5
7820200 -5.59423 -5
7820300 -5.90772 -5
7820400 -6.02965 -5
7820500 -5.63908 -5
7820600 -5.48348 -5
7820700 -5.98111 -5
7820800 -6.33289 -5
7820900 -6.20705 -5
7821000 -5.93968 -5
7821100 -5.72652 -5
7821200 -5.60664 -5
7821300 -5.63951 -5
7821400 -6.05956 -5
7821500 -6.64223 -5
7821600 -6.69241 -5
7821700 -6.3687 -5
7821800 -6.0734 -5
7821900 -5.7765 -5
7822000 -5.66684 -5
7822100 -5.57756 -5
7822200 -5.70951 -5
7822300 -5.6178 -5
7822400 -5.58845 -5
7822500 -5.91594 -5
7822600 -6.02331 -5
7822700 -6.31689 -5
7822800 -6.25126 -5
7822900 -6.14123 -5
7823000 -5.97804 -5
7823100 -5.8425 -5
7823200 -5.7014 -5
7823300 -5.71538 -5
7823400 -5.78591 -5
7823500 -6.10374 -5
7823600 -6.10696 -5
7823700 -5.93524 -5
7823800 -5.83429 -5
7823900 -5.68999 -5
7824000 -5.61318 -5
7824100 -5.87975 -5
7824200 -5.91528 -5
7824300 -5.89864 -5
7824400 -5.73048 -5
7824500 -5.68603 -5
7824600 -5.44102 -5
7824700 -5.47197 -5
7824800 -5.73957 -5
7824900 -5.98367 -5
7825000 -6.15827 -5
7825100 -6.45972 -5
7825200 -6.19771 -5
7825300 -5.99326 -5
7825400 -5.74921 -5
7825500 -5.65132 -5
7825600 -5.58868 -5
7825700 -5.58308 -5
7825800 -5.91365 -5
7825900 -5.72968 -5
7826000 -5.7429 -5
7826100 -5.88547 -5
7826200 -5.95837 -5
7826300 -5.94225 -5
7826400 -5.68154 -5
7826500 -5.38529 -5
7826600 -5.84054 -5
7826700 -5.66771 -5
7826800 -5.69166 -5
7826900 -5.82299 -5
7827000 -5.9802 -5
7827100 -5.76447 -5
7827200 -5.96624 -5
7827300 -6.29964 -5
7827400 -5.79659 -5
7827500 -5.81625 -5
7827600 -6.16323 -5
7827700 -6.12462 -5
7827800 -5.92602 -5
7827900 -5.86465 -5
7828000 -5.56865 -5
7828100 -5.09158 -5
7828200 -5.56945 -5
7828300 -6.07275 -5
7828400 -6.01631 -5
7828500 -6.04729 -5
7828600 -5.98916 -5
7828700 -5.87968 -5
7828800 -5.71606 -5
7828900 -5.76416 -5
7829000 -5.8158 -5
7829100 -5.70316 -5
7829200 -5.77843 -5
7829300 -5.83004 -5
7829400 -5.82454 -5
7829500 -5.94811 -5
7829600 -5.86117 -5
7829700 -5.60162 -5
7829800 -5.54969 -5
7829900 -5.86557 -5
7830000 -6.13277 -5
7830100 -6.16062 -5
7830200 -5.83322 -5
7830300 -5.59925 -5
7830400 -5.65696 -5
7830500 -5.63306 -5
7830600 -5.69056 -5
7830700 -6.026 -5
7830800 -6.23652 -5
7830900 -6.1285 -5
7831000 -5.98139 -5
7831100 -6.12769 -5
7831200 -5.92326 -5
7831300 -5.86639 -5
7831400 -5.97829 -5
7831500 -6.01125 -5
7831600 -5.90742 -5
7831700 -5.95302 -5
7831800 -5.76583 -5
7831900 -5.54118 -5
7832000 -5.84247 -5
7832100 -6.04805 -5
7832200 -5.94447 -5
7832300 -6.14116 -5
7832400 -5.91479 -5
7832500 -5.67764 -5
7832600 -5.92382 -5
7832700 -5.7511 -5
7832800 -5.76216 -5
7832900 -5.8637 -5
7833000 -6.02492 -5
7833100 -6.17263 -5
7833200 -5.90745 -5
7833300 -5.84962 -5
7833400 -5.95581 -5
7833500 -6.24122 -5
7833600 -6.22692 -5
7833700 -6.15924 -5
7833800 -5.96558 -5
7833900 -5.87834 -5
7834000 -6.06586 -5
7834100 -5.88455 -5
7834200 -5.97144 -5
7834300 -5.95699 -5
7834400 -6.13391 -5
7834500 -5.71333 -5
7834600 -5.57514 -5
7834700 -5.98016 -5
7834800 -5.98802 -5
7834900 -5.9569 -5
7835000 -6.12475 -5
7835100 -6.16463 -5
7835200 -6.05882 -5
7835300 -5.90433 -5
7835400 -5.63036 -5
7835500 -5.84437 -5
7835600 -5.76355 -5
7835700 -5.5954 -5
7835800 -5.58966 -5
7835900 -5.83832 -5
7836000 -6.00352 -5
7836100 -6.18802 -5
7836200 -6.07825 -5
7836300 -5.94949 -5
7836400 -5.93297 -5
7836500 -6.1187 -5
7836600 -6.17929 -5
7836700 -5.78388 -5
7836800 -5.38666 -5
7836900 -5.61516 -5
7837000 -5.71741 -5
7837100 -5.92916 -5
7837200 -6.20206 -5
7837300 -5.99201 -5
7837400 -5.96561 -5
7837500 -5.88044 -5
7837600 -5.82408 -5
7837700 -6.0619 -5
7837800 -6.21138 -5
7837900 -6.37511 -5
7838000 -6.1826 -5
7838100 -6.09073 -5
7838200 -6.00856 -5
7838300 -6.23196 -5
7838400 -6.19887 -5
7838500 -6.17619 -5
7838600 -6.32643 -5
7838700 -6.52828 -5
7838800 -6.53291 -5
7838900 -6.2701 -5
7839000 -6.274 -5
7839100 -6.3535 -5
7839200 -6.44834 -5
7839300 -6.57699 -5
7839400 -6.32071 -5
7839500 -6.0709 -5
7839600 -6.10942 -5
7839700 -6.15151 -5
7839800 -6.17736 -5
7839900 -6.08201 -5
7840000 -6.09111 -5
7840100 -6.01934 -5
7840200 -5.7561 -5
7840300 -5.92118 -5
7840400 -6.09149 -5
7840500 -5.99661 -5
7840600 -5.67423 -5
7840700 -5.82079 -5
7840800 -5.76809 -5
7840900 -6.05571 -5
7841000 -6.22612 -5
7841100 -6.0527 -5
7841200 -6.0065 -5
7841300 -5.81383 -5
7841400 -5.85652 -5
7841500 -5.61431 -5
7841600 -5.63675 -5
7841700 -5.62177 -5
7841800 -5.5422 -5
7841900 -5.55547 -5
7842000 -5.62073 -5
7842100 -6.05861 -5
7842200 -6.281 -5
7842300 -6.15317 -5
7842400 -6.13855 -5
7842500 -5.98681 -5
7842600 -5.49267 -5
7842700 -5.70282 -5
7842800 -6.0545 -5
7842900 -6.12672 -5
7843000 -6.22429 -5
7843100 -6.03141 -5
7843200 -5.62108 -5
7843300 -5.60749 -5
7843400 -5.89668 -5
7843500 -5.83178 -5
7843600 -5.85721 -5
7843700 -5.96609 -5
7843800 -5.85375 -5
7843900 -5.63281 -5
7844000 -5.35848 -5
7844100 -5.83238 -5
7844200 -6.22525 -5
7844300 -6.27114 -5
7844400 -5.89952 -5
7844500 -5.58674 -5
7844600 -5.8928 -5
7844700 -6.19147 -5
7844800 -5.82147 -5
7844900 -5.99906 -5
7845000 -6.27845 -5
7845100 -5.88018 -5
7845200 -5.54446 -5
7845300 -5.73413 -5
7845400 -6.09021 -5
7845500 -6.08543 -5
7845600 -5.95949 -5
7845700 -5.79936 -5
7845800 -5.6778 -5
7845900 -5.68624 -5
7846000 -5.70387 -5
7846100 -5.73497 -5
7846200 -5.93873 -5
7846300 -5.62898 -5
7846400 -5.54542 -5
7846500 -5.67148 -5
7846600 -5.7654 -5
7846700 -5.98601 -5
7846800 -6.20225 -5
7846900 -6.09558 -5
7847000 -5.77452 -5
7847100 -5.95052 -5
7847200 -5.7875 -5
7847300 -5.71858 -5
7847400 -5.88198 -5
7847500 -5.74203 -5
7847600 -6.03309 -5
7847700 -6.35887 -5
7847800 -6.28919 -5
7847900 -6.03529 -5
7848000 -6.05397 -5
7848100 -5.93464 -5
7848200 -5.79594 -5
7848300 -5.4713 -5
7848400 -5.64817 -5
7848500 -5.82443 -5
7848600 -5.79992 -5
7848700 -5.87673 -5
7848800 -6.09479 -5
7848900 -6.36543 -5
7849000 -6.32133 -5
7849100 -5.93207 -5
7849200 -6.27203 -5
7849300 -6.55685 -5
7849400 -6.33599 -5
7849500 -6.11972 -5
7849600 -5.98593 -5
7849700 -5.76976 -5
7849800 -5.84697 -5
7849900 -5.71608 -5
7850000 -5.84132 -5
7850100 -5.64657 -5
7850200 -5.59422 -5
7850300 -5.68599 -5
7850400 -5.87951 -5
7850500 -5.89896 -5
7850600 -5.80349 -5
7850700 -5.86284 -5
7850800 -6.16061 -5
7850900 -6.1591 -5
7851000 -6.2828 -5
7851100 -6.35705 -5
7851200 -5.91048 -5
7851300 -5.62591 -5
7851400 -5.9447 -5
7851500 -5.98375 -5
7851600 -6.0779 -5
7851700 -5.91089 -5
7851800 -5.6552 -5
7851900 -6.29884 -5
7852000 -6.49814 -5
7852100 -6.12885 -5
7852200 -6.07274 -5
7852300 -6.0297 -5
7852400 -5.81232 -5
7852500 -5.52468 -5
7852600 -5.54795 -5
7852700 -5.90262 -5
7852800 -6.07554 -5
7852900 -6.29612 -5
7853000 -6.26485 -5
7853100 -6.26727 -5
7853200 -6.12934 -5
7853300 -5.99877 -5
7853400 -5.77357 -5
7853500 -5.68069 -5
7853600 -5.82853 -5
7853700 -5.71175 -5
7853800 -5.60648 -5
7853900 -5.82725 -5
7854000 -5.91024 -5
7854100 -5.76585 -5
7854200 -5.94522 -5
7854300 -5.90494 -5
7854400 -6.13484 -5
7854500 -6.05914 -5
7854600 -6.09576 -5
7854700 -6.00354 -5
7854800 -5.9234 -5
7854900 -5.88702 -5
7855000 -5.82349 -5
7855100 -6.07029 -5
7855200 -6.25034 -5
7855300 -6.19112 -5
7855400 -6.39941 -5
7855500 -6.34846 -5
7855600 -6.10818 -5
7855700 -6.04388 -5
7855800 -5.67922 -5
7855900 -6.05687 -5
7856000 -6.1594 -5
7856100 -5.72687 -5
7856200 -5.5819 -5
7856300 -5.88851 -5
7856400 -6.01159 -5
7856500 -6.00901 -5
7856600 -6.02956 -5
7856700 -5.93423 -5
7856800 -6.00399 -5
7856900 -6.04912 -5
7857000 -5.99583 -5
7857100 -5.96055 -5
7857200 -5.96781 -5
7857300 -5.95428 -5
7857400 -5.95229 -5
7857500 -5.82558 -5
7857600 -5.78209 -5
7857700 -5.56963 -5
7857800 -5.30313 -5
7857900 -5.51697 -5
7858000 -5.56743 -5
7858100 -5.74495 -5
7858200 -6.15725 -5
7858300 -5.98573 -5
7858400 -5.66795 -5
7858500 -5.46061 -5
7858600 -5.56183 -5
7858700 -5.66377 -5
7858800 -5.83084 -5
7858900 -5.95033 -5
7859000 -6.06865 -5
7859100 -6.19112 -5
7859200 -6.02437 -5
7859300 -6.08827 -5
7859400 -6.18978 -5
7859500 -6.12427 -5
7859600 -6.03574 -5
7859700 -6.03039 -5
7859800 -5.91105 -5
7859900 -5.68085 -5
7860000 -5.57897 -5
7860100 -5.75968 -5
7860200 -5.9846 -5
7860300 -5.52048 -5
7860400 -5.49348 -5
7860500 -5.94971 -5
7860600 -6.01897 -5
7860700 -5.96267 -5
7860800 -6.1264 -5
7860900 -5.87192 -5
7861000 -5.58226 -5
7861100 -5.62461 -5
7861200 -5.58141 -5
7861300 -5.73425 -5
7861400 -5.85546 -5
7861500 -5.8236 -5
7861600 -5.70754 -5
7861700 -5.53533 -5
7861800 -5.41084 -5
7861900 -5.95021 -5
7862000 -6.4308 -5
7862100 -6.44426 -5
7862200 -6.07651 -5
7862300 -5.52177 -5
7862400 -5.85686 -5
7862500 -6.10121 -5
7862600 -6.11412 -5
7862700 -5.97552 -5
7862800 -5.5166 -5
7862900 -5.85901 -5
7863000 -6.36764 -5
7863100 -6.10835 -5
7863200 -5.71376 -5
7863300 -5.59815 -5
7863400 -5.60438 -5
7863500 -5.9466 -5
7863600 -5.83718 -5
7863700 -5.55393 -5
7863800 -5.56161 -5
7863900 -5.71084 -5
7864000 -5.98344 -5
7864100 -5.9963 -5
7864200 -5.91074 -5
7864300 -5.8337 -5
7864400 -5.9802 -5
7864500 -5.93122 -5
7864600 -5.93646 -5
7864700 -5.85139 -5
7864800 -5.70279 -5
7864900 -5.81709 -5
7865000 -5.82436 -5
7865100 -5.91734 -5
7865200 -5.88442 -5
7865300 -6.05064 -5
7865400 -5.92363 -5
7865500 -5.91622 -5
7865600 -6.06001 -5
7865700 -6.20649 -5
7865800 -6.31591 -5
7865900 -6.16729 -5
7866000 -5.86192 -5
7866100 -5.66098 -5
7866200 -5.43687 -5
7866300 -5.53944 -5
7866400 -5.56251 -5
7866500 -5.77027 -5
7866600 -5.75063 -5
7866700 -5.58698 -5
7866800 -5.68047 -5
7866900 -5.85089 -5
7867000 -5.66278 -5
7867100 -5.63917 -5
7867200 -5.71817 -5
7867300 -5.82356 -5
7867400 -5.76226 -5
7867500 -5.73269 -5
7867600 -5.65369 -5
7867700 -5.71265 -5
7867800 -5.60963 -5
7867900 -5.42698 -5
7868000 -5.32801 -5
7868100 -5.53241 -5
7868200 -5.88315 -5
7868300 -6.25293 -5
7868400 -6.55329 -5
7868500 -6.9022 -5
7868600 -6.93106 -5
7868700 -6.55779 -5
7868800 -6.17717 -5
7868900 -5.98841 -5
7869000 -5.89185 -5
7869100 -5.87558 -5
7869200 -6.079 -5
7869300 -5.75871 -5
7869400 -5.78174 -5
7869500 -5.93164 -5
7869600 -5.94793 -5
7869700 -6.07338 -5
7869800 -5.90962 -5
7869900 -5.785 -5
7870000 -5.54573 -5
7870100 -5.78531 -5
7870200 -6.17281 -5
7870300 -6.3343 -5
7870400 -6.14212 -5
7870500 -5.99836 -5
7870600 -5.81778 -5
7870700 -5.78514 -5
7870800 -5.94526 -5
7870900 -6.05494 -5
7871000 -5.99586 -5
7871100 -6.20722 -5
7871200 -6.43671 -5
7871300 -6.50581 -5
7871400 -6.15421 -5
7871500 -5.74475 -5
7871600 -6.08952 -5
7871700 -6.23928 -5
7871800 -6.30272 -5
7871900 -6.11023 -5
7872000 -5.80013 -5
7872100 -5.91649 -5
7872200 -6.17087 -5
7872300 -6.04585 -5
7872400 -5.90846 -5
7872500 -5.69295 -5
7872600 -5.91567 -5
7872700 -5.9107 -5
7872800 -6.0148 -5
7872900 -6.1892 -5
7873000 -5.80099 -5
7873100 -5.70976 -5
7873200 -5.79597 -5
7873300 -5.7401 -5
7873400 -5.72334 -5
7873500 -5.67285 -5
7873600 -5.53519 -5
7873700 -5.47882 -5
7873800 -5.85799 -5
7873900 -6.03002 -5
7874000 -6.1559 -5
7874100 -6.2541 -5
7874200 -6.0157 -5
7874300 -5.74202 -5
7874400 -5.75214 -5
7874500 -5.97579 -5
7874600 -5.79309 -5
7874700 -5.74115 -5
7874800 -6.24182 -5
7874900 -6.63225 -5
7875000 -6.49623 -5
7875100 -6.26898 -5
7875200 -6.06948 -5
7875300 -5.92034 -5
7875400 -6.00485 -5
7875500 -5.97514 -5
7875600 -5.8378 -5
7875700 -5.8869 -5
7875800 -5.96658 -5
7875900 -5.93723 -5
7876000 -5.95699 -5
7876100 -6.16064 -5
7876200 -6.36528 -5
7876300 -5.96364 -5
7876400 -5.68277 -5
7876500 -5.76782 -5
7876600 -6.12462 -5
7876700 -6.26805 -5
7876800 -6.15417 -5
7876900 -5.80117 -5
7877000 -5.65722 -5
7877100 -5.68554 -5
7877200 -5.69917 -5
7877300 -5.76132 -5
7877400 -5.709 -5
7877500 -5.92071 -5
7877600 -5.97513 -5
7877700 -5.76303 -5
7877800 -5.61858 -5
7877900 -5.99118 -5
7878000 -6.17813 -5
7878100 -6.02192 -5
7878200 -6.02812 -5
7878300 -5.92503 -5
7878400 -5.90029 -5
7878500 -6.14736 -5
7878600 -6.22328 -5
7878700 -5.95299 -5
7878800 -5.88056 -5
7878900 -5.7178 -5
7879000 -5.87826 -5
7879100 -5.7537 -5
7879200 -6.01827 -5
7879300 -6.0576 -5
7879400 -5.80315 -5
7879500 -5.72189 -5
7879600 -5.5773 -5
7879700 -5.56687 -5
7879800 -6.01108 -5
7879900 -5.92509 -5
7880000 -5.92735 -5
7880100 -5.83741 -5
7880200 -5.82551 -5
7880300 -5.88659 -5
7880400 -5.83115 -5
7880500 -5.64761 -5
7880600 -5.69521 -5
7880700 -5.86302 -5
7880800 -5.90418 -5
7880900 -6.08969 -5
7881000 -6.23346 -5
7881100 -6.17331 -5
7881200 -6.29246 -5
7881300 -6.05115 -5
7881400 -5.87078 -5
7881500 -6.29112 -5
7881600 -6.2413 -5
7881700 -5.72013 -5
7881800 -5.75703 -5
7881900 -5.80893 -5
7882000 -5.70753 -5
7882100 -5.65996 -5
7882200 -5.86095 -5
7882300 -5.91513 -5
7882400 -5.71508 -5
7882500 -5.81062 -5
7882600 -6.03205 -5
7882700 -5.93321 -5
7882800 -5.88467 -5
7882900 -5.92806 -5
7883000 -6.00007 -5
7883100 -6.20924 -5
7883200 -6.24998 -5
7883300 -5.7669 -5
7883400 -5.47234 -5
7883500 -5.40979 -5
7883600 -5.64023 -5
7883700 -5.90417 -5
7883800 -5.92978 -5
7883900 -5.66018 -5
7884000 -5.5616 -5
7884100 -5.65297 -5
7884200 -5.37171 -5
7884300 -5.44499 -5
7884400 -5.77448 -5
7884500 -5.72737 -5
7884600 -5.46347 -5
7884700 -5.71162 -5
7884800 -5.8617 -5
7884900 -5.70732 -5
7885000 -5.71014 -5
7885100 -6.05334 -5
7885200 -6.11115 -5
7885300 -5.85222 -5
7885400 -5.9593 -5
7885500 -6.39871 -5
7885600 -6.61416 -5
7885700 -6.41506 -5
7885800 -5.78016 -5
7885900 -5.73668 -5
7886000 -5.99639 -5
7886100 -6.04218 -5
7886200 -6.02742 -5
7886300 -6.02015 -5
7886400 -6.13358 -5
7886500 -6.14281 -5
7886600 -6.05565 -5
7886700 -5.82425 -5
7886800 -5.95029 -5
7886900 -6.13773 -5
7887000 -6.16147 -5
7887100 -6.00231 -5
7887200 -6.28442 -5
7887300 -6.5129 -5
7887400 -6.22302 -5
7887500 -5.92511 -5
7887600 -5.70906 -5
7887700 -6.00873 -5
7887800 -6.38997 -5
7887900 -6.36472 -5
7888000 -6.17148 -5
7888100 -5.87342 -5
7888200 -5.80651 -5
7888300 -5.78343 -5
7888400 -5.94493 -5
7888500 -5.70959 -5
7888600 -5.90308 -5
7888700 -6.01657 -5
7888800 -5.77868 -5
7888900 -5.96619 -5
7889000 -6.11457 -5
7889100 -5.76548 -5
7889200 -5.66038 -5
7889300 -5.87139 -5
7889400 -5.887 -5
7889500 -6.03676 -5
7889600 -6.13967 -5
7889700 -5.94911 -5
7889800 -5.72922 -5
7889900 -5.92172 -5
7890000 -6.22579 -5
7890100 -5.96784 -5
7890200 -5.71871 -5
7890300 -5.53986 -5
7890400 -5.74527 -5
7890500 -5.90411 -5
7890600 -5.86734 -5
7890700 -5.76297 -5
7890800 -5.58469 -5
7890900 -5.60439 -5
7891000 -5.85345 -5
7891100 -5.67828 -5
7891200 -5.46691 -5
7891300 -5.49169 -5
7891400 -5.72085 -5
7891500 -5.90118 -5
7891600 -5.79232 -5
7891700 -5.88281 -5
7891800 -5.81969 -5
7891900 -5.58245 -5
7892000 -5.65762 -5
7892100 -5.63478 -5
7892200 -5.80964 -5
7892300 -6.20865 -5
7892400 -6.03822 -5
7892500 -5.44922 -5
7892600 -5.4302 -5
7892700 -5.79787 -5
7892800 -5.83023 -5
7892900 -5.63601 -5
7893000 -5.69699 -5
7893100 -5.71806 -5
7893200 -5.33184 -5
7893300 -5.4355 -5
7893400 -5.55317 -5
7893500 -5.85192 -5
7893600 -6.12418 -5
7893700 -5.77887 -5
7893800 -5.41666 -5
7893900 -5.63016 -5
7894000 -6.18243 -5
7894100 -6.55009 -5
7894200 -6.36177 -5
7894300 -6.02202 -5
7894400 -5.90859 -5
7894500 -6.21757 -5
7894600 -6.09784 -5
7894700 -5.92554 -5
7894800 -5.52022 -5
7894900 -5.45638 -5
7895000 -5.68305 -5
7895100 -6.10903 -5
7895200 -5.99315 -5
7895300 -5.68068 -5
7895400 -5.54739 -5
7895500 -5.33394 -5
7895600 -5.5054 -5
7895700 -5.66084 -5
7895800 -5.71367 -5
7895900 -5.96953 -5
7896000 -6.02698 -5
7896100 -5.37391 -5
7896200 -5.50462 -5
7896300 -5.95179 -5
7896400 -5.90826 -5
7896500 -5.87662 -5
7896600 -5.64892 -5
7896700 -5.55016 -5
7896800 -5.70084 -5
7896900 -5.78442 -5
7897000 -5.74975 -5
7897100 -5.4927 -5
7897200 -5.72807 -5
7897300 -5.91437 -5
7897400 -5.81007 -5
7897500 -5.73953 -5
7897600 -5.97743 -5
7897700 -5.96261 -5
7897800 -5.68707 -5
7897900 -5.76952 -5
7898000 -5.44045 -5
7898100 -5.3953 -5
7898200 -5.88632 -5
7898300 -6.05312 -5
7898400 -6.33844 -5
7898500 -6.25003 -5
7898600 -6.31549 -5
7898700 -6.27286 -5
7898800 -6.76155 -5
7898900 -6.74713 -5
7899000 -6.29397 -5
7899100 -5.80613 -5
7899200 -5.96211 -5
7899300 -6.08163 -5
7899400 -5.78245 -5
7899500 -5.60303 -5
7899600 -5.4238 -5
7899700 -5.49437 -5
7899800 -6.15942 -5
7899900 -6.16119 -5
7900000 -6.06228 -5
7900100 -5.99577 -5
7900200 -5.71718 -5
7900300 -5.83059 -5
7900400 -5.73135 -5
7900500 -5.76591 -5
7900600 -5.99019 -5
7900700 -6.16284 -5
7900800 -6.27228 -5
7900900 -6.7983 -5
7901000 -6.59039 -5
7901100 -6.32162 -5
7901200 -6.14886 -5
7901300 -5.68537 -5
7901400 -5.6823 -5
7901500 -5.83941 -5
7901600 -5.88483 -5
7901700 -6.03101 -5
7901800 -6.23834 -5
7901900 -6.03133 -5
7902000 -5.84666 -5
7902100 -5.99393 -5
7902200 -5.95889 -5
7902300 -5.60962 -5
7902400 -5.6163 -5
7902500 -5.89693 -5
7902600 -6.09244 -5
7902700 -5.90697 -5
7902800 -5.48857 -5
7902900 -5.3934 -5
7903000 -5.4829 -5
7903100 -5.8781 -5
7903200 -6.23832 -5
7903300 -6.47863 -5
7903400 -6.56173 -5
7903500 -6.4667 -5
7903600 -6.02697 -5
7903700 -5.79032 -5
7903800 -5.69095 -5
7903900 -5.88682 -5
7904000 -5.87247 -5
7904100 -5.6885 -5
7904200 -5.90844 -5
7904300 -5.94689 -5
7904400 -6.02349 -5
7904500 -6.18291 -5
7904600 -6.235 -5
7904700 -6.00569 -5
7904800 -5.87304 -5
7904900 -5.96991 -5
7905000 -6.00983 -5
7905100 -5.90252 -5
7905200 -5.78936 -5
7905300 -5.68593 -5
7905400 -5.61697 -5
7905500 -5.54583 -5
7905600 -5.48354 -5
7905700 -5.91382 -5
7905800 -6.57631 -5
7905900 -6.88159 -5
7906000 -6.72279 -5
7906100 -6.6628 -5
7906200 -6.67044 -5
7906300 -6.34623 -5
7906400 -6.06888 -5
7906500 -5.83606 -5
7906600 -5.67526 -5
7906700 -5.50009 -5
7906800 -5.70285 -5
7906900 -5.73829 -5
7907000 -5.85407 -5
7907100 -6.19123 -5
7907200 -5.99597 -5
7907300 -5.76225 -5
7907400 -5.54014 -5
7907500 -5.50291 -5
7907600 -5.53833 -5
7907700 -5.51992 -5
7907800 -5.55593 -5
7907900 -5.60727 -5
7908000 -5.54866 -5
7908100 -6.2721 -5
7908200 -6.18454 -5
7908300 -5.93433 -5
7908400 -5.94863 -5
7908500 -5.71469 -5
7908600 -5.63437 -5
7908700 -5.83699 -5
7908800 -6.03652 -5
7908900 -6.08555 -5
7909000 -5.87273 -5
7909100 -5.80762 -5
7909200 -5.80169 -5
7909300 -5.63081 -5
7909400 -5.65591 -5
7909500 -5.82399 -5
7909600 -5.55659 -5
7909700 -5.33932 -5
7909800 -5.5398 -5
7909900 -5.51796 -5
7910000 -5.31549 -5
7910100 -5.29315 -5
7910200 -5.71136 -5
7910300 -5.9065 -5
7910400 -5.7426 -5
7910500 -5.84142 -5
7910600 -5.66208 -5
7910700 -5.97907 -5
7910800 -6.05012 -5
7910900 -6.02739 -5
7911000 -5.97708 -5
7911100 -6.13492 -5
7911200 -6.04805 -5
7911300 -5.89321 -5
7911400 -5.84706 -5
7911500 -5.85488 -5
7911600 -5.91196 -5
7911700 -5.9123 -5
7911800 -5.92369 -5
7911900 -5.91793 -5
7912000 -5.77536 -5
7912100 -5.5997 -5
7912200 -5.56872 -5
7912300 -5.67345 -5
7912400 -5.86016 -5
7912500 -5.74508 -5
7912600 -5.67273 -5
7912700 -5.74873 -5
7912800 -6.11267 -5
7912900 -6.31655 -5
7913000 -6.12969 -5
7913100 -6.11523 -5
7913200 -6.13638 -5
7913300 -6.1511 -5
7913400 -6.17032 -5
7913500 -5.96214 -5
7913600 -5.94083 -5
7913700 -5.91216 -5
7913800 -5.84226 -5
7913900 -6.01695 -5
7914000 -6.09979 -5
7914100 -6.01191 -5
7914200 -5.80713 -5
7914300 -5.6898 -5
7914400 -5.72045 -5
7914500 -5.59807 -5
7914600 -5.91561 -5
7914700 -6.01008 -5
7914800 -6.11219 -5
7914900 -6.09905 -5
7915000 -5.82535 -5
7915100 -5.72953 -5
7915200 -5.62449 -5
7915300 -5.66271 -5
7915400 -5.59472 -5
7915500 -5.37413 -5
7915600 -5.74471 -5
7915700 -6.16925 -5
7915800 -6.19297 -5
7915900 -5.75765 -5
7916000 -5.7601 -5
7916100 -5.67219 -5
7916200 -5.82735 -5
7916300 -5.69647 -5
7916400 -5.36584 -5
7916500 -5.50781 -5
7916600 -5.58576 -5
7916700 -5.55091 -5
7916800 -5.78125 -5
7916900 -6.01084 -5
7917000 -6.0122 -5
7917100 -6.12476 -5
7917200 -5.99563 -5
7917300 -5.78124 -5
7917400 -5.91231 -5
7917500 -5.77963 -5
7917600 -5.83415 -5
7917700 -6.10036 -5
7917800 -5.7828 -5
7917900 -5.55028 -5
7918000 -6.00139 -5
7918100 -6.21804 -5
7918200 -6.53791 -5
7918300 -6.4105 -5
7918400 -6.09611 -5
7918500 -5.82865 -5
7918600 -5.81773 -5
7918700 -6.03016 -5
7918800 -6.12625 -5
7918900 -6.11221 -5
7919000 -5.84373 -5
7919100 -5.93171 -5
7919200 -6.12533 -5
7919300 -6.09166 -5
7919400 -5.76614 -5
7919500 -5.75319 -5
7919600 -5.73512 -5
7919700 -5.5771 -5
7919800 -5.42253 -5
7919900 -5.46848 -5
7920000 -5.66835 -5
7920100 -5.74452 -5
7920200 -5.8627 -5
7920300 -5.86667 -5
7920400 -5.70581 -5
7920500 -5.84744 -5
7920600 -5.7885 -5
7920700 -5.84865 -5
7920800 -6.10327 -5
7920900 -6.07612 -5
7921000 -5.84909 -5
7921100 -5.60876 -5
7921200 -5.88593 -5
7921300 -5.83626 -5
7921400 -5.68697 -5
7921500 -5.74246 -5
7921600 -6.0321 -5
7921700 -6.26004 -5
7921800 -6.18012 -5
7921900 -5.88531 -5
7922000 -5.80934 -5
7922100 -6.03727 -5
7922200 -5.77986 -5
7922300 -5.66849 -5
7922400 -5.80587 -5
7922500 -6.14468 -5
7922600 -5.88722 -5
7922700 -5.5658 -5
7922800 -6.03192 -5
7922900 -6.24887 -5
7923000 -6.07681 -5
7923100 -6.25683 -5
7923200 -6.13721 -5
7923300 -5.85971 -5
7923400 -6.02937 -5
7923500 -5.8105 -5
7923600 -5.62879 -5
7923700 -5.90372 -5
7923800 -6.25458 -5
7923900 -6.24926 -5
7924000 -6.18138 -5
7924100 -5.91188 -5
7924200 -5.72226 -5
7924300 -5.96481 -5
7924400 -6.04413 -5
7924500 -5.93758 -5
7924600 -5.47598 -5
7924700 -5.46457 -5
7924800 -5.80747 -5
7924900 -5.84861 -5
7925000 -6.05383 -5
7925100 -6.19613 -5
7925200 -5.99267 -5
7925300 -5.87144 -5
7925400 -5.65483 -5
7925500 -5.70632 -5
7925600 -5.94655 -5
7925700 -5.75872 -5
7925800 -5.6916 -5
7925900 -5.61157 -5
7926000 -5.40734 -5
7926100 -5.41821 -5
7926200 -6.06823 -5
7926300 -6.31971 -5
7926400 -6.3394 -5
7926500 -5.87155 -5
7926600 -5.57687 -5
7926700 -5.79678 -5
7926800 -6 -5
7926900 -5.65594 -5
7927000 -5.86687 -5
7927100 -6.3792 -5
7927200 -6.04353 -5
7927300 -5.65666 -5
7927400 -5.69166 -5
7927500 -5.83842 -5
7927600 -5.83412 -5
7927700 -5.93379 -5
7927800 -5.96419 -5
7927900 -6.15597 -5
7928000 -6.22688 -5
7928100 -6.15628 -5
7928200 -5.82657 -5
7928300 -5.9943 -5
7928400 -6.31453 -5
7928500 -5.90134 -5
7928600 -5.55519 -5
7928700 -5.58924 -5
7928800 -5.63436 -5
7928900 -6.06003 -5
7929000 -5.98952 -5
7929100 -6.08026 -5
7929200 -6.0745 -5
7929300 -5.65849 -5
7929400 -5.70918 -5
7929500 -5.80266 -5
7929600 -5.49234 -5
7929700 -5.38281 -5
7929800 -5.72133 -5
7929900 -5.86439 -5
7930000 -5.97852 -5
7930100 -6.30302 -5
7930200 -6.30586 -5
7930300 -6.05633 -5
7930400 -6.08026 -5
7930500 -6.08557 -5
7930600 -5.83876 -5
7930700 -5.92503 -5
7930800 -6.53666 -5
7930900 -6.21812 -5
7931000 -5.85234 -5
7931100 -5.65088 -5
7931200 -5.68447 -5
7931300 -5.72428 -5
7931400 -6.04256 -5
7931500 -5.83898 -5
7931600 -5.65671 -5
7931700 -5.67014 -5
7931800 -5.89705 -5
7931900 -6.08644 -5
7932000 -6.07107 -5
7932100 -6.12231 -5
7932200 -6.22184 -5
7932300 -6.24509 -5
7932400 -6.18315 -5
7932500 -6.03521 -5
7932600 -6.03571 -5
7932700 -5.9081 -5
7932800 -5.89266 -5
7932900 -5.97254 -5
7933000 -5.94609 -5
7933100 -6.16851 -5
7933200 -6.10844 -5
7933300 -5.84381 -5
7933400 -5.8088 -5
7933500 -5.66549 -5
7933600 -5.97473 -5
7933700 -6.19895 -5
7933800 -6.16585 -5
7933900 -5.8975 -5
7934000 -5.79941 -5
7934100 -5.99448 -5
7934200 -6.10722 -5
7934300 -5.70839 -5
7934400 -5.484 -5
7934500 -5.79792 -5
7934600 -5.98693 -5
7934700 -5.77285 -5
7934800 -5.93707 -5
7934900 -5.85188 -5
7935000 -5.81608 -5
7935100 -6.04947 -5
7935200 -5.71153 -5
7935300 -5.68402 -5
7935400 -5.87497 -5
7935500 -6.28554 -5
7935600 -6.34758 -5
7935700 -6.42793 -5
7935800 -6.04879 -5
7935900 -5.83767 -5
7936000 -5.89519 -5
7936100 -5.67013 -5
7936200 -6.06543 -5
7936300 -6.36928 -5
7936400 -6.0755 -5
7936500 -5.9304 -5
7936600 -5.87778 -5
7936700 -5.74945 -5
7936800 -5.74922 -5
7936900 -6.16655 -5
7937000 -5.96314 -5
7937100 -5.80434 -5
7937200 -5.6363 -5
7937300 -5.79389 -5
7937400 -5.95851 -5
7937500 -5.91415 -5
7937600 -5.82533 -5
7937700 -5.5534 -5
7937800 -5.51793 -5
7937900 -5.96041 -5
7938000 -5.97172 -5
7938100 -5.83581 -5
7938200 -6.04208 -5
7938300 -5.86638 -5
7938400 -5.9537 -5
7938500 -6.09215 -5
7938600 -6.0855 -5
7938700 -5.83629 -5
7938800 -5.63167 -5
7938900 -5.83382 -5
7939000 -6.09957 -5
7939100 -6.05826 -5
7939200 -5.98815 -5
7939300 -6.06885 -5
7939400 -6.25333 -5
7939500 -6.24786 -5
7939600 -6.1333 -5
7939700 -5.93467 -5
7939800 -5.74536 -5
7939900 -5.79719 -5
7940000 -5.87089 -5
7940100 -5.92287 -5
7940200 -5.71271 -5
7940300 -5.64902 -5
7940400 -5.75996 -5
7940500 -5.93147 -5
7940600 -5.81052 -5
7940700 -5.75398 -5
7940800 -5.79255 -5
7940900 -5.83005 -5
7941000 -6.11437 -5
7941100 -6.42751 -5
7941200 -6.20155 -5
7941300 -5.7676 -5
7941400 -5.53597 -5
7941500 -5.76083 -5
7941600 -5.69683 -5
7941700 -5.8711 -5
7941800 -5.7527 -5
7941900 -5.90173 -5
7942000 -5.90431 -5
7942100 -5.81557 -5
7942200 -5.85374 -5
7942300 -5.8987 -5
7942400 -6.05076 -5
7942500 -6.36689 -5
7942600 -6.30326 -5
7942700 -6.32201 -5
7942800 -6.18812 -5
7942900 -5.78 -5
7943000 -5.35925 -5
7943100 -5.51118 -5
7943200 -5.54344 -5
7943300 -5.45869 -5
7943400 -5.68518 -5
7943500 -5.83004 -5
7943600 -5.83721 -5
7943700 -5.79986 -5
7943800 -5.72608 -5
7943900 -5.9219 -5
7944000 -6.02742 -5
7944100 -5.97369 -5
7944200 -6.02747 -5
7944300 -5.87897 -5
7944400 -5.67652 -5
7944500 -5.68875 -5
7944600 -5.79294 -5
7944700 -5.99369 -5
7944800 -5.86402 -5
7944900 -5.31388 -5
7945000 -5.49043 -5
7945100 -5.76602 -5
7945200 -5.63814 -5
7945300 -5.62712 -5
7945400 -6.10676 -5
7945500 -6.24695 -5
7945600 -5.98725 -5
7945700 -5.64342 -5
7945800 -5.70932 -5
7945900 -5.69729 -5
7946000 -5.69759 -5
7946100 -5.52459 -5
7946200 -5.68093 -5
7946300 -5.81818 -5
7946400 -5.68779 -5
7946500 -5.75702 -5
7946600 -5.74231 -5
7946700 -5.74351 -5
7946800 -5.50848 -5
7946900 -5.4248 -5
7947000 -5.73204 -5
7947100 -5.85871 -5
7947200 -5.96184 -5
7947300 -6.12506 -5
7947400 -6.21929 -5
7947500 -6.07603 -5
7947600 -5.92142 -5
7947700 -5.57953 -5
7947800 -5.63328 -5
7947900 -5.77361 -5
7948000 -5.93434 -5
7948100 -5.9215 -5
7948200 -5.9209 -5
7948300 -5.64187 -5
7948400 -5.86088 -5
7948500 -5.99891 -5
7948600 -5.98909 -5
7948700 -5.6711 -5
7948800 -5.75797 -5
7948900 -5.87659 -5
7949000 -5.79721 -5
7949100 -5.60786 -5
7949200 -5.99554 -5
7949300 -5.99772 -5
7949400 -5.77024 -5
7949500 -5.73933 -5
7949600 -5.96018 -5
7949700 -5.86108 -5
7949800 -5.69927 -5
7949900 -5.69786 -5
7950000 -6.1383 -5
7950100 -6.1046 -5
7950200 -5.99339 -5
7950300 -5.79805 -5
7950400 -6.01214 -5
7950500 -6.06437 -5
7950600 -5.92569 -5
7950700 -5.93118 -5
7950800 -6.16848 -5
7950900 -6.3404 -5
7951000 -6.31933 -5
7951100 -6.1562 -5
7951200 -5.92642 -5
7951300 -5.93439 -5
7951400 -5.75755 -5
7951500 -5.79434 -5
7951600 -6.00799 -5
7951700 -6.02878 -5
7951800 -5.65208 -5
7951900 -5.63405 -5
7952000 -5.84835 -5
7952100 -5.8658 -5
7952200 -5.99628 -5
7952300 -5.83534 -5
7952400 -5.48161 -5
7952500 -5.69981 -5
7952600 -6.24058 -5
7952700 -6.38351 -5
7952800 -6.54573 -5
7952900 -6.8032 -5
7953000 -6.79658 -5
7953100 -6.57433 -5
7953200 -6.40941 -5
7953300 -6.20536 -5
7953400 -5.85669 -5
7953500 -5.59334 -5
7953600 -5.94666 -5
7953700 -6.08368 -5
7953800 -6.08362 -5
7953900 -5.97458 -5
7954000 -5.69914 -5
7954100 -5.595 -5
7954200 -5.47218 -5
7954300 -5.41087 -5
7954400 -5.84067 -5
7954500 -6.08884 -5
7954600 -6.01234 -5
7954700 -6.2585 -5
7954800 -6.5314 -5
7954900 -6.36593 -5
7955000 -5.9784 -5
7955100 -6.04232 -5
7955200 -5.82001 -5
7955300 -5.82211 -5
7955400 -5.60765 -5
7955500 -5.81913 -5
7955600 -5.88694 -5
7955700 -5.83835 -5
7955800 -5.96385 -5
7955900 -5.92516 -5
7956000 -5.82164 -5
7956100 -5.96074 -5
7956200 -5.92273 -5
7956300 -5.83862 -5
7956400 -5.98998 -5
7956500 -6.01555 -5
7956600 -6.2406 -5
7956700 -6.30449 -5
7956800 -6.09241 -5
7956900 -5.81236 -5
7957000 -5.80607 -5
7957100 -5.94848 -5
7957200 -5.90677 -5
7957300 -6.07861 -5
7957400 -5.81687 -5
7957500 -5.44214 -5
7957600 -5.3102 -5
7957700 -5.82248 -5
7957800 -5.87982 -5
7957900 -5.80368 -5
7958000 -5.83618 -5
7958100 -5.81467 -5
7958200 -5.70342 -5
7958300 -5.69407 -5
7958400 -5.56469 -5
7958500 -5.47864 -5
7958600 -5.63153 -5
7958700 -5.83314 -5
7958800 -5.79987 -5
7958900 -5.98284 -5
7959000 -5.74163 -5
7959100 -5.74017 -5
7959200 -6.04806 -5
7959300 -6.00899 -5
7959400 -5.64041 -5
7959500 -5.59662 -5
7959600 -5.89367 -5
7959700 -5.85831 -5
7959800 -5.74586 -5
7959900 -5.74037 -5
7960000 -5.74111 -5
7960100 -5.7303 -5
7960200 -6.35342 -5
7960300 -6.28355 -5
7960400 -5.79318 -5
7960500 -5.83677 -5
7960600 -5.83019 -5
7960700 -5.98223 -5
7960800 -6.35533 -5
7960900 -6.65208 -5
7961000 -6.60861 -5
7961100 -6.25998 -5
7961200 -6.31504 -5
7961300 -6.24313 -5
7961400 -5.73897 -5
7961500 -5.65664 -5
7961600 -5.7972 -5
7961700 -5.92254 -5
7961800 -5.68943 -5
7961900 -5.64518 -5
7962000 -5.58319 -5
7962100 -5.46262 -5
7962200 -5.4109 -5
7962300 -5.34119 -5
7962400 -5.58273 -5
7962500 -5.72464 -5
7962600 -5.95165 -5
7962700 -6.05123 -5
7962800 -5.75968 -5
7962900 -5.31631 -5
7963000 -5.54194 -5
7963100 -5.61622 -5
7963200 -5.66338 -5
7963300 -5.80875 -5
7963400 -6.20019 -5
7963500 -6.31125 -5
7963600 -6.10444 -5
7963700 -5.69977 -5
7963800 -5.71923 -5
7963900 -5.80193 -5
7964000 -5.7191 -5
7964100 -5.89278 -5
7964200 -5.75078 -5
7964300 -5.85307 -5
7964400 -5.99118 -5
7964500 -5.97847 -5
7964600 -5.95589 -5
7964700 -5.69196 -5
7964800 -5.69799 -5
7964900 -5.81706 -5
7965000 -5.77899 -5
7965100 -6.05807 -5
7965200 -6.1367 -5
7965300 -5.86448 -5
7965400 -5.41402 -5
7965500 -5.59159 -5
7965600 -5.4201 -5
7965700 -5.54142 -5
7965800 -5.95356 -5
7965900 -6.25535 -5
7966000 -6.16116 -5
7966100 -6.15762 -5
7966200 -5.93234 -5
7966300 -5.79804 -5
7966400 -5.87132 -5
7966500 -6.03204 -5
7966600 -5.99197 -5
7966700 -5.8378 -5
7966800 -5.76224 -5
7966900 -5.86936 -5
7967000 -5.94914 -5
7967100 -6.0518 -5
7967200 -5.81482 -5
7967300 -5.77911 -5
7967400 -5.99289 -5
7967500 -5.83988 -5
7967600 -5.52742 -5
7967700 -5.36078 -5
7967800 -5.70633 -5
7967900 -6.15017 -5
7968000 -5.91379 -5
7968100 -5.70434 -5
7968200 -5.93055 -5
7968300 -6.0836 -5
7968400 -5.75906 -5
7968500 -5.64405 -5
7968600 -5.63616 -5
7968700 -5.82536 -5
7968800 -6.0389 -5
7968900 -6.11533 -5
7969000 -6.03971 -5
7969100 -6.06285 -5
7969200 -6.19903 -5
7969300 -6.07553 -5
7969400 -6.08701 -5
7969500 -5.95055 -5
7969600 -6.0582 -5
7969700 -6.23486 -5
7969800 -5.72741 -5
7969900 -5.56628 -5
7970000 -5.58085 -5
7970100 -5.68641 -5
7970200 -5.93931 -5
7970300 -5.95063 -5
7970400 -5.80837 -5
7970500 -5.57677 -5
7970600 -5.41311 -5
7970700 -5.63719 -5
7970800 -5.79099 -5
7970900 -5.88024 -5
7971000 -5.96281 -5
7971100 -5.82515 -5
7971200 -5.77238 -5
7971300 -5.66082 -5
7971400 -5.54568 -5
7971500 -5.52837 -5
7971600 -5.55186 -5
7971700 -5.60838 -5
7971800 -5.56238 -5
7971900 -5.85271 -5
7972000 -6.00555 -5
7972100 -6.0047 -5
7972200 -5.97501 -5
7972300 -5.97645 -5
7972400 -5.90382 -5
7972500 -5.71615 -5
7972600 -5.72641 -5
7972700 -6.04728 -5
7972800 -6.38646 -5
7972900 -6.57595 -5
7973000 -6.67918 -5
7973100 -6.40949 -5
7973200 -5.94162 -5
7973300 -5.73146 -5
7973400 -5.62923 -5
7973500 -5.58571 -5
7973600 -5.40807 -5
7973700 -5.51917 -5
7973800 -5.78925 -5
7973900 -5.96693 -5
7974000 -5.89116 -5
7974100 -6.09027 -5
7974200 -5.84017 -5
7974300 -5.78345 -5
7974400 -5.8652 -5
7974500 -5.86648 -5
7974600 -5.55636 -5
7974700 -5.82222 -5
7974800 -5.847 -5
7974900 -5.73735 -5
7975000 -5.87853 -5
7975100 -5.73549 -5
7975200 -5.59796 -5
7975300 -5.98396 -5
7975400 -6.25204 -5
7975500 -5.8955 -5
7975600 -5.67311 -5
7975700 -5.94521 -5
7975800 -5.81136 -5
7975900 -5.84423 -5
7976000 -5.99941 -5
7976100 -6.43229 -5
7976200 -6.39564 -5
7976300 -6.04791 -5
7976400 -5.92795 -5
7976500 -5.98952 -5
7976600 -5.76322 -5
7976700 -5.47981 -5
7976800 -5.37149 -5
7976900 -5.7146 -5
7977000 -5.92115 -5
7977100 -5.96575 -5
7977200 -5.98086 -5
7977300 -5.91223 -5
7977400 -5.86799 -5
7977500 -5.99254 -5
7977600 -6.16207 -5
7977700 -6.27377 -5
7977800 -6.33373 -5
7977900 -6.15004 -5
7978000 -5.86098 -5
7978100 -5.76987 -5
7978200 -6.06591 -5
7978300 -5.72032 -5
7978400 -5.71952 -5
7978500 -6.12644 -5
7978600 -6.32087 -5
7978700 -6.31017 -5
7978800 -6.15962 -5
7978900 -6.19511 -5
7979000 -6.13307 -5
7979100 -6.11676 -5
7979200 -5.9198 -5
7979300 -5.58468 -5
7979400 -5.59514 -5
7979500 -5.91388 -5
7979600 -5.66884 -5
7979700 -5.48663 -5
7979800 -5.49687 -5
7979900 -5.65169 -5
7980000 -5.66212 -5
7980100 -6.0374 -5
7980200 -5.78161 -5
7980300 -5.83183 -5
7980400 -5.85791 -5
7980500 -5.82866 -5
7980600 -5.61214 -5
7980700 -5.44192 -5
7980800 -5.62188 -5
7980900 -5.91807 -5
7981000 -5.89208 -5
7981100 -5.85656 -5
7981200 -5.61234 -5
7981300 -5.50749 -5
7981400 -5.78399 -5
7981500 -5.72011 -5
7981600 -5.54452 -5
7981700 -5.90037 -5
7981800 -5.56586 -5
7981900 -5.25893 -5
7982000 -5.44339 -5
7982100 -5.68113 -5
7982200 -5.77403 -5
7982300 -5.86113 -5
7982400 -6.0818 -5
7982500 -6.19003 -5
7982600 -5.96932 -5
7982700 -5.79817 -5
7982800 -5.4254 -5
7982900 -5.60019 -5
7983000 -5.95219 -5
7983100 -6.07433 -5
7983200 -5.75611 -5
7983300 -5.54328 -5
7983400 -5.54048 -5
7983500 -5.66492 -5
7983600 -6.03429 -5
7983700 -6.1688 -5
7983800 -6.19496 -5
7983900 -5.92145 -5
7984000 -6.15895 -5
7984100 -6.3752 -5
7984200 -6.14341 -5
7984300 -6.19748 -5
7984400 -6.21468 -5
7984500 -6.19594 -5
7984600 -6.06877 -5
7984700 -6.07169 -5
7984800 -5.89934 -5
7984900 -5.84067 -5
7985000 -5.76071 -5
7985100 -5.75139 -5
7985200 -5.69758 -5
7985300 -5.73811 -5
7985400 -5.62086 -5
7985500 -5.66275 -5
7985600 -5.88301 -5
7985700 -5.78299 -5
7985800 -5.65858 -5
7985900 -5.8755 -5
7986000 -6.08325 -5
7986100 -6.1552 -5
7986200 -5.9201 -5
7986300 -5.50841 -5
7986400 -5.4155 -5
7986500 -5.36392 -5
7986600 -5.75735 -5
7986700 -5.79463 -5
7986800 -5.8664 -5
7986900 -5.74479 -5
7987000 -5.75892 -5
7987100 -6.05709 -5
7987200 -6.1229 -5
7987300 -6.08727 -5
7987400 -6.25901 -5
7987500 -6.26059 -5
7987600 -5.92171 -5
7987700 -5.94136 -5
7987800 -6.12388 -5
7987900 -6.30013 -5
7988000 -6.02519 -5
7988100 -5.63992 -5
7988200 -5.55549 -5
7988300 -5.75429 -5
7988400 -5.81781 -5
7988500 -6.04905 -5
7988600 -6.24967 -5
7988700 -5.93787 -5
7988800 -5.65838 -5
7988900 -5.85527 -5
7989000 -5.78724 -5
7989100 -5.91078 -5
7989200 -6.08502 -5
7989300 -6.05782 -5
7989400 -5.72829 -5
7989500 -5.6121 -5
7989600 -5.87711 -5
7989700 -5.81155 -5
7989800 -5.87547 -5
7989900 -5.74676 -5
7990000 -5.85711 -5
7990100 -5.9959 -5
7990200 -5.81591 -5
7990300 -5.67207 -5
7990400 -5.74899 -5
7990500 -6.03402 -5
7990600 -6.17594 -5
7990700 -6.09102 -5
7990800 -6.01337 -5
7990900 -5.93852 -5
7991000 -5.88967 -5
7991100 -5.81251 -5
7991200 -5.71794 -5
7991300 -5.82057 -5
7991400 -5.84109 -5
7991500 -5.94954 -5
7991600 -5.77311 -5
7991700 -5.48172 -5
7991800 -5.5606 -5
7991900 -5.50861 -5
7992000 -5.52415 -5
7992100 -5.51685 -5
7992200 -5.75361 -5
7992300 -5.99071 -5
7992400 -5.63249 -5
7992500 -5.55822 -5
7992600 -5.86257 -5
7992700 -5.91387 -5
7992800 -5.93978 -5
7992900 -6.08265 -5
7993000 -6.07385 -5
7993100 -5.82014 -5
7993200 -5.81403 -5
7993300 -6.003 -5
7993400 -5.86889 -5
7993500 -5.66868 -5
7993600 -5.71446 -5
7993700 -5.66507 -5
7993800 -5.93922 -5
7993900 -5.86947 -5
7994000 -5.80194 -5
7994100 -5.78068 -5
7994200 -5.93085 -5
7994300 -6.17246 -5
7994400 -6.40847 -5
7994500 -6.27185 -5
7994600 -6.34739 -5
7994700 -5.93094 -5
7994800 -5.53412 -5
7994900 -5.58913 -5
7995000 -5.62574 -5
7995100 -5.53723 -5
7995200 -5.43561 -5
7995300 -5.47231 -5
7995400 -5.69337 -5
7995500 -5.64552 -5
7995600 -5.58292 -5
7995700 -5.80752 -5
7995800 -6.08341 -5
7995900 -5.90016 -5
7996000 -5.79073 -5
7996100 -5.6717 -5
7996200 -5.47915 -5
7996300 -5.73626 -5
7996400 -6.01089 -5
7996500 -6.02762 -5
7996600 -5.81953 -5
7996700 -5.58173 -5
7996800 -5.86597 -5
7996900 -5.79687 -5
7997000 -5.52313 -5
7997100 -5.63572 -5
7997200 -5.72567 -5
7997300 -5.70993 -5
7997400 -5.9884 -5
7997500 -5.75801 -5
7997600 -5.60621 -5
7997700 -5.75079 -5
7997800 -5.86481 -5
7997900 -5.81808 -5
7998000 -5.94245 -5
7998100 -6.09647 -5
7998200 -6.17158 -5
7998300 -5.73786 -5
7998400 -5.70484 -5
7998500 -6.04318 -5
7998600 -6.17398 -5
7998700 -5.77736 -5
7998800 -5.70918 -5
7998900 -5.7973 -5
7999000 -6.15049 -5
7999100 -6.11187 -5
7999200 -5.76704 -5
7999300 -5.9646 -5
7999400 -5.80036 -5
7999500 -5.44843 -5
7999600 -5.49355 -5
7999700 -5.26314 -5
7999800 -5.50814 -5
7999900 -5.54286 -5
8000000 -5.57702 -5
