# Time-averaged data for fix myat1
# TimeStep v_xave v_xdes
5800100 -10.0788 -10
5800200 -10.2274 -10
5800300 -10.405 -10
5800400 -10.3597 -10
5800500 -10.5457 -10
5800600 -10.7685 -10
5800700 -10.7848 -10
5800800 -10.5534 -10
5800900 -10.2904 -10
5801000 -10.1904 -10
5801100 -10.151 -10
5801200 -10.0684 -10
5801300 -10.0166 -10
5801400 -10.1214 -10
5801500 -10.2204 -10
5801600 -9.97757 -10
5801700 -9.80387 -10
5801800 -9.92661 -10
5801900 -9.99039 -10
5802000 -9.72091 -10
5802100 -9.42828 -10
5802200 -9.85259 -10
5802300 -9.82374 -10
5802400 -9.77887 -10
5802500 -10.0908 -10
5802600 -10.0376 -10
5802700 -9.99837 -10
5802800 -10.1053 -10
5802900 -10.4438 -10
5803000 -10.3295 -10
5803100 -10.088 -10
5803200 -9.84362 -10
5803300 -9.79286 -10
5803400 -9.80641 -10
5803500 -10.0391 -10
5803600 -10.2363 -10
5803700 -10.1928 -10
5803800 -10.357 -10
5803900 -10.5021 -10
5804000 -10.4915 -10
5804100 -10.4823 -10
5804200 -10.7813 -10
5804300 -10.6384 -10
5804400 -10.7223 -10
5804500 -10.7024 -10
5804600 -10.5021 -10
5804700 -10.3213 -10
5804800 -10.111 -10
5804900 -10.0801 -10
5805000 -10.3647 -10
5805100 -10.1741 -10
5805200 -9.84509 -10
5805300 -9.86089 -10
5805400 -10.1587 -10
5805500 -10.2993 -10
5805600 -10.2859 -10
5805700 -10.3803 -10
5805800 -10.1962 -10
5805900 -9.89359 -10
5806000 -9.75905 -10
5806100 -9.75605 -10
5806200 -10.0164 -10
5806300 -10.2121 -10
5806400 -10.287 -10
5806500 -10.6799 -10
5806600 -10.5746 -10
5806700 -10.3353 -10
5806800 -10.5302 -10
5806900 -10.5574 -10
5807000 -10.2631 -10
5807100 -9.67777 -10
5807200 -9.58957 -10
5807300 -9.97875 -10
5807400 -10.2651 -10
5807500 -10.2932 -10
5807600 -10.0984 -10
5807700 -9.90274 -10
5807800 -9.368 -10
5807900 -9.227 -10
5808000 -9.27286 -10
5808100 -9.75232 -10
5808200 -10.0386 -10
5808300 -10.0196 -10
5808400 -10.201 -10
5808500 -10.0671 -10
5808600 -10.0152 -10
5808700 -10.1106 -10
5808800 -10.0005 -10
5808900 -9.55205 -10
5809000 -9.54416 -10
5809100 -9.53713 -10
5809200 -9.56525 -10
5809300 -9.82871 -10
5809400 -9.71722 -10
5809500 -9.82094 -10
5809600 -10.052 -10
5809700 -10.0929 -10
5809800 -10.2086 -10
5809900 -9.91644 -10
5810000 -9.74536 -10
5810100 -10.1001 -10
5810200 -10.3836 -10
5810300 -10.2226 -10
5810400 -10.0155 -10
5810500 -10.0888 -10
5810600 -10.0019 -10
5810700 -10.1127 -10
5810800 -10.4067 -10
5810900 -10.4765 -10
5811000 -10.3679 -10
5811100 -10.3512 -10
5811200 -10.3676 -10
5811300 -10.0166 -10
5811400 -9.86553 -10
5811500 -10.0796 -10
5811600 -10.3674 -10
5811700 -10.5555 -10
5811800 -10.4487 -10
5811900 -10.5614 -10
5812000 -10.3498 -10
5812100 -10.0474 -10
5812200 -9.85266 -10
5812300 -9.5858 -10
5812400 -9.5593 -10
5812500 -9.88116 -10
5812600 -9.82853 -10
5812700 -10.1021 -10
5812800 -10.4316 -10
5812900 -10.6113 -10
5813000 -10.68 -10
5813100 -10.9356 -10
5813200 -10.7553 -10
5813300 -10.1891 -10
5813400 -10.1857 -10
5813500 -9.80948 -10
5813600 -9.77429 -10
5813700 -10.0395 -10
5813800 -10.1617 -10
5813900 -9.97553 -10
5814000 -9.78447 -10
5814100 -9.83372 -10
5814200 -9.62616 -10
5814300 -9.63313 -10
5814400 -9.98182 -10
5814500 -10.18 -10
5814600 -10.0403 -10
5814700 -9.82726 -10
5814800 -9.62797 -10
5814900 -9.62833 -10
5815000 -9.53612 -10
5815100 -9.39081 -10
5815200 -9.49627 -10
5815300 -9.43643 -10
5815400 -9.2444 -10
5815500 -9.07506 -10
5815600 -9.12552 -10
5815700 -9.2421 -10
5815800 -9.36047 -10
5815900 -9.87874 -10
5816000 -9.93046 -10
5816100 -9.95894 -10
5816200 -9.93048 -10
5816300 -9.75375 -10
5816400 -9.63918 -10
5816500 -9.98918 -10
5816600 -9.97013 -10
5816700 -10.1579 -10
5816800 -9.79468 -10
5816900 -9.24037 -10
5817000 -9.05913 -10
5817100 -9.26938 -10
5817200 -9.46469 -10
5817300 -9.55144 -10
5817400 -9.78146 -10
5817500 -9.96026 -10
5817600 -10.086 -10
5817700 -10.0831 -10
5817800 -10.0191 -10
5817900 -10.1638 -10
5818000 -10.2466 -10
5818100 -10.2226 -10
5818200 -10.2107 -10
5818300 -9.94402 -10
5818400 -9.56743 -10
5818500 -9.46101 -10
5818600 -9.44772 -10
5818700 -9.36477 -10
5818800 -9.74337 -10
5818900 -10.046 -10
5819000 -10.4781 -10
5819100 -10.8653 -10
5819200 -10.7191 -10
5819300 -10.4709 -10
5819400 -10.2347 -10
5819500 -10.0212 -10
5819600 -10.0692 -10
5819700 -10.1114 -10
5819800 -10.3602 -10
5819900 -10.3459 -10
5820000 -10.0967 -10
5820100 -10.075 -10
5820200 -10.1309 -10
5820300 -9.96567 -10
5820400 -10.0124 -10
5820500 -10.1729 -10
5820600 -10.2019 -10
5820700 -10.3919 -10
5820800 -10.3202 -10
5820900 -10.3 -10
5821000 -10.2645 -10
5821100 -10.5198 -10
5821200 -10.8041 -10
5821300 -10.8202 -10
5821400 -10.51 -10
5821500 -10.4234 -10
5821600 -10.2379 -10
5821700 -9.90656 -10
5821800 -9.54508 -10
5821900 -9.48659 -10
5822000 -9.52847 -10
5822100 -9.58246 -10
5822200 -9.5055 -10
5822300 -9.44428 -10
5822400 -9.70706 -10
5822500 -9.90196 -10
5822600 -9.91829 -10
5822700 -10.0257 -10
5822800 -10.1484 -10
5822900 -10.1753 -10
5823000 -10.3406 -10
5823100 -10.3724 -10
5823200 -10.3396 -10
5823300 -10.5484 -10
5823400 -10.7215 -10
5823500 -10.7386 -10
5823600 -10.5846 -10
5823700 -10.3492 -10
5823800 -10.4538 -10
5823900 -10.7922 -10
5824000 -10.6451 -10
5824100 -10.4701 -10
5824200 -10.4515 -10
5824300 -10.1083 -10
5824400 -9.40275 -10
5824500 -9.1982 -10
5824600 -9.18936 -10
5824700 -9.30012 -10
5824800 -9.44156 -10
5824900 -9.50939 -10
5825000 -9.59529 -10
5825100 -9.84133 -10
5825200 -10.0576 -10
5825300 -10.0086 -10
5825400 -9.92754 -10
5825500 -10.1127 -10
5825600 -10.2243 -10
5825700 -10.1879 -10
5825800 -10.7227 -10
5825900 -10.8338 -10
5826000 -10.475 -10
5826100 -10.479 -10
5826200 -10.44 -10
5826300 -10.2066 -10
5826400 -9.83004 -10
5826500 -9.63704 -10
5826600 -9.60116 -10
5826700 -9.55308 -10
5826800 -9.48976 -10
5826900 -9.27833 -10
5827000 -9.33509 -10
5827100 -9.5029 -10
5827200 -9.52629 -10
5827300 -9.58373 -10
5827400 -9.7174 -10
5827500 -10.124 -10
5827600 -10.1967 -10
5827700 -10.0718 -10
5827800 -10.0392 -10
5827900 -9.87974 -10
5828000 -9.95323 -10
5828100 -9.93355 -10
5828200 -10.2246 -10
5828300 -10.1639 -10
5828400 -9.70995 -10
5828500 -9.54806 -10
5828600 -9.6422 -10
5828700 -10.2188 -10
5828800 -10.5514 -10
5828900 -10.6776 -10
5829000 -10.5922 -10
5829100 -10.2753 -10
5829200 -10.152 -10
5829300 -10.0817 -10
5829400 -10.1165 -10
5829500 -10.009 -10
5829600 -9.9902 -10
5829700 -10.2195 -10
5829800 -10.5397 -10
5829900 -10.8086 -10
5830000 -10.5612 -10
5830100 -10.2892 -10
5830200 -10.2237 -10
5830300 -10.5849 -10
5830400 -10.62 -10
5830500 -10.5898 -10
5830600 -10.3828 -10
5830700 -10.164 -10
5830800 -10.2534 -10
5830900 -10.1179 -10
5831000 -10.0847 -10
5831100 -10.2048 -10
5831200 -10.1258 -10
5831300 -10.0176 -10
5831400 -10.1106 -10
5831500 -9.92438 -10
5831600 -9.92781 -10
5831700 -9.81355 -10
5831800 -9.78742 -10
5831900 -9.87156 -10
5832000 -10.0458 -10
5832100 -9.9834 -10
5832200 -9.87688 -10
5832300 -9.54002 -10
5832400 -9.69208 -10
5832500 -9.73277 -10
5832600 -9.89021 -10
5832700 -10.0905 -10
5832800 -10.0762 -10
5832900 -10.0338 -10
5833000 -9.92964 -10
5833100 -9.92483 -10
5833200 -10.0424 -10
5833300 -10.0788 -10
5833400 -10.3077 -10
5833500 -10.3682 -10
5833600 -10.6695 -10
5833700 -10.6534 -10
5833800 -10.2895 -10
5833900 -10.1578 -10
5834000 -10.0376 -10
5834100 -9.96822 -10
5834200 -9.97109 -10
5834300 -10.0258 -10
5834400 -9.87939 -10
5834500 -10.072 -10
5834600 -10.1516 -10
5834700 -10.1036 -10
5834800 -9.97053 -10
5834900 -10.0102 -10
5835000 -10.2414 -10
5835100 -10.1722 -10
5835200 -9.9762 -10
5835300 -9.92529 -10
5835400 -10.3197 -10
5835500 -10.7093 -10
5835600 -10.6447 -10
5835700 -10.3521 -10
5835800 -10.3357 -10
5835900 -10.1092 -10
5836000 -9.96351 -10
5836100 -9.78821 -10
5836200 -9.73947 -10
5836300 -9.69481 -10
5836400 -9.75287 -10
5836500 -9.68232 -10
5836600 -9.26311 -10
5836700 -9.53596 -10
5836800 -10.022 -10
5836900 -10.0465 -10
5837000 -9.91765 -10
5837100 -9.78179 -10
5837200 -9.96402 -10
5837300 -9.59402 -10
5837400 -9.31367 -10
5837500 -9.54538 -10
5837600 -9.79889 -10
5837700 -9.76951 -10
5837800 -9.67505 -10
5837900 -9.78819 -10
5838000 -9.98256 -10
5838100 -10.2036 -10
5838200 -10.0678 -10
5838300 -10.0646 -10
5838400 -9.89042 -10
5838500 -9.64285 -10
5838600 -9.67945 -10
5838700 -9.93279 -10
5838800 -10.0376 -10
5838900 -10.3893 -10
5839000 -10.1794 -10
5839100 -9.76798 -10
5839200 -9.47899 -10
5839300 -9.46532 -10
5839400 -9.85973 -10
5839500 -10.0665 -10
5839600 -9.94424 -10
5839700 -9.60914 -10
5839800 -9.35672 -10
5839900 -9.75216 -10
5840000 -10.2588 -10
5840100 -10.578 -10
5840200 -10.7598 -10
5840300 -11.1043 -10
5840400 -11.1939 -10
5840500 -10.8641 -10
5840600 -10.5956 -10
5840700 -10.6444 -10
5840800 -10.8002 -10
5840900 -10.8353 -10
5841000 -10.798 -10
5841100 -10.5103 -10
5841200 -10.478 -10
5841300 -10.6583 -10
5841400 -10.9973 -10
5841500 -11.2335 -10
5841600 -10.9523 -10
5841700 -10.5131 -10
5841800 -10.4601 -10
5841900 -10.6374 -10
5842000 -10.5974 -10
5842100 -10.4791 -10
5842200 -10.3766 -10
5842300 -10.0598 -10
5842400 -9.99478 -10
5842500 -9.81272 -10
5842600 -9.78551 -10
5842700 -9.98587 -10
5842800 -10.0739 -10
5842900 -9.95699 -10
5843000 -10.0487 -10
5843100 -9.91254 -10
5843200 -9.91567 -10
5843300 -10.0702 -10
5843400 -10.1536 -10
5843500 -9.8748 -10
5843600 -9.76983 -10
5843700 -9.98532 -10
5843800 -10.1231 -10
5843900 -10.0609 -10
5844000 -9.71269 -10
5844100 -9.3483 -10
5844200 -9.34857 -10
5844300 -9.45334 -10
5844400 -9.63719 -10
5844500 -10.0627 -10
5844600 -10.3294 -10
5844700 -10.1791 -10
5844800 -9.9307 -10
5844900 -9.8123 -10
5845000 -9.50679 -10
5845100 -9.71949 -10
5845200 -10.1252 -10
5845300 -10.2386 -10
5845400 -10.2789 -10
5845500 -9.88283 -10
5845600 -9.65474 -10
5845700 -9.74834 -10
5845800 -10.0195 -10
5845900 -10.1643 -10
5846000 -9.97704 -10
5846100 -9.82924 -10
5846200 -9.55836 -10
5846300 -9.54849 -10
5846400 -9.74705 -10
5846500 -9.69036 -10
5846600 -9.55246 -10
5846700 -9.59776 -10
5846800 -9.92413 -10
5846900 -10.0143 -10
5847000 -10.2129 -10
5847100 -10.2722 -10
5847200 -10.2733 -10
5847300 -9.81998 -10
5847400 -9.31671 -10
5847500 -9.16032 -10
5847600 -9.15229 -10
5847700 -9.37436 -10
5847800 -9.61897 -10
5847900 -9.93093 -10
5848000 -9.93379 -10
5848100 -9.55647 -10
5848200 -9.40847 -10
5848300 -9.47689 -10
5848400 -9.75871 -10
5848500 -9.933 -10
5848600 -9.98077 -10
5848700 -9.96027 -10
5848800 -9.96389 -10
5848900 -9.92476 -10
5849000 -9.79211 -10
5849100 -9.49323 -10
5849200 -9.14919 -10
5849300 -9.038 -10
5849400 -9.25278 -10
5849500 -9.52913 -10
5849600 -9.71658 -10
5849700 -9.64518 -10
5849800 -9.56617 -10
5849900 -9.79829 -10
5850000 -10.0412 -10
5850100 -10.268 -10
5850200 -10.2199 -10
5850300 -10.5676 -10
5850400 -10.8911 -10
5850500 -10.9593 -10
5850600 -10.8908 -10
5850700 -10.4709 -10
5850800 -10.3498 -10
5850900 -10.436 -10
5851000 -10.2257 -10
5851100 -10.1021 -10
5851200 -10.1292 -10
5851300 -9.96254 -10
5851400 -9.63077 -10
5851500 -9.62058 -10
5851600 -9.40801 -10
5851700 -9.37072 -10
5851800 -9.43766 -10
5851900 -9.83779 -10
5852000 -10.3553 -10
5852100 -10.3433 -10
5852200 -9.94427 -10
5852300 -9.72292 -10
5852400 -9.54272 -10
5852500 -9.94332 -10
5852600 -10.1222 -10
5852700 -9.83973 -10
5852800 -9.69925 -10
5852900 -9.65252 -10
5853000 -9.4547 -10
5853100 -9.47495 -10
5853200 -9.58007 -10
5853300 -9.64914 -10
5853400 -9.8384 -10
5853500 -9.81986 -10
5853600 -9.93563 -10
5853700 -10.0824 -10
5853800 -10.41 -10
5853900 -10.2775 -10
5854000 -10.0907 -10
5854100 -10.0041 -10
5854200 -9.92852 -10
5854300 -9.87145 -10
5854400 -9.71844 -10
5854500 -9.56667 -10
5854600 -9.56956 -10
5854700 -9.86262 -10
5854800 -10.4271 -10
5854900 -10.6588 -10
5855000 -10.7035 -10
5855100 -10.4183 -10
5855200 -10.386 -10
5855300 -10.331 -10
5855400 -10.1841 -10
5855500 -10.3773 -10
5855600 -10.7065 -10
5855700 -10.6646 -10
5855800 -10.6042 -10
5855900 -10.0833 -10
5856000 -9.71558 -10
5856100 -10.0851 -10
5856200 -10.0632 -10
5856300 -10.165 -10
5856400 -10.1219 -10
5856500 -9.67007 -10
5856600 -9.80364 -10
5856700 -10.0944 -10
5856800 -10.156 -10
5856900 -10.1472 -10
5857000 -10.0856 -10
5857100 -10.2402 -10
5857200 -10.1723 -10
5857300 -10.0298 -10
5857400 -10.3926 -10
5857500 -10.2503 -10
5857600 -10.4858 -10
5857700 -10.6025 -10
5857800 -10.4733 -10
5857900 -10.0165 -10
5858000 -9.41976 -10
5858100 -9.65202 -10
5858200 -9.83462 -10
5858300 -9.93854 -10
5858400 -9.89839 -10
5858500 -9.73641 -10
5858600 -9.59968 -10
5858700 -9.53488 -10
5858800 -9.98919 -10
5858900 -10.1727 -10
5859000 -10.2255 -10
5859100 -10.348 -10
5859200 -10.258 -10
5859300 -10.1366 -10
5859400 -10.1264 -10
5859500 -10.0768 -10
5859600 -10.0193 -10
5859700 -10.0717 -10
5859800 -10.0659 -10
5859900 -9.77662 -10
5860000 -9.69694 -10
5860100 -9.77902 -10
5860200 -9.89021 -10
5860300 -9.77399 -10
5860400 -9.71812 -10
5860500 -10.1861 -10
5860600 -10.1201 -10
5860700 -9.93691 -10
5860800 -9.93759 -10
5860900 -9.86971 -10
5861000 -10.1669 -10
5861100 -10.2417 -10
5861200 -10.0854 -10
5861300 -9.98854 -10
5861400 -10.0709 -10
5861500 -10.4867 -10
5861600 -10.4928 -10
5861700 -10.4316 -10
5861800 -10.5219 -10
5861900 -10.6314 -10
5862000 -10.5474 -10
5862100 -10.6147 -10
5862200 -10.6057 -10
5862300 -10.2761 -10
5862400 -10.319 -10
5862500 -10.1423 -10
5862600 -10.1706 -10
5862700 -10.1448 -10
5862800 -10.382 -10
5862900 -10.1469 -10
5863000 -9.90488 -10
5863100 -9.8783 -10
5863200 -9.58881 -10
5863300 -9.37931 -10
5863400 -9.83405 -10
5863500 -10.0802 -10
5863600 -10.4299 -10
5863700 -10.511 -10
5863800 -10.475 -10
5863900 -10.2193 -10
5864000 -9.81511 -10
5864100 -9.81421 -10
5864200 -9.67792 -10
5864300 -9.59684 -10
5864400 -9.69242 -10
5864500 -9.76409 -10
5864600 -9.77527 -10
5864700 -9.81459 -10
5864800 -9.92819 -10
5864900 -10.205 -10
5865000 -10.1993 -10
5865100 -10.2684 -10
5865200 -10.427 -10
5865300 -10.4759 -10
5865400 -10.6402 -10
5865500 -10.8284 -10
5865600 -10.6976 -10
5865700 -10.2924 -10
5865800 -10.1808 -10
5865900 -10.4084 -10
5866000 -10.338 -10
5866100 -10.2361 -10
5866200 -9.90725 -10
5866300 -9.94541 -10
5866400 -10.358 -10
5866500 -10.4889 -10
5866600 -10.4627 -10
5866700 -10.1062 -10
5866800 -10.1543 -10
5866900 -9.93408 -10
5867000 -9.51591 -10
5867100 -9.08074 -10
5867200 -9.09442 -10
5867300 -9.67645 -10
5867400 -10.196 -10
5867500 -10.1014 -10
5867600 -9.76974 -10
5867700 -9.77309 -10
5867800 -9.88179 -10
5867900 -9.82816 -10
5868000 -9.87735 -10
5868100 -9.66135 -10
5868200 -9.74188 -10
5868300 -10.1092 -10
5868400 -10.0985 -10
5868500 -10.0908 -10
5868600 -10.0455 -10
5868700 -10.0378 -10
5868800 -9.8224 -10
5868900 -9.53909 -10
5869000 -9.56267 -10
5869100 -9.98143 -10
5869200 -9.92065 -10
5869300 -9.41661 -10
5869400 -9.57312 -10
5869500 -9.70819 -10
5869600 -9.79372 -10
5869700 -10.0826 -10
5869800 -10.3394 -10
5869900 -10.3732 -10
5870000 -10.3236 -10
5870100 -10.2116 -10
5870200 -10.1255 -10
5870300 -10.1117 -10
5870400 -10.0416 -10
5870500 -10.0583 -10
5870600 -10.1126 -10
5870700 -10.0882 -10
5870800 -10.3386 -10
5870900 -10.4162 -10
5871000 -10.2426 -10
5871100 -10.3661 -10
5871200 -10.5375 -10
5871300 -10.5892 -10
5871400 -10.2403 -10
5871500 -9.69627 -10
5871600 -9.46919 -10
5871700 -9.7433 -10
5871800 -9.78123 -10
5871900 -9.8086 -10
5872000 -9.48065 -10
5872100 -9.65093 -10
5872200 -9.95577 -10
5872300 -10.4292 -10
5872400 -10.2997 -10
5872500 -9.97425 -10
5872600 -9.88645 -10
5872700 -9.93459 -10
5872800 -9.90528 -10
5872900 -9.74334 -10
5873000 -9.81298 -10
5873100 -9.72275 -10
5873200 -9.70916 -10
5873300 -9.71384 -10
5873400 -9.82016 -10
5873500 -10.0358 -10
5873600 -9.9967 -10
5873700 -10.008 -10
5873800 -9.9979 -10
5873900 -10.1943 -10
5874000 -10.0483 -10
5874100 -9.88838 -10
5874200 -9.91237 -10
5874300 -10.2702 -10
5874400 -10.2298 -10
5874500 -9.81801 -10
5874600 -9.96428 -10
5874700 -9.7011 -10
5874800 -9.53921 -10
5874900 -9.55078 -10
5875000 -9.66365 -10
5875100 -9.85474 -10
5875200 -9.93521 -10
5875300 -9.93592 -10
5875400 -10.0454 -10
5875500 -10.1065 -10
5875600 -10.1629 -10
5875700 -10.281 -10
5875800 -10.2382 -10
5875900 -10.0015 -10
5876000 -10.1517 -10
5876100 -10.1364 -10
5876200 -10.4057 -10
5876300 -10.581 -10
5876400 -10.4467 -10
5876500 -10.613 -10
5876600 -10.6601 -10
5876700 -10.5638 -10
5876800 -10.3783 -10
5876900 -10.2405 -10
5877000 -10.3875 -10
5877100 -10.5438 -10
5877200 -10.618 -10
5877300 -10.2764 -10
5877400 -9.86825 -10
5877500 -10.0608 -10
5877600 -10.3419 -10
5877700 -10.6728 -10
5877800 -10.6541 -10
5877900 -10.5449 -10
5878000 -10.4362 -10
5878100 -10.3001 -10
5878200 -10.0594 -10
5878300 -9.93387 -10
5878400 -9.92335 -10
5878500 -10.066 -10
5878600 -9.87628 -10
5878700 -9.51203 -10
5878800 -9.50208 -10
5878900 -9.65399 -10
5879000 -9.83304 -10
5879100 -9.79197 -10
5879200 -10.1401 -10
5879300 -10.2433 -10
5879400 -10.3685 -10
5879500 -10.3215 -10
5879600 -10.2558 -10
5879700 -10.3394 -10
5879800 -10.2112 -10
5879900 -10.0962 -10
5880000 -9.97727 -10
5880100 -9.75012 -10
5880200 -9.59562 -10
5880300 -9.45574 -10
5880400 -9.94861 -10
5880500 -9.97868 -10
5880600 -9.88961 -10
5880700 -9.65696 -10
5880800 -9.87958 -10
5880900 -10.2488 -10
5881000 -10.4465 -10
5881100 -10.4472 -10
5881200 -10.4152 -10
5881300 -10.3925 -10
5881400 -10.299 -10
5881500 -10.0892 -10
5881600 -9.84629 -10
5881700 -9.96019 -10
5881800 -10.2491 -10
5881900 -10.5914 -10
5882000 -10.5695 -10
5882100 -10.6059 -10
5882200 -10.3298 -10
5882300 -10.2815 -10
5882400 -10.354 -10
5882500 -10.0588 -10
5882600 -10.0864 -10
5882700 -10.4898 -10
5882800 -10.6361 -10
5882900 -10.7926 -10
5883000 -10.4598 -10
5883100 -10.2656 -10
5883200 -10.3038 -10
5883300 -10.3052 -10
5883400 -10.4426 -10
5883500 -10.734 -10
5883600 -10.9479 -10
5883700 -10.8746 -10
5883800 -10.7129 -10
5883900 -10.6696 -10
5884000 -10.249 -10
5884100 -10.1498 -10
5884200 -10.2453 -10
5884300 -10.129 -10
5884400 -9.74902 -10
5884500 -9.03787 -10
5884600 -8.98346 -10
5884700 -9.58344 -10
5884800 -10.1146 -10
5884900 -10.3226 -10
5885000 -10.3156 -10
5885100 -10.2862 -10
5885200 -10.3499 -10
5885300 -9.9895 -10
5885400 -9.83804 -10
5885500 -9.72207 -10
5885600 -9.84147 -10
5885700 -10.1595 -10
5885800 -10.3373 -10
5885900 -10.4069 -10
5886000 -10.062 -10
5886100 -10.1126 -10
5886200 -10.6018 -10
5886300 -10.6873 -10
5886400 -10.431 -10
5886500 -10.105 -10
5886600 -9.80899 -10
5886700 -9.84262 -10
5886800 -9.65152 -10
5886900 -9.68744 -10
5887000 -9.59984 -10
5887100 -9.56523 -10
5887200 -9.70246 -10
5887300 -9.95466 -10
5887400 -9.74387 -10
5887500 -9.54827 -10
5887600 -9.7905 -10
5887700 -10.1641 -10
5887800 -10.3639 -10
5887900 -10.5541 -10
5888000 -10.3821 -10
5888100 -10.1954 -10
5888200 -10.3293 -10
5888300 -9.9332 -10
5888400 -9.7516 -10
5888500 -10.0881 -10
5888600 -10.3414 -10
5888700 -10.3867 -10
5888800 -10.3544 -10
5888900 -10.4154 -10
5889000 -10.3193 -10
5889100 -9.96656 -10
5889200 -9.87098 -10
5889300 -9.58828 -10
5889400 -9.38271 -10
5889500 -9.36748 -10
5889600 -9.20952 -10
5889700 -9.20624 -10
5889800 -9.46505 -10
5889900 -9.90363 -10
5890000 -9.92102 -10
5890100 -9.95345 -10
5890200 -10.0155 -10
5890300 -10.2493 -10
5890400 -10.5451 -10
5890500 -10.5116 -10
5890600 -10.1934 -10
5890700 -9.78773 -10
5890800 -9.79768 -10
5890900 -9.95775 -10
5891000 -9.5902 -10
5891100 -9.48714 -10
5891200 -9.70034 -10
5891300 -9.79985 -10
5891400 -9.64496 -10
5891500 -10.03 -10
5891600 -10.2256 -10
5891700 -10.277 -10
5891800 -10.2551 -10
5891900 -10.0269 -10
5892000 -10.0372 -10
5892100 -10.2562 -10
5892200 -10.7134 -10
5892300 -10.9591 -10
5892400 -10.7065 -10
5892500 -10.7728 -10
5892600 -10.8097 -10
5892700 -10.5371 -10
5892800 -10.3222 -10
5892900 -10.0267 -10
5893000 -10.0173 -10
5893100 -9.93647 -10
5893200 -9.89501 -10
5893300 -9.77265 -10
5893400 -9.56649 -10
5893500 -9.54079 -10
5893600 -9.63309 -10
5893700 -9.63941 -10
5893800 -9.77763 -10
5893900 -10.0581 -10
5894000 -9.94491 -10
5894100 -9.7982 -10
5894200 -9.76098 -10
5894300 -9.79882 -10
5894400 -9.66929 -10
5894500 -9.95954 -10
5894600 -10.2166 -10
5894700 -10.469 -10
5894800 -10.3812 -10
5894900 -10.3573 -10
5895000 -10.5361 -10
5895100 -10.3705 -10
5895200 -10.4042 -10
5895300 -10.5953 -10
5895400 -10.585 -10
5895500 -10.2909 -10
5895600 -10.0701 -10
5895700 -10.2235 -10
5895800 -10.3539 -10
5895900 -10.0619 -10
5896000 -9.87808 -10
5896100 -9.96911 -10
5896200 -9.78205 -10
5896300 -9.9336 -10
5896400 -9.74802 -10
5896500 -9.49003 -10
5896600 -9.45539 -10
5896700 -9.54559 -10
5896800 -9.80419 -10
5896900 -9.93719 -10
5897000 -10.2572 -10
5897100 -10.1244 -10
5897200 -9.63299 -10
5897300 -9.58644 -10
5897400 -9.9023 -10
5897500 -10.1502 -10
5897600 -10.443 -10
5897700 -10.4929 -10
5897800 -10.4494 -10
5897900 -10.0187 -10
5898000 -9.80627 -10
5898100 -9.55975 -10
5898200 -9.25465 -10
5898300 -9.34252 -10
5898400 -9.54326 -10
5898500 -9.29224 -10
5898600 -9.35675 -10
5898700 -9.29505 -10
5898800 -9.01663 -10
5898900 -8.83368 -10
5899000 -8.98203 -10
5899100 -9.34156 -10
5899200 -9.46775 -10
5899300 -9.52958 -10
5899400 -9.47401 -10
5899500 -9.72638 -10
5899600 -9.61621 -10
5899700 -9.79553 -10
5899800 -10.0327 -10
5899900 -10.3147 -10
5900000 -10.4489 -10
5900100 -10.1923 -10
5900200 -10.0785 -10
5900300 -9.9256 -10
5900400 -9.85294 -10
5900500 -9.78965 -10
5900600 -9.67777 -10
5900700 -9.28347 -10
5900800 -9.12305 -10
5900900 -9.3537 -10
5901000 -9.75251 -10
5901100 -10.1092 -10
5901200 -10.3357 -10
5901300 -10.5777 -10
5901400 -10.6632 -10
5901500 -10.4655 -10
5901600 -10.0007 -10
5901700 -9.6183 -10
5901800 -9.65442 -10
5901900 -9.68803 -10
5902000 -9.70097 -10
5902100 -10.0074 -10
5902200 -10.0383 -10
5902300 -10.2426 -10
5902400 -10.3597 -10
5902500 -10.4064 -10
5902600 -10.5424 -10
5902700 -10.289 -10
5902800 -10.1174 -10
5902900 -9.95197 -10
5903000 -9.82173 -10
5903100 -9.80401 -10
5903200 -10.0632 -10
5903300 -10.1767 -10
5903400 -10.1459 -10
5903500 -10.0389 -10
5903600 -9.95795 -10
5903700 -9.89361 -10
5903800 -9.84633 -10
5903900 -9.77033 -10
5904000 -9.81966 -10
5904100 -9.9571 -10
5904200 -9.94212 -10
5904300 -9.89053 -10
5904400 -10.0285 -10
5904500 -10.3479 -10
5904600 -10.5975 -10
5904700 -10.2271 -10
5904800 -9.7649 -10
5904900 -9.89031 -10
5905000 -9.89932 -10
5905100 -10.0756 -10
5905200 -10.0539 -10
5905300 -9.8359 -10
5905400 -9.70613 -10
5905500 -9.80196 -10
5905600 -9.89021 -10
5905700 -9.94248 -10
5905800 -9.98907 -10
5905900 -10.1304 -10
5906000 -10.2868 -10
5906100 -10.2371 -10
5906200 -10.3883 -10
5906300 -10.601 -10
5906400 -10.6822 -10
5906500 -10.3369 -10
5906600 -9.92352 -10
5906700 -10.0184 -10
5906800 -10.2115 -10
5906900 -10.1911 -10
5907000 -10.0926 -10
5907100 -10.2149 -10
5907200 -10.0779 -10
5907300 -9.98969 -10
5907400 -10.0125 -10
5907500 -10.2439 -10
5907600 -10.0643 -10
5907700 -9.99772 -10
5907800 -9.8539 -10
5907900 -10.1054 -10
5908000 -10.1892 -10
5908100 -9.80401 -10
5908200 -9.68437 -10
5908300 -9.88725 -10
5908400 -10.1573 -10
5908500 -10.1411 -10
5908600 -10.1895 -10
5908700 -10.1696 -10
5908800 -10.093 -10
5908900 -10.0793 -10
5909000 -9.82251 -10
5909100 -9.80991 -10
5909200 -9.64383 -10
5909300 -9.73106 -10
5909400 -10.0899 -10
5909500 -10.0541 -10
5909600 -9.85251 -10
5909700 -9.84291 -10
5909800 -10.1364 -10
5909900 -9.849 -10
5910000 -9.85382 -10
5910100 -10.3906 -10
5910200 -10.4308 -10
5910300 -10.2378 -10
5910400 -10.0451 -10
5910500 -9.96282 -10
5910600 -9.97156 -10
5910700 -10.0618 -10
5910800 -10.0116 -10
5910900 -9.72905 -10
5911000 -9.81746 -10
5911100 -9.60005 -10
5911200 -9.36205 -10
5911300 -9.29945 -10
5911400 -9.68664 -10
5911500 -10.0216 -10
5911600 -10.1036 -10
5911700 -9.96622 -10
5911800 -9.77906 -10
5911900 -9.93599 -10
5912000 -9.67828 -10
5912100 -9.52135 -10
5912200 -9.79437 -10
5912300 -9.91386 -10
5912400 -10.2669 -10
5912500 -10.454 -10
5912600 -10.7106 -10
5912700 -10.9145 -10
5912800 -10.9418 -10
5912900 -10.9208 -10
5913000 -10.7889 -10
5913100 -10.4405 -10
5913200 -10.0251 -10
5913300 -9.66187 -10
5913400 -9.30837 -10
5913500 -9.24002 -10
5913600 -9.83798 -10
5913700 -10.2783 -10
5913800 -10.2389 -10
5913900 -10.1209 -10
5914000 -10.3506 -10
5914100 -10.2892 -10
5914200 -10.1495 -10
5914300 -10.1985 -10
5914400 -10.095 -10
5914500 -9.94427 -10
5914600 -10.0518 -10
5914700 -10.1284 -10
5914800 -10.0274 -10
5914900 -9.75295 -10
5915000 -9.50815 -10
5915100 -9.41929 -10
5915200 -9.90087 -10
5915300 -9.91234 -10
5915400 -9.80496 -10
5915500 -9.84346 -10
5915600 -9.96782 -10
5915700 -9.51464 -10
5915800 -9.43354 -10
5915900 -9.64521 -10
5916000 -9.87765 -10
5916100 -9.79739 -10
5916200 -9.88519 -10
5916300 -9.85003 -10
5916400 -9.97621 -10
5916500 -10.0859 -10
5916600 -10.0113 -10
5916700 -9.9916 -10
5916800 -10.1734 -10
5916900 -10.3621 -10
5917000 -10.2811 -10
5917100 -10.3238 -10
5917200 -10.268 -10
5917300 -10.177 -10
5917400 -10.0897 -10
5917500 -9.93511 -10
5917600 -9.93364 -10
5917700 -10.0379 -10
5917800 -9.8961 -10
5917900 -10.0773 -10
5918000 -10.2557 -10
5918100 -10.2189 -10
5918200 -10.3114 -10
5918300 -10.2153 -10
5918400 -10.2975 -10
5918500 -10.0992 -10
5918600 -9.97055 -10
5918700 -10.1204 -10
5918800 -10.2554 -10
5918900 -10.2979 -10
5919000 -10.4747 -10
5919100 -10.679 -10
5919200 -10.71 -10
5919300 -10.7405 -10
5919400 -10.6638 -10
5919500 -10.397 -10
5919600 -10.4899 -10
5919700 -10.6359 -10
5919800 -10.7052 -10
5919900 -10.6311 -10
5920000 -10.5272 -10
5920100 -10.5107 -10
5920200 -10.4197 -10
5920300 -10.0426 -10
5920400 -10.3124 -10
5920500 -10.6648 -10
5920600 -10.5265 -10
5920700 -9.99501 -10
5920800 -9.82804 -10
5920900 -9.57538 -10
5921000 -9.43672 -10
5921100 -9.67641 -10
5921200 -9.77243 -10
5921300 -9.75852 -10
5921400 -9.55566 -10
5921500 -9.38799 -10
5921600 -9.36588 -10
5921700 -9.62934 -10
5921800 -9.58964 -10
5921900 -9.38135 -10
5922000 -9.78858 -10
5922100 -9.99428 -10
5922200 -10.0814 -10
5922300 -10.1233 -10
5922400 -10.1952 -10
5922500 -10.1944 -10
5922600 -9.97946 -10
5922700 -9.89584 -10
5922800 -9.84815 -10
5922900 -9.83178 -10
5923000 -9.99939 -10
5923100 -9.88516 -10
5923200 -9.95344 -10
5923300 -9.90098 -10
5923400 -10.0783 -10
5923500 -10.2174 -10
5923600 -10.1859 -10
5923700 -9.90525 -10
5923800 -9.57328 -10
5923900 -9.36017 -10
5924000 -9.36041 -10
5924100 -9.53077 -10
5924200 -9.59208 -10
5924300 -9.56289 -10
5924400 -9.59248 -10
5924500 -9.84973 -10
5924600 -9.97342 -10
5924700 -10.073 -10
5924800 -9.96848 -10
5924900 -10.0574 -10
5925000 -10.237 -10
5925100 -10.3188 -10
5925200 -9.87559 -10
5925300 -9.60774 -10
5925400 -9.65744 -10
5925500 -9.83395 -10
5925600 -9.61457 -10
5925700 -9.4508 -10
5925800 -9.76558 -10
5925900 -10.1103 -10
5926000 -9.97819 -10
5926100 -9.9494 -10
5926200 -10.0299 -10
5926300 -9.56296 -10
5926400 -9.14511 -10
5926500 -9.29281 -10
5926600 -9.64403 -10
5926700 -9.91445 -10
5926800 -10.2554 -10
5926900 -10.4842 -10
5927000 -10.7769 -10
5927100 -10.8668 -10
5927200 -10.4918 -10
5927300 -10.0575 -10
5927400 -10.0288 -10
5927500 -9.84459 -10
5927600 -9.61553 -10
5927700 -9.37898 -10
5927800 -9.42556 -10
5927900 -9.94374 -10
5928000 -10.319 -10
5928100 -10.4695 -10
5928200 -10.3736 -10
5928300 -10.3876 -10
5928400 -10.2168 -10
5928500 -10.4387 -10
5928600 -10.5348 -10
5928700 -10.6636 -10
5928800 -10.4682 -10
5928900 -10.2479 -10
5929000 -10.1877 -10
5929100 -10.3868 -10
5929200 -9.93905 -10
5929300 -9.68383 -10
5929400 -9.56894 -10
5929500 -9.85638 -10
5929600 -10.2755 -10
5929700 -10.7669 -10
5929800 -10.6207 -10
5929900 -10.3298 -10
5930000 -10.1725 -10
5930100 -9.8657 -10
5930200 -9.55745 -10
5930300 -9.58284 -10
5930400 -9.59745 -10
5930500 -10.0331 -10
5930600 -10.3145 -10
5930700 -10.7083 -10
5930800 -10.7582 -10
5930900 -10.5596 -10
5931000 -10.3831 -10
5931100 -10.5074 -10
5931200 -10.755 -10
5931300 -10.5254 -10
5931400 -10.5378 -10
5931500 -10.7293 -10
5931600 -10.8055 -10
5931700 -10.6989 -10
5931800 -10.5945 -10
5931900 -10.5307 -10
5932000 -10.5869 -10
5932100 -10.3877 -10
5932200 -10.3723 -10
5932300 -9.95909 -10
5932400 -10.0001 -10
5932500 -10.1665 -10
5932600 -10.0957 -10
5932700 -10.0637 -10
5932800 -10.0721 -10
5932900 -10.1959 -10
5933000 -10.6121 -10
5933100 -10.63 -10
5933200 -9.94166 -10
5933300 -9.79905 -10
5933400 -9.94047 -10
5933500 -10.0979 -10
5933600 -9.97995 -10
5933700 -9.84571 -10
5933800 -10.28 -10
5933900 -10.5874 -10
5934000 -10.491 -10
5934100 -10.594 -10
5934200 -10.3287 -10
5934300 -10.2214 -10
5934400 -9.9148 -10
5934500 -9.61147 -10
5934600 -9.75242 -10
5934700 -10.1439 -10
5934800 -10.2911 -10
5934900 -10.0335 -10
5935000 -9.84635 -10
5935100 -9.86779 -10
5935200 -10.1149 -10
5935300 -10.3658 -10
5935400 -10.3462 -10
5935500 -10.6056 -10
5935600 -10.4401 -10
5935700 -10.2301 -10
5935800 -10.0616 -10
5935900 -10.2683 -10
5936000 -10.5304 -10
5936100 -10.6699 -10
5936200 -10.6071 -10
5936300 -10.6398 -10
5936400 -10.7843 -10
5936500 -10.7849 -10
5936600 -10.649 -10
5936700 -10.3185 -10
5936800 -10.0133 -10
5936900 -9.61209 -10
5937000 -9.57617 -10
5937100 -9.53719 -10
5937200 -9.79805 -10
5937300 -9.96234 -10
5937400 -10.1336 -10
5937500 -10.4584 -10
5937600 -10.4402 -10
5937700 -10.1598 -10
5937800 -10.0762 -10
5937900 -9.96311 -10
5938000 -9.72325 -10
5938100 -9.91957 -10
5938200 -9.9727 -10
5938300 -9.91541 -10
5938400 -10.1604 -10
5938500 -10.2402 -10
5938600 -10.2826 -10
5938700 -9.96845 -10
5938800 -9.99016 -10
5938900 -10.2469 -10
5939000 -10.3131 -10
5939100 -10.1754 -10
5939200 -10.2368 -10
5939300 -10.0249 -10
5939400 -9.8397 -10
5939500 -9.81728 -10
5939600 -9.72823 -10
5939700 -9.33589 -10
5939800 -9.12207 -10
5939900 -9.48032 -10
5940000 -9.72156 -10
5940100 -9.64561 -10
5940200 -9.73732 -10
5940300 -10.0969 -10
5940400 -10.3189 -10
5940500 -10.4754 -10
5940600 -10.1759 -10
5940700 -9.7892 -10
5940800 -9.72579 -10
5940900 -9.53212 -10
5941000 -9.69859 -10
5941100 -10.0119 -10
5941200 -9.99893 -10
5941300 -9.85512 -10
5941400 -9.91135 -10
5941500 -9.73163 -10
5941600 -9.84231 -10
5941700 -9.52846 -10
5941800 -9.57456 -10
5941900 -9.76259 -10
5942000 -9.72019 -10
5942100 -9.66594 -10
5942200 -9.97834 -10
5942300 -10.4531 -10
5942400 -10.3119 -10
5942500 -10.2307 -10
5942600 -9.98529 -10
5942700 -9.6729 -10
5942800 -9.57616 -10
5942900 -9.93037 -10
5943000 -10.0186 -10
5943100 -10.0006 -10
5943200 -10.0558 -10
5943300 -10.3126 -10
5943400 -10.3356 -10
5943500 -10.1676 -10
5943600 -10.2981 -10
5943700 -10.456 -10
5943800 -10.503 -10
5943900 -10.4554 -10
5944000 -10.0642 -10
5944100 -10.1977 -10
5944200 -10.2607 -10
5944300 -10.1893 -10
5944400 -10.3017 -10
5944500 -10.2115 -10
5944600 -9.90699 -10
5944700 -9.81441 -10
5944800 -9.91484 -10
5944900 -10.2012 -10
5945000 -10.5642 -10
5945100 -10.6958 -10
5945200 -10.4156 -10
5945300 -10.396 -10
5945400 -10.1637 -10
5945500 -10.1661 -10
5945600 -10.4221 -10
5945700 -10.4082 -10
5945800 -10.1354 -10
5945900 -9.98179 -10
5946000 -9.60904 -10
5946100 -9.39444 -10
5946200 -9.34691 -10
5946300 -9.61379 -10
5946400 -9.82526 -10
5946500 -9.85182 -10
5946600 -10.0139 -10
5946700 -10.1655 -10
5946800 -10.1144 -10
5946900 -9.93128 -10
5947000 -9.84562 -10
5947100 -9.88664 -10
5947200 -10.0431 -10
5947300 -9.93731 -10
5947400 -9.92322 -10
5947500 -9.71463 -10
5947600 -9.48148 -10
5947700 -9.12257 -10
5947800 -8.86683 -10
5947900 -8.92634 -10
5948000 -9.19622 -10
5948100 -9.44413 -10
5948200 -9.72472 -10
5948300 -9.96196 -10
5948400 -10.0504 -10
5948500 -10.0093 -10
5948600 -10.0989 -10
5948700 -10.2764 -10
5948800 -10.7854 -10
5948900 -11.1589 -10
5949000 -10.8287 -10
5949100 -10.5791 -10
5949200 -10.4573 -10
5949300 -10.4554 -10
5949400 -10.2481 -10
5949500 -10.1694 -10
5949600 -10.259 -10
5949700 -10.0986 -10
5949800 -10.1619 -10
5949900 -10.6036 -10
5950000 -10.8251 -10
5950100 -10.4933 -10
5950200 -9.96666 -10
5950300 -9.85561 -10
5950400 -9.91082 -10
5950500 -9.89179 -10
5950600 -9.69668 -10
5950700 -9.81196 -10
5950800 -10.14 -10
5950900 -9.91615 -10
5951000 -9.81991 -10
5951100 -9.77129 -10
5951200 -9.49147 -10
5951300 -9.1842 -10
5951400 -9.19717 -10
5951500 -9.12634 -10
5951600 -9.33354 -10
5951700 -9.52581 -10
5951800 -9.7254 -10
5951900 -10.1419 -10
5952000 -10.2928 -10
5952100 -9.9532 -10
5952200 -9.77334 -10
5952300 -10.1584 -10
5952400 -10.6626 -10
5952500 -10.8267 -10
5952600 -10.5403 -10
5952700 -10.5663 -10
5952800 -10.6244 -10
5952900 -10.3167 -10
5953000 -10.2538 -10
5953100 -10.2475 -10
5953200 -10.3081 -10
5953300 -10.1466 -10
5953400 -9.81564 -10
5953500 -9.5023 -10
5953600 -9.58094 -10
5953700 -9.7472 -10
5953800 -9.84923 -10
5953900 -9.67732 -10
5954000 -9.68965 -10
5954100 -10.1576 -10
5954200 -10.4566 -10
5954300 -10.6081 -10
5954400 -10.4297 -10
5954500 -10.3407 -10
5954600 -10.0384 -10
5954700 -9.92114 -10
5954800 -9.84016 -10
5954900 -9.43249 -10
5955000 -9.6282 -10
5955100 -9.8482 -10
5955200 -9.75209 -10
5955300 -9.60308 -10
5955400 -9.6487 -10
5955500 -9.56408 -10
5955600 -9.77254 -10
5955700 -10.0524 -10
5955800 -10.0058 -10
5955900 -10.2935 -10
5956000 -10.2868 -10
5956100 -10.0532 -10
5956200 -10.2429 -10
5956300 -10.3237 -10
5956400 -10.1153 -10
5956500 -10.0399 -10
5956600 -9.93408 -10
5956700 -9.69376 -10
5956800 -9.68731 -10
5956900 -9.92915 -10
5957000 -10.0008 -10
5957100 -10.1339 -10
5957200 -9.97011 -10
5957300 -9.78753 -10
5957400 -9.45467 -10
5957500 -9.76367 -10
5957600 -10.0672 -10
5957700 -10.2012 -10
5957800 -10.3366 -10
5957900 -10.5919 -10
5958000 -10.608 -10
5958100 -10.5641 -10
5958200 -10.5428 -10
5958300 -10.3299 -10
5958400 -10.0966 -10
5958500 -9.67886 -10
5958600 -9.78709 -10
5958700 -9.76355 -10
5958800 -9.71158 -10
5958900 -9.94489 -10
5959000 -10.1975 -10
5959100 -10.1582 -10
5959200 -10.0211 -10
5959300 -9.95956 -10
5959400 -10.1165 -10
5959500 -10.2222 -10
5959600 -10.222 -10
5959700 -10.2772 -10
5959800 -10.5948 -10
5959900 -10.5205 -10
5960000 -10.5363 -10
5960100 -10.7403 -10
5960200 -10.6496 -10
5960300 -10.4418 -10
5960400 -10.3623 -10
5960500 -10.3335 -10
5960600 -10.0874 -10
5960700 -9.82543 -10
5960800 -9.70366 -10
5960900 -9.63018 -10
5961000 -9.58106 -10
5961100 -9.75301 -10
5961200 -9.98408 -10
5961300 -10.0327 -10
5961400 -9.9793 -10
5961500 -10.3213 -10
5961600 -10.407 -10
5961700 -10.5485 -10
5961800 -10.1767 -10
5961900 -10.055 -10
5962000 -9.9794 -10
5962100 -9.79798 -10
5962200 -9.63423 -10
5962300 -9.8463 -10
5962400 -9.72529 -10
5962500 -9.75345 -10
5962600 -9.91424 -10
5962700 -10.0431 -10
5962800 -9.83523 -10
5962900 -9.64484 -10
5963000 -9.48875 -10
5963100 -9.40749 -10
5963200 -9.36278 -10
5963300 -9.27364 -10
5963400 -9.31822 -10
5963500 -9.50485 -10
5963600 -9.81222 -10
5963700 -10.0819 -10
5963800 -9.83238 -10
5963900 -9.63155 -10
5964000 -9.66754 -10
5964100 -9.69267 -10
5964200 -9.78178 -10
5964300 -9.52763 -10
5964400 -9.53811 -10
5964500 -9.62529 -10
5964600 -9.59199 -10
5964700 -9.65786 -10
5964800 -10.0324 -10
5964900 -10.1491 -10
5965000 -10.2647 -10
5965100 -10.1377 -10
5965200 -10.1104 -10
5965300 -9.89781 -10
5965400 -9.71659 -10
5965500 -9.77383 -10
5965600 -9.88091 -10
5965700 -10.3167 -10
5965800 -10.4056 -10
5965900 -10.1201 -10
5966000 -9.68703 -10
5966100 -9.26011 -10
5966200 -9.36323 -10
5966300 -9.48853 -10
5966400 -9.44522 -10
5966500 -9.63854 -10
5966600 -9.65133 -10
5966700 -9.80967 -10
5966800 -10.2797 -10
5966900 -10.6438 -10
5967000 -10.3328 -10
5967100 -10.2941 -10
5967200 -10.4036 -10
5967300 -10.1755 -10
5967400 -10.2619 -10
5967500 -10.2415 -10
5967600 -10.3308 -10
5967700 -10.4748 -10
5967800 -10.585 -10
5967900 -10.1549 -10
5968000 -9.83859 -10
5968100 -9.62913 -10
5968200 -9.64455 -10
5968300 -9.83818 -10
5968400 -9.8905 -10
5968500 -9.72241 -10
5968600 -9.69782 -10
5968700 -9.78365 -10
5968800 -9.92918 -10
5968900 -10.0676 -10
5969000 -10.0213 -10
5969100 -10.0984 -10
5969200 -9.74215 -10
5969300 -9.79305 -10
5969400 -10.0816 -10
5969500 -10.2031 -10
5969600 -10.0706 -10
5969700 -10.1342 -10
5969800 -10.2673 -10
5969900 -10.4169 -10
5970000 -10.5233 -10
5970100 -10.4708 -10
5970200 -10.452 -10
5970300 -10.3953 -10
5970400 -10.2927 -10
5970500 -10.2466 -10
5970600 -10.2087 -10
5970700 -10.1028 -10
5970800 -9.9649 -10
5970900 -10.145 -10
5971000 -10.316 -10
5971100 -10.1921 -10
5971200 -9.87429 -10
5971300 -9.79874 -10
5971400 -9.55548 -10
5971500 -9.30393 -10
5971600 -9.37156 -10
5971700 -9.55941 -10
5971800 -9.58106 -10
5971900 -9.29691 -10
5972000 -9.23337 -10
5972100 -9.85042 -10
5972200 -10.1923 -10
5972300 -10.2014 -10
5972400 -10.1383 -10
5972500 -9.96104 -10
5972600 -9.64514 -10
5972700 -9.46672 -10
5972800 -9.32967 -10
5972900 -9.1889 -10
5973000 -9.05075 -10
5973100 -9.23222 -10
5973200 -9.336 -10
5973300 -9.69998 -10
5973400 -9.89474 -10
5973500 -9.75627 -10
5973600 -9.77492 -10
5973700 -10.0285 -10
5973800 -10.1676 -10
5973900 -10.426 -10
5974000 -10.2201 -10
5974100 -9.99674 -10
5974200 -9.90575 -10
5974300 -9.41676 -10
5974400 -9.00674 -10
5974500 -8.92459 -10
5974600 -9.26626 -10
5974700 -9.45204 -10
5974800 -9.56801 -10
5974900 -9.83948 -10
5975000 -10.1906 -10
5975100 -10.3133 -10
5975200 -10.5523 -10
5975300 -10.4662 -10
5975400 -10.5381 -10
5975500 -10.4257 -10
5975600 -10.532 -10
5975700 -10.8597 -10
5975800 -10.8078 -10
5975900 -10.3369 -10
5976000 -10.1072 -10
5976100 -9.99227 -10
5976200 -10.0557 -10
5976300 -9.98376 -10
5976400 -9.98 -10
5976500 -10.2204 -10
5976600 -10.064 -10
5976700 -9.81189 -10
5976800 -9.44587 -10
5976900 -9.26133 -10
5977000 -9.18266 -10
5977100 -9.50253 -10
5977200 -9.37628 -10
5977300 -9.14367 -10
5977400 -9.36079 -10
5977500 -9.74949 -10
5977600 -10.0529 -10
5977700 -10.2785 -10
5977800 -10.3452 -10
5977900 -10.2556 -10
5978000 -10.1398 -10
5978100 -10.1543 -10
5978200 -10.2093 -10
5978300 -10.1775 -10
5978400 -10.0709 -10
5978500 -9.78063 -10
5978600 -9.47877 -10
5978700 -9.36916 -10
5978800 -9.83145 -10
5978900 -10.1836 -10
5979000 -10.0444 -10
5979100 -9.94971 -10
5979200 -10.096 -10
5979300 -10.38 -10
5979400 -10.5299 -10
5979500 -10.6568 -10
5979600 -10.6846 -10
5979700 -10.8036 -10
5979800 -10.9509 -10
5979900 -10.5814 -10
5980000 -10.3548 -10
5980100 -10.2378 -10
5980200 -10.0669 -10
5980300 -10.1168 -10
5980400 -10.2798 -10
5980500 -9.98403 -10
5980600 -9.74621 -10
5980700 -9.8243 -10
5980800 -9.71814 -10
5980900 -9.29124 -10
5981000 -9.22121 -10
5981100 -9.55872 -10
5981200 -10.0173 -10
5981300 -9.89126 -10
5981400 -9.76674 -10
5981500 -9.51537 -10
5981600 -9.50649 -10
5981700 -9.60127 -10
5981800 -9.41254 -10
5981900 -9.1458 -10
5982000 -9.21401 -10
5982100 -9.2882 -10
5982200 -9.49831 -10
5982300 -9.53794 -10
5982400 -9.89688 -10
5982500 -9.83728 -10
5982600 -10.0648 -10
5982700 -10.2184 -10
5982800 -9.84888 -10
5982900 -9.97797 -10
5983000 -10.2033 -10
5983100 -10.1076 -10
5983200 -10.4231 -10
5983300 -10.662 -10
5983400 -10.8195 -10
5983500 -10.8413 -10
5983600 -10.5742 -10
5983700 -10.3369 -10
5983800 -10.1075 -10
5983900 -9.93021 -10
5984000 -9.87662 -10
5984100 -9.6304 -10
5984200 -9.27876 -10
5984300 -9.38693 -10
5984400 -9.37503 -10
5984500 -9.42027 -10
5984600 -9.54707 -10
5984700 -9.9984 -10
5984800 -10.5669 -10
5984900 -10.8879 -10
5985000 -10.7214 -10
5985100 -10.7393 -10
5985200 -10.8474 -10
5985300 -10.7106 -10
5985400 -10.7231 -10
5985500 -10.3106 -10
5985600 -10.2185 -10
5985700 -10.2115 -10
5985800 -10.0348 -10
5985900 -10.2557 -10
5986000 -10.5063 -10
5986100 -10.7954 -10
5986200 -10.9189 -10
5986300 -10.5104 -10
5986400 -10.1305 -10
5986500 -9.94429 -10
5986600 -9.98001 -10
5986700 -10.1201 -10
5986800 -10.0684 -10
5986900 -9.97605 -10
5987000 -9.90048 -10
5987100 -9.95603 -10
5987200 -9.87564 -10
5987300 -9.49926 -10
5987400 -9.24163 -10
5987500 -9.77725 -10
5987600 -10.2558 -10
5987700 -10.3967 -10
5987800 -10.4104 -10
5987900 -10.214 -10
5988000 -10.2348 -10
5988100 -10.4181 -10
5988200 -10.1765 -10
5988300 -9.80392 -10
5988400 -9.81691 -10
5988500 -10.2183 -10
5988600 -10.5868 -10
5988700 -10.3219 -10
5988800 -10.1733 -10
5988900 -10.0085 -10
5989000 -10.302 -10
5989100 -10.3715 -10
5989200 -10.2462 -10
5989300 -10.2378 -10
5989400 -10.3372 -10
5989500 -10.1319 -10
5989600 -9.88349 -10
5989700 -9.98613 -10
5989800 -9.83103 -10
5989900 -10.0253 -10
5990000 -10.2284 -10
5990100 -10.1367 -10
5990200 -10.149 -10
5990300 -10.1957 -10
5990400 -10.0333 -10
5990500 -9.8513 -10
5990600 -9.70281 -10
5990700 -9.759 -10
5990800 -10.0068 -10
5990900 -9.84122 -10
5991000 -9.86412 -10
5991100 -9.70376 -10
5991200 -9.30018 -10
5991300 -9.22881 -10
5991400 -9.27818 -10
5991500 -9.53876 -10
5991600 -10.0267 -10
5991700 -10.2681 -10
5991800 -10.4005 -10
5991900 -10.1384 -10
5992000 -9.94993 -10
5992100 -10.0991 -10
5992200 -10.0075 -10
5992300 -9.61551 -10
5992400 -9.40507 -10
5992500 -9.30143 -10
5992600 -9.26423 -10
5992700 -9.26314 -10
5992800 -9.50729 -10
5992900 -9.41105 -10
5993000 -9.20497 -10
5993100 -9.14123 -10
5993200 -9.54906 -10
5993300 -9.58066 -10
5993400 -9.5141 -10
5993500 -9.80127 -10
5993600 -10.0451 -10
5993700 -9.94063 -10
5993800 -9.99253 -10
5993900 -10.1392 -10
5994000 -10.3409 -10
5994100 -10.4566 -10
5994200 -10.3919 -10
5994300 -10.5668 -10
5994400 -10.4438 -10
5994500 -10.4408 -10
5994600 -10.548 -10
5994700 -10.4443 -10
5994800 -10.2327 -10
5994900 -10.1801 -10
5995000 -10.4276 -10
5995100 -10.6415 -10
5995200 -10.4771 -10
5995300 -10.2436 -10
5995400 -10.1671 -10
5995500 -9.95063 -10
5995600 -9.71858 -10
5995700 -9.71122 -10
5995800 -10.0443 -10
5995900 -10.2377 -10
5996000 -10.3385 -10
5996100 -10.3649 -10
5996200 -10.3398 -10
5996300 -10.2444 -10
5996400 -10.526 -10
5996500 -10.7289 -10
5996600 -10.8834 -10
5996700 -11.0569 -10
5996800 -10.6976 -10
5996900 -10.1925 -10
5997000 -10.1346 -10
5997100 -10.365 -10
5997200 -10.3536 -10
5997300 -10.1832 -10
5997400 -10.1357 -10
5997500 -10.2609 -10
5997600 -10.1811 -10
5997700 -9.92663 -10
5997800 -9.74334 -10
5997900 -9.80662 -10
5998000 -9.81639 -10
5998100 -9.96252 -10
5998200 -10.0221 -10
5998300 -9.8508 -10
5998400 -9.65179 -10
5998500 -9.72555 -10
5998600 -9.76219 -10
5998700 -10.156 -10
5998800 -10.4061 -10
5998900 -10.291 -10
5999000 -10.0442 -10
5999100 -9.84849 -10
5999200 -10.168 -10
5999300 -10.2518 -10
5999400 -10.1887 -10
5999500 -10.1671 -10
5999600 -10.1274 -10
5999700 -10.2595 -10
5999800 -10.4592 -10
5999900 -10.5563 -10
6000000 -10.429 -10
