# Time-averaged data for fix myat1
# TimeStep v_xave v_xdes
3800100 -14.8783 -15
3800200 -15.0108 -15
3800300 -14.9677 -15
3800400 -14.8513 -15
3800500 -15.0145 -15
3800600 -14.7662 -15
3800700 -14.5226 -15
3800800 -14.2663 -15
3800900 -13.9703 -15
3801000 -13.9483 -15
3801100 -14.2493 -15
3801200 -14.4783 -15
3801300 -14.7153 -15
3801400 -14.8223 -15
3801500 -14.8964 -15
3801600 -15.1088 -15
3801700 -14.9357 -15
3801800 -14.6897 -15
3801900 -14.711 -15
3802000 -14.656 -15
3802100 -14.5903 -15
3802200 -14.5886 -15
3802300 -14.5746 -15
3802400 -14.6791 -15
3802500 -15.0306 -15
3802600 -15.0523 -15
3802700 -15.0974 -15
3802800 -14.809 -15
3802900 -14.8702 -15
3803000 -14.8452 -15
3803100 -14.6867 -15
3803200 -14.4374 -15
3803300 -14.6439 -15
3803400 -15.0323 -15
3803500 -15.0719 -15
3803600 -14.8908 -15
3803700 -15.0513 -15
3803800 -15.1253 -15
3803900 -15.3448 -15
3804000 -15.222 -15
3804100 -15.1991 -15
3804200 -14.9283 -15
3804300 -14.7508 -15
3804400 -14.8183 -15
3804500 -14.82 -15
3804600 -14.9628 -15
3804700 -15.0682 -15
3804800 -15.1262 -15
3804900 -15.0223 -15
3805000 -15.2608 -15
3805100 -15.3221 -15
3805200 -15.483 -15
3805300 -15.2296 -15
3805400 -14.9594 -15
3805500 -14.7981 -15
3805600 -15.2263 -15
3805700 -15.1204 -15
3805800 -15.1423 -15
3805900 -15.1211 -15
3806000 -15.1618 -15
3806100 -14.8954 -15
3806200 -14.5237 -15
3806300 -14.2708 -15
3806400 -14.2853 -15
3806500 -14.6615 -15
3806600 -14.7969 -15
3806700 -14.8431 -15
3806800 -14.7678 -15
3806900 -14.8302 -15
3807000 -14.62 -15
3807100 -14.7614 -15
3807200 -15.5049 -15
3807300 -15.9561 -15
3807400 -15.8906 -15
3807500 -15.5138 -15
3807600 -15.1339 -15
3807700 -14.9408 -15
3807800 -15.0365 -15
3807900 -15.0381 -15
3808000 -15.0239 -15
3808100 -14.7716 -15
3808200 -14.684 -15
3808300 -14.6657 -15
3808400 -14.6944 -15
3808500 -14.6346 -15
3808600 -14.6942 -15
3808700 -14.8357 -15
3808800 -14.7255 -15
3808900 -14.5509 -15
3809000 -14.623 -15
3809100 -14.7415 -15
3809200 -14.7525 -15
3809300 -14.6394 -15
3809400 -14.6869 -15
3809500 -15.1277 -15
3809600 -15.3489 -15
3809700 -14.6456 -15
3809800 -14.666 -15
3809900 -14.7868 -15
3810000 -14.9788 -15
3810100 -14.9449 -15
3810200 -14.724 -15
3810300 -14.7963 -15
3810400 -14.8875 -15
3810500 -15.0685 -15
3810600 -15.1667 -15
3810700 -15.0036 -15
3810800 -14.8722 -15
3810900 -14.666 -15
3811000 -14.7661 -15
3811100 -14.8575 -15
3811200 -15.0572 -15
3811300 -14.939 -15
3811400 -14.5291 -15
3811500 -14.3994 -15
3811600 -14.4985 -15
3811700 -14.7414 -15
3811800 -14.7872 -15
3811900 -14.9882 -15
3812000 -15.0179 -15
3812100 -14.9986 -15
3812200 -14.9301 -15
3812300 -15.1136 -15
3812400 -15.1149 -15
3812500 -14.9099 -15
3812600 -14.8542 -15
3812700 -15.0638 -15
3812800 -15.2383 -15
3812900 -15.4503 -15
3813000 -15.4592 -15
3813100 -15.2037 -15
3813200 -14.8889 -15
3813300 -15.0404 -15
3813400 -15.1973 -15
3813500 -15.2167 -15
3813600 -15.3467 -15
3813700 -15.395 -15
3813800 -15.4578 -15
3813900 -15.5776 -15
3814000 -15.4782 -15
3814100 -15.0883 -15
3814200 -14.8627 -15
3814300 -14.9242 -15
3814400 -14.883 -15
3814500 -14.8534 -15
3814600 -14.9058 -15
3814700 -15.0609 -15
3814800 -14.6458 -15
3814900 -14.6095 -15
3815000 -14.6091 -15
3815100 -14.7136 -15
3815200 -14.9031 -15
3815300 -15.0423 -15
3815400 -15.281 -15
3815500 -15.4091 -15
3815600 -15.4288 -15
3815700 -15.494 -15
3815800 -15.4966 -15
3815900 -15.6855 -15
3816000 -15.5495 -15
3816100 -15.3583 -15
3816200 -15.2729 -15
3816300 -15.5894 -15
3816400 -15.4745 -15
3816500 -15.2924 -15
3816600 -15.5241 -15
3816700 -15.7375 -15
3816800 -15.7066 -15
3816900 -15.6237 -15
3817000 -15.5398 -15
3817100 -15.3283 -15
3817200 -15.4679 -15
3817300 -15.4559 -15
3817400 -15.5364 -15
3817500 -15.3533 -15
3817600 -15.3003 -15
3817700 -15.1754 -15
3817800 -14.6435 -15
3817900 -14.3215 -15
3818000 -14.3664 -15
3818100 -14.6104 -15
3818200 -14.6345 -15
3818300 -14.2324 -15
3818400 -14.5903 -15
3818500 -14.7948 -15
3818600 -14.8732 -15
3818700 -15.0719 -15
3818800 -14.8097 -15
3818900 -14.4713 -15
3819000 -14.5572 -15
3819100 -15.1645 -15
3819200 -15.3131 -15
3819300 -15.3716 -15
3819400 -15.2906 -15
3819500 -15.2219 -15
3819600 -15.3601 -15
3819700 -15.3486 -15
3819800 -15.0343 -15
3819900 -15.1284 -15
3820000 -15.2409 -15
3820100 -14.8563 -15
3820200 -14.6216 -15
3820300 -14.6891 -15
3820400 -14.7834 -15
3820500 -14.7809 -15
3820600 -14.5435 -15
3820700 -14.6013 -15
3820800 -14.7418 -15
3820900 -14.9685 -15
3821000 -15.1819 -15
3821100 -15.2895 -15
3821200 -15.2916 -15
3821300 -15.3626 -15
3821400 -15.1913 -15
3821500 -14.8193 -15
3821600 -14.5704 -15
3821700 -14.3087 -15
3821800 -14.1573 -15
3821900 -14.7013 -15
3822000 -14.6855 -15
3822100 -14.6014 -15
3822200 -14.6136 -15
3822300 -14.6069 -15
3822400 -15.0353 -15
3822500 -15.4171 -15
3822600 -15.5322 -15
3822700 -15.3847 -15
3822800 -15.2727 -15
3822900 -15.0686 -15
3823000 -15.0505 -15
3823100 -14.9031 -15
3823200 -14.739 -15
3823300 -14.6591 -15
3823400 -14.5592 -15
3823500 -14.4897 -15
3823600 -14.4045 -15
3823700 -14.7864 -15
3823800 -15.0348 -15
3823900 -15.0582 -15
3824000 -15.1476 -15
3824100 -15.1788 -15
3824200 -15.102 -15
3824300 -14.9205 -15
3824400 -14.9773 -15
3824500 -14.8393 -15
3824600 -14.7856 -15
3824700 -14.8469 -15
3824800 -15.1751 -15
3824900 -15.0905 -15
3825000 -14.7616 -15
3825100 -14.9018 -15
3825200 -14.9433 -15
3825300 -14.78 -15
3825400 -14.5991 -15
3825500 -14.4801 -15
3825600 -14.8071 -15
3825700 -15.1476 -15
3825800 -15.4811 -15
3825900 -15.3616 -15
3826000 -15.1164 -15
3826100 -14.8656 -15
3826200 -14.9679 -15
3826300 -14.9121 -15
3826400 -14.8783 -15
3826500 -14.9989 -15
3826600 -15.0983 -15
3826700 -15.018 -15
3826800 -14.8032 -15
3826900 -14.6504 -15
3827000 -14.4671 -15
3827100 -14.2586 -15
3827200 -14.1162 -15
3827300 -14.2351 -15
3827400 -14.3778 -15
3827500 -14.3908 -15
3827600 -14.1335 -15
3827700 -14.5422 -15
3827800 -14.777 -15
3827900 -14.7827 -15
3828000 -14.788 -15
3828100 -14.7868 -15
3828200 -15.1446 -15
3828300 -15.5269 -15
3828400 -15.522 -15
3828500 -15.5653 -15
3828600 -15.5101 -15
3828700 -15.8099 -15
3828800 -15.38 -15
3828900 -15.1909 -15
3829000 -15.0946 -15
3829100 -15.1393 -15
3829200 -15.3707 -15
3829300 -15.4754 -15
3829400 -15.5902 -15
3829500 -15.6503 -15
3829600 -15.5133 -15
3829700 -15.2878 -15
3829800 -15.163 -15
3829900 -15.2432 -15
3830000 -15.1576 -15
3830100 -15.0812 -15
3830200 -14.6082 -15
3830300 -14.3583 -15
3830400 -14.5567 -15
3830500 -14.4176 -15
3830600 -14.1738 -15
3830700 -14.4682 -15
3830800 -14.8153 -15
3830900 -15.2734 -15
3831000 -15.4858 -15
3831100 -15.6117 -15
3831200 -15.6333 -15
3831300 -15.509 -15
3831400 -15.2066 -15
3831500 -15.0838 -15
3831600 -15.3281 -15
3831700 -15.1951 -15
3831800 -15.1274 -15
3831900 -15.1873 -15
3832000 -14.9577 -15
3832100 -15.0433 -15
3832200 -15.3126 -15
3832300 -15.6267 -15
3832400 -15.5848 -15
3832500 -15.3256 -15
3832600 -15.124 -15
3832700 -15.1324 -15
3832800 -15.2685 -15
3832900 -15.0977 -15
3833000 -14.7034 -15
3833100 -14.9033 -15
3833200 -15.2733 -15
3833300 -15.3344 -15
3833400 -15.1031 -15
3833500 -14.6938 -15
3833600 -14.1278 -15
3833700 -14.1086 -15
3833800 -14.6138 -15
3833900 -15.1981 -15
3834000 -15.6185 -15
3834100 -15.933 -15
3834200 -15.879 -15
3834300 -15.6008 -15
3834400 -15.0581 -15
3834500 -14.9599 -15
3834600 -15.397 -15
3834700 -15.5523 -15
3834800 -15.4008 -15
3834900 -15.3541 -15
3835000 -15.2027 -15
3835100 -15.1101 -15
3835200 -15.2067 -15
3835300 -15.1146 -15
3835400 -14.9553 -15
3835500 -15.1105 -15
3835600 -14.9802 -15
3835700 -14.7778 -15
3835800 -14.3565 -15
3835900 -14.5091 -15
3836000 -14.7009 -15
3836100 -14.6865 -15
3836200 -14.7792 -15
3836300 -14.6072 -15
3836400 -14.5757 -15
3836500 -14.5717 -15
3836600 -14.3895 -15
3836700 -14.5031 -15
3836800 -14.8601 -15
3836900 -14.7084 -15
3837000 -14.4365 -15
3837100 -14.3165 -15
3837200 -14.1193 -15
3837300 -14.2013 -15
3837400 -14.4069 -15
3837500 -14.5391 -15
3837600 -14.5492 -15
3837700 -14.6897 -15
3837800 -15.0111 -15
3837900 -15.1242 -15
3838000 -15.3049 -15
3838100 -15.441 -15
3838200 -15.2968 -15
3838300 -14.9658 -15
3838400 -14.6862 -15
3838500 -14.3631 -15
3838600 -14.4209 -15
3838700 -14.5469 -15
3838800 -14.7968 -15
3838900 -14.7889 -15
3839000 -14.9232 -15
3839100 -15.4434 -15
3839200 -15.1385 -15
3839300 -14.9242 -15
3839400 -14.8757 -15
3839500 -15.1113 -15
3839600 -14.921 -15
3839700 -14.7332 -15
3839800 -14.742 -15
3839900 -14.5296 -15
3840000 -14.4578 -15
3840100 -14.7711 -15
3840200 -14.838 -15
3840300 -14.5262 -15
3840400 -14.4764 -15
3840500 -14.5369 -15
3840600 -14.6021 -15
3840700 -14.5936 -15
3840800 -14.6003 -15
3840900 -14.703 -15
3841000 -14.7979 -15
3841100 -14.8913 -15
3841200 -14.9996 -15
3841300 -14.8091 -15
3841400 -14.7327 -15
3841500 -14.9445 -15
3841600 -14.9773 -15
3841700 -15.0597 -15
3841800 -15.0046 -15
3841900 -14.6291 -15
3842000 -14.5476 -15
3842100 -14.5742 -15
3842200 -14.4852 -15
3842300 -14.465 -15
3842400 -14.6651 -15
3842500 -15.1672 -15
3842600 -15.4472 -15
3842700 -15.2616 -15
3842800 -15.1569 -15
3842900 -14.9016 -15
3843000 -15.0285 -15
3843100 -15.1243 -15
3843200 -15.0102 -15
3843300 -15.1964 -15
3843400 -15.6976 -15
3843500 -15.8233 -15
3843600 -15.688 -15
3843700 -15.6653 -15
3843800 -15.6809 -15
3843900 -15.345 -15
3844000 -15.0696 -15
3844100 -15.0523 -15
3844200 -14.8074 -15
3844300 -14.7696 -15
3844400 -14.7367 -15
3844500 -14.7256 -15
3844600 -14.5903 -15
3844700 -14.6667 -15
3844800 -14.8041 -15
3844900 -14.9359 -15
3845000 -15.069 -15
3845100 -15.0547 -15
3845200 -15.0292 -15
3845300 -14.8983 -15
3845400 -15.0951 -15
3845500 -15.3187 -15
3845600 -15.291 -15
3845700 -15.0609 -15
3845800 -14.6569 -15
3845900 -14.3394 -15
3846000 -14.4901 -15
3846100 -14.3923 -15
3846200 -14.6406 -15
3846300 -14.4604 -15
3846400 -14.1559 -15
3846500 -13.8386 -15
3846600 -13.9391 -15
3846700 -14.2446 -15
3846800 -14.3828 -15
3846900 -14.2915 -15
3847000 -14.558 -15
3847100 -14.4317 -15
3847200 -14.6384 -15
3847300 -14.7706 -15
3847400 -15.0204 -15
3847500 -15.2029 -15
3847600 -15.4036 -15
3847700 -15.5165 -15
3847800 -15.4542 -15
3847900 -15.6822 -15
3848000 -15.5877 -15
3848100 -15.4642 -15
3848200 -15.3992 -15
3848300 -15.4029 -15
3848400 -15.2935 -15
3848500 -15.1249 -15
3848600 -15.1686 -15
3848700 -15.1 -15
3848800 -14.8714 -15
3848900 -14.7016 -15
3849000 -14.7389 -15
3849100 -14.6148 -15
3849200 -14.8296 -15
3849300 -14.9943 -15
3849400 -15.3249 -15
3849500 -15.3204 -15
3849600 -15.2313 -15
3849700 -14.8489 -15
3849800 -14.3479 -15
3849900 -14.5212 -15
3850000 -14.9735 -15
3850100 -15.3102 -15
3850200 -15.4751 -15
3850300 -15.6011 -15
3850400 -15.5961 -15
3850500 -15.5278 -15
3850600 -15.5522 -15
3850700 -15.4439 -15
3850800 -15.2093 -15
3850900 -15.0945 -15
3851000 -15.2054 -15
3851100 -15.3912 -15
3851200 -15.1852 -15
3851300 -15.2 -15
3851400 -15.4183 -15
3851500 -15.3298 -15
3851600 -15.1227 -15
3851700 -15.0136 -15
3851800 -14.8543 -15
3851900 -14.808 -15
3852000 -14.4798 -15
3852100 -14.3315 -15
3852200 -14.4086 -15
3852300 -14.6141 -15
3852400 -14.529 -15
3852500 -14.7644 -15
3852600 -14.9097 -15
3852700 -15.1221 -15
3852800 -15.3279 -15
3852900 -15.3524 -15
3853000 -15.2884 -15
3853100 -15.4788 -15
3853200 -15.6025 -15
3853300 -15.2996 -15
3853400 -15.2257 -15
3853500 -15.639 -15
3853600 -15.9805 -15
3853700 -15.9947 -15
3853800 -15.3994 -15
3853900 -14.891 -15
3854000 -14.7558 -15
3854100 -14.2216 -15
3854200 -14.1492 -15
3854300 -14.2058 -15
3854400 -14.6239 -15
3854500 -14.6511 -15
3854600 -14.6926 -15
3854700 -14.6101 -15
3854800 -14.5231 -15
3854900 -14.5336 -15
3855000 -14.3692 -15
3855100 -14.6268 -15
3855200 -14.6082 -15
3855300 -14.6346 -15
3855400 -14.7162 -15
3855500 -14.583 -15
3855600 -14.9106 -15
3855700 -15.2547 -15
3855800 -15.1431 -15
3855900 -15.0476 -15
3856000 -14.6658 -15
3856100 -14.5244 -15
3856200 -14.5415 -15
3856300 -14.5818 -15
3856400 -14.503 -15
3856500 -14.5499 -15
3856600 -14.604 -15
3856700 -14.9439 -15
3856800 -14.9647 -15
3856900 -14.9914 -15
3857000 -14.9811 -15
3857100 -14.9406 -15
3857200 -14.9491 -15
3857300 -14.7274 -15
3857400 -14.5024 -15
3857500 -14.5793 -15
3857600 -14.5835 -15
3857700 -14.6535 -15
3857800 -14.5699 -15
3857900 -14.9728 -15
3858000 -15.1844 -15
3858100 -15.1782 -15
3858200 -15.0031 -15
3858300 -14.6279 -15
3858400 -14.7259 -15
3858500 -14.9143 -15
3858600 -15.1241 -15
3858700 -15.095 -15
3858800 -15.4003 -15
3858900 -15.5502 -15
3859000 -15.6488 -15
3859100 -15.5253 -15
3859200 -15.3463 -15
3859300 -14.9057 -15
3859400 -14.7383 -15
3859500 -14.9158 -15
3859600 -14.4088 -15
3859700 -14.3448 -15
3859800 -14.537 -15
3859900 -14.5291 -15
3860000 -14.8589 -15
3860100 -14.8369 -15
3860200 -15.0302 -15
3860300 -15.2382 -15
3860400 -15.4906 -15
3860500 -15.3731 -15
3860600 -14.9536 -15
3860700 -14.6462 -15
3860800 -14.6526 -15
3860900 -14.9454 -15
3861000 -15.2047 -15
3861100 -15.4086 -15
3861200 -15.2995 -15
3861300 -15.0208 -15
3861400 -14.74 -15
3861500 -14.493 -15
3861600 -14.3173 -15
3861700 -14.0616 -15
3861800 -14.1299 -15
3861900 -14.1231 -15
3862000 -14.4218 -15
3862100 -14.4178 -15
3862200 -14.1214 -15
3862300 -14.1747 -15
3862400 -14.3486 -15
3862500 -14.7692 -15
3862600 -15.0584 -15
3862700 -15.2992 -15
3862800 -15.8357 -15
3862900 -15.9806 -15
3863000 -15.7056 -15
3863100 -15.5303 -15
3863200 -15.4071 -15
3863300 -15.4668 -15
3863400 -15.7266 -15
3863500 -15.8585 -15
3863600 -15.5858 -15
3863700 -15.5902 -15
3863800 -15.3625 -15
3863900 -15.1003 -15
3864000 -15.1002 -15
3864100 -14.9144 -15
3864200 -14.7955 -15
3864300 -15.339 -15
3864400 -15.9175 -15
3864500 -15.6991 -15
3864600 -15.6276 -15
3864700 -15.5685 -15
3864800 -15.5231 -15
3864900 -15.6785 -15
3865000 -15.6799 -15
3865100 -15.5964 -15
3865200 -15.7023 -15
3865300 -15.4937 -15
3865400 -15.4322 -15
3865500 -15.5609 -15
3865600 -15.3242 -15
3865700 -14.9107 -15
3865800 -15.11 -15
3865900 -15.1805 -15
3866000 -15.1131 -15
3866100 -15.0848 -15
3866200 -14.9374 -15
3866300 -14.8795 -15
3866400 -14.3607 -15
3866500 -14.1851 -15
3866600 -14.3311 -15
3866700 -14.5374 -15
3866800 -14.7262 -15
3866900 -15.002 -15
3867000 -15.0939 -15
3867100 -15.1138 -15
3867200 -15.5558 -15
3867300 -15.7114 -15
3867400 -15.4613 -15
3867500 -15.4077 -15
3867600 -15.3904 -15
3867700 -15.3252 -15
3867800 -15.5949 -15
3867900 -15.8135 -15
3868000 -15.8784 -15
3868100 -15.3911 -15
3868200 -15.2673 -15
3868300 -15.2364 -15
3868400 -15.3482 -15
3868500 -15.1255 -15
3868600 -15.0888 -15
3868700 -15.1589 -15
3868800 -15.0199 -15
3868900 -14.8604 -15
3869000 -14.8834 -15
3869100 -14.7704 -15
3869200 -14.5033 -15
3869300 -14.2117 -15
3869400 -14.1807 -15
3869500 -14.2111 -15
3869600 -14.3802 -15
3869700 -14.8446 -15
3869800 -14.8258 -15
3869900 -14.8911 -15
3870000 -14.9284 -15
3870100 -15.198 -15
3870200 -15.2362 -15
3870300 -15.2773 -15
3870400 -15.339 -15
3870500 -15.2215 -15
3870600 -14.8986 -15
3870700 -15.1855 -15
3870800 -15.1227 -15
3870900 -14.8305 -15
3871000 -14.8676 -15
3871100 -14.9007 -15
3871200 -15.1887 -15
3871300 -15.4274 -15
3871400 -15.5755 -15
3871500 -15.6918 -15
3871600 -15.7315 -15
3871700 -15.8229 -15
3871800 -15.8035 -15
3871900 -15.6429 -15
3872000 -15.3961 -15
3872100 -15.3321 -15
3872200 -15.3861 -15
3872300 -15.2744 -15
3872400 -15.0194 -15
3872500 -15.0312 -15
3872600 -14.9587 -15
3872700 -14.9312 -15
3872800 -14.7894 -15
3872900 -14.8023 -15
3873000 -14.645 -15
3873100 -14.3994 -15
3873200 -14.4308 -15
3873300 -14.9378 -15
3873400 -15.1128 -15
3873500 -15.1074 -15
3873600 -15.0664 -15
3873700 -15.1159 -15
3873800 -15.2333 -15
3873900 -15.1944 -15
3874000 -14.8074 -15
3874100 -14.6032 -15
3874200 -14.5878 -15
3874300 -14.66 -15
3874400 -14.7519 -15
3874500 -14.8759 -15
3874600 -14.8208 -15
3874700 -14.6026 -15
3874800 -14.369 -15
3874900 -14.4689 -15
3875000 -14.5231 -15
3875100 -14.4065 -15
3875200 -14.4867 -15
3875300 -14.8574 -15
3875400 -14.9255 -15
3875500 -15.143 -15
3875600 -15.2148 -15
3875700 -15.1233 -15
3875800 -15.2452 -15
3875900 -15.2738 -15
3876000 -15.4438 -15
3876100 -15.5584 -15
3876200 -15.2892 -15
3876300 -15.2139 -15
3876400 -15.0677 -15
3876500 -14.6894 -15
3876600 -14.5003 -15
3876700 -14.6897 -15
3876800 -14.8333 -15
3876900 -14.939 -15
3877000 -14.9829 -15
3877100 -15.0884 -15
3877200 -14.9152 -15
3877300 -14.8286 -15
3877400 -14.8137 -15
3877500 -15.2167 -15
3877600 -15.3138 -15
3877700 -15.4279 -15
3877800 -15.6745 -15
3877900 -15.5958 -15
3878000 -15.085 -15
3878100 -15.2321 -15
3878200 -15.1044 -15
3878300 -14.9944 -15
3878400 -14.8987 -15
3878500 -14.7526 -15
3878600 -14.748 -15
3878700 -15.0681 -15
3878800 -15.3864 -15
3878900 -15.4621 -15
3879000 -15.2411 -15
3879100 -15.115 -15
3879200 -15.1093 -15
3879300 -15.2145 -15
3879400 -15.1689 -15
3879500 -15.1668 -15
3879600 -14.904 -15
3879700 -15.0172 -15
3879800 -15.4152 -15
3879900 -15.3973 -15
3880000 -15.1116 -15
3880100 -14.9022 -15
3880200 -14.6731 -15
3880300 -14.6612 -15
3880400 -14.5413 -15
3880500 -14.6034 -15
3880600 -14.6898 -15
3880700 -14.9336 -15
3880800 -14.9483 -15
3880900 -15.1032 -15
3881000 -15.3052 -15
3881100 -15.3349 -15
3881200 -15.5295 -15
3881300 -15.3356 -15
3881400 -15.2577 -15
3881500 -15.0813 -15
3881600 -15.1603 -15
3881700 -15.2307 -15
3881800 -15.1389 -15
3881900 -14.6956 -15
3882000 -14.6113 -15
3882100 -14.552 -15
3882200 -14.3017 -15
3882300 -14.0318 -15
3882400 -13.9651 -15
3882500 -13.8147 -15
3882600 -14.0258 -15
3882700 -14.4379 -15
3882800 -14.7472 -15
3882900 -15.0433 -15
3883000 -15.2002 -15
3883100 -15.0938 -15
3883200 -15.1728 -15
3883300 -15.2125 -15
3883400 -15.42 -15
3883500 -15.7771 -15
3883600 -15.9144 -15
3883700 -16.1495 -15
3883800 -15.866 -15
3883900 -15.4807 -15
3884000 -15.1338 -15
3884100 -14.9636 -15
3884200 -14.9759 -15
3884300 -15.0523 -15
3884400 -15.2914 -15
3884500 -15.2421 -15
3884600 -15.1697 -15
3884700 -15.2641 -15
3884800 -15.0315 -15
3884900 -15.052 -15
3885000 -15.063 -15
3885100 -14.7495 -15
3885200 -14.522 -15
3885300 -14.8749 -15
3885400 -15.012 -15
3885500 -14.8644 -15
3885600 -14.8927 -15
3885700 -15.126 -15
3885800 -15.2117 -15
3885900 -15.4187 -15
3886000 -15.4961 -15
3886100 -15.4089 -15
3886200 -15.1553 -15
3886300 -14.8766 -15
3886400 -14.9042 -15
3886500 -14.7596 -15
3886600 -14.6847 -15
3886700 -14.8051 -15
3886800 -14.7731 -15
3886900 -14.83 -15
3887000 -15.2754 -15
3887100 -15.3179 -15
3887200 -15.3884 -15
3887300 -15.5733 -15
3887400 -15.6098 -15
3887500 -15.2546 -15
3887600 -15.2298 -15
3887700 -15.0749 -15
3887800 -15.2463 -15
3887900 -15.0148 -15
3888000 -14.852 -15
3888100 -14.7244 -15
3888200 -14.5061 -15
3888300 -14.6424 -15
3888400 -14.8798 -15
3888500 -14.8609 -15
3888600 -14.7667 -15
3888700 -14.4273 -15
3888800 -14.2564 -15
3888900 -14.4825 -15
3889000 -14.6748 -15
3889100 -14.7367 -15
3889200 -14.957 -15
3889300 -15.0205 -15
3889400 -15.0314 -15
3889500 -14.9508 -15
3889600 -14.9099 -15
3889700 -15.0395 -15
3889800 -14.9276 -15
3889900 -14.6406 -15
3890000 -14.658 -15
3890100 -14.6317 -15
3890200 -14.7026 -15
3890300 -14.6405 -15
3890400 -14.7136 -15
3890500 -15.0095 -15
3890600 -14.7575 -15
3890700 -14.6686 -15
3890800 -14.9016 -15
3890900 -15.2788 -15
3891000 -15.1521 -15
3891100 -14.7028 -15
3891200 -14.8954 -15
3891300 -15.0815 -15
3891400 -14.6507 -15
3891500 -14.1738 -15
3891600 -14.147 -15
3891700 -14.3549 -15
3891800 -14.4863 -15
3891900 -14.788 -15
3892000 -15.0893 -15
3892100 -15.138 -15
3892200 -15.0046 -15
3892300 -14.7219 -15
3892400 -14.6908 -15
3892500 -14.8679 -15
3892600 -15.1239 -15
3892700 -15.1845 -15
3892800 -15.5977 -15
3892900 -15.5756 -15
3893000 -15.4274 -15
3893100 -15.2973 -15
3893200 -15.2982 -15
3893300 -15.2635 -15
3893400 -15.3468 -15
3893500 -15.2115 -15
3893600 -15.4766 -15
3893700 -15.5128 -15
3893800 -15.6883 -15
3893900 -15.7561 -15
3894000 -15.7968 -15
3894100 -15.7833 -15
3894200 -15.5549 -15
3894300 -15.2866 -15
3894400 -15.0476 -15
3894500 -15.0496 -15
3894600 -14.8472 -15
3894700 -14.8291 -15
3894800 -14.8966 -15
3894900 -14.9325 -15
3895000 -14.8558 -15
3895100 -15.1287 -15
3895200 -15.1406 -15
3895300 -15.0698 -15
3895400 -14.815 -15
3895500 -14.6087 -15
3895600 -14.6818 -15
3895700 -14.6922 -15
3895800 -14.9016 -15
3895900 -14.9768 -15
3896000 -15.0072 -15
3896100 -14.924 -15
3896200 -14.6577 -15
3896300 -14.3815 -15
3896400 -14.4832 -15
3896500 -14.6495 -15
3896600 -14.9468 -15
3896700 -14.8412 -15
3896800 -15.0023 -15
3896900 -14.9281 -15
3897000 -15.0715 -15
3897100 -15.4206 -15
3897200 -15.4369 -15
3897300 -15.4568 -15
3897400 -15.7516 -15
3897500 -16.0065 -15
3897600 -15.9999 -15
3897700 -15.7644 -15
3897800 -15.5884 -15
3897900 -15.006 -15
3898000 -14.7523 -15
3898100 -14.882 -15
3898200 -15.1234 -15
3898300 -14.9627 -15
3898400 -14.79 -15
3898500 -14.7668 -15
3898600 -14.8972 -15
3898700 -14.9422 -15
3898800 -14.977 -15
3898900 -15.0808 -15
3899000 -14.8087 -15
3899100 -14.5347 -15
3899200 -14.7334 -15
3899300 -14.8319 -15
3899400 -14.6999 -15
3899500 -14.5599 -15
3899600 -14.4641 -15
3899700 -14.2508 -15
3899800 -14.3073 -15
3899900 -14.4421 -15
3900000 -14.6269 -15
3900100 -14.8954 -15
3900200 -14.9055 -15
3900300 -14.7737 -15
3900400 -14.9296 -15
3900500 -15.1001 -15
3900600 -14.9182 -15
3900700 -14.9796 -15
3900800 -14.9716 -15
3900900 -14.6679 -15
3901000 -14.559 -15
3901100 -14.7916 -15
3901200 -15.0446 -15
3901300 -14.9958 -15
3901400 -14.8686 -15
3901500 -14.7675 -15
3901600 -14.8819 -15
3901700 -14.8622 -15
3901800 -14.6357 -15
3901900 -14.4696 -15
3902000 -14.2866 -15
3902100 -14.5188 -15
3902200 -15.2703 -15
3902300 -15.6244 -15
3902400 -15.2673 -15
3902500 -14.9186 -15
3902600 -14.9239 -15
3902700 -15.1175 -15
3902800 -15.2808 -15
3902900 -15.3817 -15
3903000 -15.1048 -15
3903100 -14.7342 -15
3903200 -14.5101 -15
3903300 -14.4489 -15
3903400 -14.4629 -15
3903500 -14.7583 -15
3903600 -14.86 -15
3903700 -15.2147 -15
3903800 -15.3628 -15
3903900 -15.0722 -15
3904000 -15.0831 -15
3904100 -15.2958 -15
3904200 -15.2485 -15
3904300 -15.3884 -15
3904400 -15.3406 -15
3904500 -14.964 -15
3904600 -14.8869 -15
3904700 -15.0386 -15
3904800 -15.2296 -15
3904900 -15.3135 -15
3905000 -15.0989 -15
3905100 -14.6003 -15
3905200 -14.4058 -15
3905300 -14.4832 -15
3905400 -14.5836 -15
3905500 -14.6313 -15
3905600 -14.7055 -15
3905700 -14.874 -15
3905800 -14.9358 -15
3905900 -15.1465 -15
3906000 -15.4281 -15
3906100 -15.1969 -15
3906200 -15.1401 -15
3906300 -14.9862 -15
3906400 -15.0012 -15
3906500 -15.3728 -15
3906600 -15.1606 -15
3906700 -15.0619 -15
3906800 -15.2756 -15
3906900 -15.4318 -15
3907000 -15.4575 -15
3907100 -15.564 -15
3907200 -15.213 -15
3907300 -15.2249 -15
3907400 -15.1256 -15
3907500 -14.7208 -15
3907600 -14.6642 -15
3907700 -14.7378 -15
3907800 -14.7447 -15
3907900 -14.9393 -15
3908000 -14.9878 -15
3908100 -14.9503 -15
3908200 -14.8312 -15
3908300 -14.797 -15
3908400 -14.7286 -15
3908500 -14.9003 -15
3908600 -14.8632 -15
3908700 -14.7617 -15
3908800 -14.9752 -15
3908900 -14.9614 -15
3909000 -15.2755 -15
3909100 -15.6063 -15
3909200 -15.8303 -15
3909300 -15.5779 -15
3909400 -15.2811 -15
3909500 -15.0972 -15
3909600 -15.1093 -15
3909700 -15.1165 -15
3909800 -15.0285 -15
3909900 -15.0796 -15
3910000 -14.9006 -15
3910100 -14.5242 -15
3910200 -14.5021 -15
3910300 -14.8976 -15
3910400 -15.0072 -15
3910500 -15.0359 -15
3910600 -15.0601 -15
3910700 -15.1153 -15
3910800 -14.7704 -15
3910900 -14.4712 -15
3911000 -14.5744 -15
3911100 -14.6985 -15
3911200 -14.9281 -15
3911300 -15.198 -15
3911400 -15.4923 -15
3911500 -15.5694 -15
3911600 -15.2596 -15
3911700 -15.2308 -15
3911800 -15.2961 -15
3911900 -15.3816 -15
3912000 -15.1787 -15
3912100 -15.3249 -15
3912200 -15.2906 -15
3912300 -15.3833 -15
3912400 -15.516 -15
3912500 -15.294 -15
3912600 -15.0067 -15
3912700 -14.8224 -15
3912800 -14.8894 -15
3912900 -15.0659 -15
3913000 -14.9706 -15
3913100 -14.9508 -15
3913200 -15.1601 -15
3913300 -15.1115 -15
3913400 -15.4414 -15
3913500 -15.6374 -15
3913600 -15.5032 -15
3913700 -15.3418 -15
3913800 -15.1741 -15
3913900 -15.1181 -15
3914000 -14.8851 -15
3914100 -14.527 -15
3914200 -14.7577 -15
3914300 -14.7274 -15
3914400 -14.6993 -15
3914500 -14.7956 -15
3914600 -14.9012 -15
3914700 -14.9405 -15
3914800 -14.8404 -15
3914900 -14.6922 -15
3915000 -14.584 -15
3915100 -14.8266 -15
3915200 -15.1736 -15
3915300 -15.4453 -15
3915400 -15.3453 -15
3915500 -15.1494 -15
3915600 -14.9928 -15
3915700 -14.8603 -15
3915800 -14.7908 -15
3915900 -14.9564 -15
3916000 -15.1911 -15
3916100 -15.277 -15
3916200 -15.184 -15
3916300 -15.361 -15
3916400 -15.2834 -15
3916500 -14.8148 -15
3916600 -14.5489 -15
3916700 -14.7645 -15
3916800 -14.92 -15
3916900 -15.1453 -15
3917000 -14.9461 -15
3917100 -14.8767 -15
3917200 -14.9525 -15
3917300 -14.8461 -15
3917400 -15.0461 -15
3917500 -15.1884 -15
3917600 -15.0677 -15
3917700 -15.1516 -15
3917800 -15.0877 -15
3917900 -14.9391 -15
3918000 -15.4945 -15
3918100 -15.7938 -15
3918200 -15.5638 -15
3918300 -15.2745 -15
3918400 -14.9959 -15
3918500 -15.0148 -15
3918600 -14.6965 -15
3918700 -14.1745 -15
3918800 -14.082 -15
3918900 -14.1755 -15
3919000 -14.651 -15
3919100 -14.8003 -15
3919200 -14.9688 -15
3919300 -15.1667 -15
3919400 -15.1049 -15
3919500 -15.2923 -15
3919600 -15.4172 -15
3919700 -14.9333 -15
3919800 -14.8896 -15
3919900 -14.8848 -15
3920000 -15.0129 -15
3920100 -15.1571 -15
3920200 -15.3319 -15
3920300 -15.3493 -15
3920400 -15.2103 -15
3920500 -15.2373 -15
3920600 -15.1934 -15
3920700 -15.1104 -15
3920800 -15.4531 -15
3920900 -15.5401 -15
3921000 -15.4329 -15
3921100 -15.1443 -15
3921200 -15.1266 -15
3921300 -15.3716 -15
3921400 -15.5386 -15
3921500 -15.5264 -15
3921600 -15.2119 -15
3921700 -15.2265 -15
3921800 -15.3338 -15
3921900 -15.1978 -15
3922000 -15.4269 -15
3922100 -15.5944 -15
3922200 -15.3981 -15
3922300 -15.3234 -15
3922400 -15.1129 -15
3922500 -14.7518 -15
3922600 -14.4644 -15
3922700 -14.077 -15
3922800 -13.9173 -15
3922900 -14.3375 -15
3923000 -14.7655 -15
3923100 -14.6063 -15
3923200 -14.5068 -15
3923300 -14.5636 -15
3923400 -14.6082 -15
3923500 -14.8863 -15
3923600 -14.8181 -15
3923700 -15.1156 -15
3923800 -15.6365 -15
3923900 -15.8043 -15
3924000 -15.4573 -15
3924100 -15.0943 -15
3924200 -14.8523 -15
3924300 -14.8419 -15
3924400 -14.635 -15
3924500 -14.8806 -15
3924600 -14.8157 -15
3924700 -14.7608 -15
3924800 -15.0801 -15
3924900 -14.9731 -15
3925000 -14.9201 -15
3925100 -15.1313 -15
3925200 -15.3401 -15
3925300 -15.3671 -15
3925400 -15.507 -15
3925500 -15.6144 -15
3925600 -15.3779 -15
3925700 -15.0114 -15
3925800 -14.9437 -15
3925900 -15.1886 -15
3926000 -15.247 -15
3926100 -15.0003 -15
3926200 -15.0539 -15
3926300 -15.257 -15
3926400 -15.3823 -15
3926500 -15.5438 -15
3926600 -15.4797 -15
3926700 -15.4832 -15
3926800 -15.3653 -15
3926900 -15.2458 -15
3927000 -15.1749 -15
3927100 -15.3907 -15
3927200 -15.5424 -15
3927300 -15.4548 -15
3927400 -15.1536 -15
3927500 -15.0284 -15
3927600 -15.2059 -15
3927700 -15.2651 -15
3927800 -15.0762 -15
3927900 -15.0122 -15
3928000 -15.1213 -15
3928100 -15.4076 -15
3928200 -15.715 -15
3928300 -15.6554 -15
3928400 -15.6636 -15
3928500 -15.816 -15
3928600 -15.5038 -15
3928700 -15.1353 -15
3928800 -15.0111 -15
3928900 -15.3362 -15
3929000 -15.6809 -15
3929100 -15.4905 -15
3929200 -15.3893 -15
3929300 -15.1709 -15
3929400 -15.0116 -15
3929500 -14.8597 -15
3929600 -14.8906 -15
3929700 -15.0351 -15
3929800 -15.258 -15
3929900 -15.3341 -15
3930000 -15.3233 -15
3930100 -14.8973 -15
3930200 -14.3531 -15
3930300 -14.2144 -15
3930400 -14.4805 -15
3930500 -14.556 -15
3930600 -14.226 -15
3930700 -14.2722 -15
3930800 -14.6473 -15
3930900 -15.1672 -15
3931000 -15.4047 -15
3931100 -15.3676 -15
3931200 -14.9491 -15
3931300 -15.0093 -15
3931400 -14.8209 -15
3931500 -14.5447 -15
3931600 -14.3751 -15
3931700 -14.2642 -15
3931800 -14.5514 -15
3931900 -14.7184 -15
3932000 -14.6963 -15
3932100 -14.7326 -15
3932200 -14.7671 -15
3932300 -14.8117 -15
3932400 -14.9068 -15
3932500 -14.9855 -15
3932600 -15.0019 -15
3932700 -14.9802 -15
3932800 -14.8245 -15
3932900 -15.1477 -15
3933000 -15.1721 -15
3933100 -14.8318 -15
3933200 -14.4353 -15
3933300 -14.4165 -15
3933400 -14.6064 -15
3933500 -14.6197 -15
3933600 -15.0049 -15
3933700 -15.1074 -15
3933800 -15.0976 -15
3933900 -15.2293 -15
3934000 -15.0232 -15
3934100 -14.9995 -15
3934200 -15.0411 -15
3934300 -14.9177 -15
3934400 -14.8962 -15
3934500 -14.8527 -15
3934600 -15.0655 -15
3934700 -15.4272 -15
3934800 -15.4698 -15
3934900 -15.7054 -15
3935000 -15.648 -15
3935100 -15.4401 -15
3935200 -15.2292 -15
3935300 -14.8254 -15
3935400 -14.7006 -15
3935500 -14.9754 -15
3935600 -15.2696 -15
3935700 -15.419 -15
3935800 -15.1914 -15
3935900 -14.843 -15
3936000 -14.8023 -15
3936100 -14.6855 -15
3936200 -14.602 -15
3936300 -14.9286 -15
3936400 -15.0954 -15
3936500 -14.9811 -15
3936600 -14.9699 -15
3936700 -15.3456 -15
3936800 -15.3044 -15
3936900 -15.07 -15
3937000 -14.8459 -15
3937100 -14.6935 -15
3937200 -14.2111 -15
3937300 -14.2935 -15
3937400 -14.3336 -15
3937500 -13.9928 -15
3937600 -14.0431 -15
3937700 -14.201 -15
3937800 -14.469 -15
3937900 -14.912 -15
3938000 -14.7482 -15
3938100 -14.6571 -15
3938200 -14.7292 -15
3938300 -14.9394 -15
3938400 -14.7609 -15
3938500 -14.7581 -15
3938600 -15.0275 -15
3938700 -15.2766 -15
3938800 -15.2759 -15
3938900 -14.9244 -15
3939000 -14.6082 -15
3939100 -14.5869 -15
3939200 -14.8103 -15
3939300 -15.1983 -15
3939400 -15.351 -15
3939500 -15.0285 -15
3939600 -14.5744 -15
3939700 -14.5728 -15
3939800 -14.8848 -15
3939900 -15.0976 -15
3940000 -14.9596 -15
3940100 -15.0802 -15
3940200 -15.4649 -15
3940300 -15.3553 -15
3940400 -15.2581 -15
3940500 -15.2702 -15
3940600 -15.2 -15
3940700 -14.9395 -15
3940800 -14.9476 -15
3940900 -15.1192 -15
3941000 -15.2174 -15
3941100 -15.122 -15
3941200 -15.3247 -15
3941300 -15.495 -15
3941400 -15.3185 -15
3941500 -14.8949 -15
3941600 -14.9379 -15
3941700 -14.9284 -15
3941800 -14.9655 -15
3941900 -15.3917 -15
3942000 -15.1762 -15
3942100 -15.0517 -15
3942200 -15.1386 -15
3942300 -15.2392 -15
3942400 -15.0313 -15
3942500 -14.7196 -15
3942600 -14.4082 -15
3942700 -14.5055 -15
3942800 -14.8066 -15
3942900 -15.0195 -15
3943000 -15.1964 -15
3943100 -15.1872 -15
3943200 -15.2631 -15
3943300 -15.3182 -15
3943400 -15.2629 -15
3943500 -15.2223 -15
3943600 -14.987 -15
3943700 -14.9417 -15
3943800 -14.9901 -15
3943900 -14.8679 -15
3944000 -14.9903 -15
3944100 -14.7843 -15
3944200 -14.6698 -15
3944300 -14.6738 -15
3944400 -14.7457 -15
3944500 -14.8498 -15
3944600 -14.9158 -15
3944700 -14.8121 -15
3944800 -14.9606 -15
3944900 -15.3537 -15
3945000 -15.5053 -15
3945100 -15.5224 -15
3945200 -15.2734 -15
3945300 -14.9356 -15
3945400 -14.8495 -15
3945500 -15.0026 -15
3945600 -15.2998 -15
3945700 -15.604 -15
3945800 -15.8703 -15
3945900 -15.7345 -15
3946000 -15.6766 -15
3946100 -15.5778 -15
3946200 -15.1318 -15
3946300 -15.2338 -15
3946400 -15.5368 -15
3946500 -15.5253 -15
3946600 -15.176 -15
3946700 -15.0556 -15
3946800 -15.1428 -15
3946900 -15.3976 -15
3947000 -15.4634 -15
3947100 -14.9289 -15
3947200 -14.9336 -15
3947300 -15.2773 -15
3947400 -15.4036 -15
3947500 -15.5971 -15
3947600 -15.5358 -15
3947700 -15.3745 -15
3947800 -14.913 -15
3947900 -14.4904 -15
3948000 -14.0886 -15
3948100 -14.1716 -15
3948200 -14.4805 -15
3948300 -14.4612 -15
3948400 -14.4366 -15
3948500 -14.5517 -15
3948600 -14.714 -15
3948700 -14.9147 -15
3948800 -14.9415 -15
3948900 -14.8966 -15
3949000 -14.8766 -15
3949100 -14.9951 -15
3949200 -15.2555 -15
3949300 -15.119 -15
3949400 -15.2238 -15
3949500 -15.3518 -15
3949600 -15.5529 -15
3949700 -15.4335 -15
3949800 -15.3756 -15
3949900 -15.2835 -15
3950000 -15.0739 -15
3950100 -15.229 -15
3950200 -15.1328 -15
3950300 -14.9336 -15
3950400 -14.804 -15
3950500 -14.8276 -15
3950600 -15.0064 -15
3950700 -15.4254 -15
3950800 -15.8607 -15
3950900 -15.8846 -15
3951000 -15.7193 -15
3951100 -15.6901 -15
3951200 -15.6817 -15
3951300 -15.2486 -15
3951400 -14.9192 -15
3951500 -14.7092 -15
3951600 -14.6264 -15
3951700 -14.844 -15
3951800 -15.2576 -15
3951900 -15.3118 -15
3952000 -15.1539 -15
3952100 -15.4297 -15
3952200 -15.6658 -15
3952300 -15.3762 -15
3952400 -15.0374 -15
3952500 -15.1344 -15
3952600 -15.2759 -15
3952700 -15.3411 -15
3952800 -15.35 -15
3952900 -15.125 -15
3953000 -14.9786 -15
3953100 -14.9515 -15
3953200 -14.8411 -15
3953300 -15.1656 -15
3953400 -15.1692 -15
3953500 -15.2581 -15
3953600 -15.0788 -15
3953700 -14.9259 -15
3953800 -14.8909 -15
3953900 -15.0884 -15
3954000 -14.948 -15
3954100 -14.8017 -15
3954200 -14.7657 -15
3954300 -14.6586 -15
3954400 -14.7974 -15
3954500 -15.1574 -15
3954600 -15.1138 -15
3954700 -14.9211 -15
3954800 -15.2466 -15
3954900 -14.9988 -15
3955000 -15.1165 -15
3955100 -14.8353 -15
3955200 -14.7316 -15
3955300 -14.7461 -15
3955400 -14.6715 -15
3955500 -14.6205 -15
3955600 -14.458 -15
3955700 -14.4307 -15
3955800 -14.712 -15
3955900 -15.2896 -15
3956000 -15.2315 -15
3956100 -14.9924 -15
3956200 -14.9837 -15
3956300 -15.0591 -15
3956400 -15.0836 -15
3956500 -15.5341 -15
3956600 -15.681 -15
3956700 -15.703 -15
3956800 -15.5886 -15
3956900 -15.5663 -15
3957000 -15.3284 -15
3957100 -15.2975 -15
3957200 -15.2857 -15
3957300 -15.5314 -15
3957400 -15.7894 -15
3957500 -15.6657 -15
3957600 -15.4143 -15
3957700 -15.4505 -15
3957800 -15.5262 -15
3957900 -15.4494 -15
3958000 -15.47 -15
3958100 -15.3717 -15
3958200 -15.5635 -15
3958300 -15.5312 -15
3958400 -15.5163 -15
3958500 -15.5346 -15
3958600 -15.0793 -15
3958700 -15.2391 -15
3958800 -15.3931 -15
3958900 -15.4071 -15
3959000 -15.251 -15
3959100 -15.4141 -15
3959200 -15.488 -15
3959300 -15.4211 -15
3959400 -15.0764 -15
3959500 -14.9385 -15
3959600 -14.9667 -15
3959700 -15.0335 -15
3959800 -14.6309 -15
3959900 -14.6154 -15
3960000 -14.6648 -15
3960100 -14.6452 -15
3960200 -14.7586 -15
3960300 -14.9531 -15
3960400 -14.9177 -15
3960500 -14.8559 -15
3960600 -14.8197 -15
3960700 -14.3171 -15
3960800 -14.522 -15
3960900 -14.5254 -15
3961000 -14.7255 -15
3961100 -15.0657 -15
3961200 -15.3165 -15
3961300 -15.3474 -15
3961400 -15.2161 -15
3961500 -15.3587 -15
3961600 -15.2721 -15
3961700 -15.0838 -15
3961800 -14.9712 -15
3961900 -15.0551 -15
3962000 -14.9892 -15
3962100 -14.882 -15
3962200 -14.7652 -15
3962300 -14.7834 -15
3962400 -14.4798 -15
3962500 -14.4033 -15
3962600 -14.8596 -15
3962700 -14.9926 -15
3962800 -14.6812 -15
3962900 -14.5093 -15
3963000 -14.609 -15
3963100 -14.646 -15
3963200 -14.7441 -15
3963300 -14.5249 -15
3963400 -14.8158 -15
3963500 -15.1722 -15
3963600 -15.3319 -15
3963700 -15.4361 -15
3963800 -15.5789 -15
3963900 -15.4523 -15
3964000 -15.494 -15
3964100 -15.2063 -15
3964200 -15.2413 -15
3964300 -15.1736 -15
3964400 -15.7508 -15
3964500 -15.7584 -15
3964600 -15.5218 -15
3964700 -15.4029 -15
3964800 -15.2675 -15
3964900 -15.2062 -15
3965000 -14.8619 -15
3965100 -14.9635 -15
3965200 -15.1983 -15
3965300 -14.91 -15
3965400 -14.7889 -15
3965500 -14.9613 -15
3965600 -15.0224 -15
3965700 -15.1555 -15
3965800 -15.1936 -15
3965900 -15.1652 -15
3966000 -15.0377 -15
3966100 -14.943 -15
3966200 -15.3291 -15
3966300 -15.3708 -15
3966400 -14.9271 -15
3966500 -15.0881 -15
3966600 -15.1278 -15
3966700 -15.0747 -15
3966800 -15.0992 -15
3966900 -15.2824 -15
3967000 -15.5981 -15
3967100 -15.829 -15
3967200 -15.5612 -15
3967300 -15.2334 -15
3967400 -15.1043 -15
3967500 -15.1231 -15
3967600 -14.9593 -15
3967700 -14.9457 -15
3967800 -14.8332 -15
3967900 -14.8647 -15
3968000 -14.9549 -15
3968100 -14.9239 -15
3968200 -14.7533 -15
3968300 -14.7306 -15
3968400 -14.4822 -15
3968500 -14.7877 -15
3968600 -14.8597 -15
3968700 -14.9868 -15
3968800 -15.0438 -15
3968900 -15.1014 -15
3969000 -15.2606 -15
3969100 -15.0425 -15
3969200 -14.7822 -15
3969300 -14.8169 -15
3969400 -15.0858 -15
3969500 -15.4762 -15
3969600 -15.7343 -15
3969700 -15.8351 -15
3969800 -15.9562 -15
3969900 -15.848 -15
3970000 -15.6929 -15
3970100 -15.6121 -15
3970200 -15.2549 -15
3970300 -15.2996 -15
3970400 -15.5397 -15
3970500 -15.3565 -15
3970600 -15.119 -15
3970700 -15.0481 -15
3970800 -15.062 -15
3970900 -14.7735 -15
3971000 -14.9482 -15
3971100 -15.4325 -15
3971200 -16.0294 -15
3971300 -15.9424 -15
3971400 -15.3463 -15
3971500 -14.9099 -15
3971600 -15.0239 -15
3971700 -15.463 -15
3971800 -15.4645 -15
3971900 -15.2307 -15
3972000 -15.2915 -15
3972100 -15.4791 -15
3972200 -15.0362 -15
3972300 -14.9855 -15
3972400 -14.9816 -15
3972500 -15.0611 -15
3972600 -15.3704 -15
3972700 -15.4132 -15
3972800 -15.0732 -15
3972900 -14.976 -15
3973000 -14.8428 -15
3973100 -14.5678 -15
3973200 -14.675 -15
3973300 -15.1442 -15
3973400 -15.4823 -15
3973500 -15.6277 -15
3973600 -15.5081 -15
3973700 -15.4935 -15
3973800 -15.7415 -15
3973900 -15.8403 -15
3974000 -15.6942 -15
3974100 -15.3659 -15
3974200 -14.9637 -15
3974300 -14.8244 -15
3974400 -15.0943 -15
3974500 -15.2948 -15
3974600 -15.4445 -15
3974700 -15.3176 -15
3974800 -15.4342 -15
3974900 -15.5801 -15
3975000 -15.8896 -15
3975100 -16.0735 -15
3975200 -16.0598 -15
3975300 -15.7251 -15
3975400 -15.3923 -15
3975500 -15.0732 -15
3975600 -14.9226 -15
3975700 -14.8856 -15
3975800 -14.9152 -15
3975900 -15.0131 -15
3976000 -15.0389 -15
3976100 -15.3689 -15
3976200 -15.4806 -15
3976300 -15.4478 -15
3976400 -15.2117 -15
3976500 -15.3416 -15
3976600 -15.4019 -15
3976700 -15.4475 -15
3976800 -15.4317 -15
3976900 -15.0069 -15
3977000 -14.8284 -15
3977100 -14.8886 -15
3977200 -14.9701 -15
3977300 -15.111 -15
3977400 -15.227 -15
3977500 -15.2622 -15
3977600 -15.0226 -15
3977700 -14.8546 -15
3977800 -15.1115 -15
3977900 -15.382 -15
3978000 -15.3528 -15
3978100 -15.5111 -15
3978200 -15.3943 -15
3978300 -15.1211 -15
3978400 -15.0135 -15
3978500 -15.0721 -15
3978600 -15.0438 -15
3978700 -15.2025 -15
3978800 -15.2542 -15
3978900 -14.8457 -15
3979000 -14.5142 -15
3979100 -14.6052 -15
3979200 -14.7164 -15
3979300 -14.5115 -15
3979400 -14.5469 -15
3979500 -14.6379 -15
3979600 -14.8948 -15
3979700 -15.0003 -15
3979800 -15.1253 -15
3979900 -15.1281 -15
3980000 -14.9028 -15
3980100 -15.0844 -15
3980200 -15.0519 -15
3980300 -15.0739 -15
3980400 -15.1809 -15
3980500 -15.3543 -15
3980600 -15.5283 -15
3980700 -15.9779 -15
3980800 -15.8404 -15
3980900 -15.3372 -15
3981000 -14.7374 -15
3981100 -14.3284 -15
3981200 -14.3098 -15
3981300 -14.1566 -15
3981400 -14.2182 -15
3981500 -14.3829 -15
3981600 -14.5473 -15
3981700 -14.7223 -15
3981800 -14.667 -15
3981900 -14.8852 -15
3982000 -15.2315 -15
3982100 -15.5897 -15
3982200 -15.6177 -15
3982300 -15.4725 -15
3982400 -15.6711 -15
3982500 -15.3812 -15
3982600 -15.4335 -15
3982700 -15.4521 -15
3982800 -15.1641 -15
3982900 -15.1867 -15
3983000 -15.3177 -15
3983100 -15.7301 -15
3983200 -15.976 -15
3983300 -15.8926 -15
3983400 -15.9134 -15
3983500 -15.5519 -15
3983600 -15.3678 -15
3983700 -15.2458 -15
3983800 -15.3462 -15
3983900 -15.2477 -15
3984000 -14.967 -15
3984100 -14.9405 -15
3984200 -15.0504 -15
3984300 -15.0249 -15
3984400 -14.8395 -15
3984500 -14.8866 -15
3984600 -14.8915 -15
3984700 -14.8489 -15
3984800 -14.8976 -15
3984900 -14.9242 -15
3985000 -14.8797 -15
3985100 -14.8508 -15
3985200 -14.8121 -15
3985300 -14.8693 -15
3985400 -14.9246 -15
3985500 -14.742 -15
3985600 -14.8886 -15
3985700 -15.1649 -15
3985800 -15.2035 -15
3985900 -14.9447 -15
3986000 -14.7934 -15
3986100 -14.8013 -15
3986200 -14.8422 -15
3986300 -14.8866 -15
3986400 -14.9054 -15
3986500 -14.8185 -15
3986600 -14.9247 -15
3986700 -15.0528 -15
3986800 -15.3768 -15
3986900 -15.3996 -15
3987000 -15.2672 -15
3987100 -15.18 -15
3987200 -15.1041 -15
3987300 -15.0381 -15
3987400 -15.1152 -15
3987500 -15.4983 -15
3987600 -15.5192 -15
3987700 -15.3875 -15
3987800 -15.36 -15
3987900 -15.5061 -15
3988000 -15.3209 -15
3988100 -15.1582 -15
3988200 -15.3641 -15
3988300 -15.7849 -15
3988400 -15.8222 -15
3988500 -16.0549 -15
3988600 -16.2242 -15
3988700 -16.1247 -15
3988800 -15.8837 -15
3988900 -15.6582 -15
3989000 -15.1883 -15
3989100 -15.0569 -15
3989200 -15.2286 -15
3989300 -15.1197 -15
3989400 -14.8418 -15
3989500 -14.9999 -15
3989600 -14.7677 -15
3989700 -14.776 -15
3989800 -14.8963 -15
3989900 -14.844 -15
3990000 -15.0231 -15
3990100 -15.1772 -15
3990200 -15.1939 -15
3990300 -15.3117 -15
3990400 -15.4364 -15
3990500 -15.3357 -15
3990600 -15.311 -15
3990700 -15.1016 -15
3990800 -15.0684 -15
3990900 -14.7994 -15
3991000 -14.7783 -15
3991100 -14.7046 -15
3991200 -14.6997 -15
3991300 -14.8297 -15
3991400 -14.7304 -15
3991500 -14.8278 -15
3991600 -15.277 -15
3991700 -15.442 -15
3991800 -15.5073 -15
3991900 -15.5064 -15
3992000 -15.4372 -15
3992100 -15.341 -15
3992200 -15.0349 -15
3992300 -14.9308 -15
3992400 -15.1682 -15
3992500 -14.9083 -15
3992600 -14.5636 -15
3992700 -14.4482 -15
3992800 -14.5069 -15
3992900 -14.5505 -15
3993000 -14.6555 -15
3993100 -14.8766 -15
3993200 -15.0866 -15
3993300 -15.0352 -15
3993400 -15.1442 -15
3993500 -15.3174 -15
3993600 -15.2921 -15
3993700 -15.4032 -15
3993800 -15.1845 -15
3993900 -15.1448 -15
3994000 -15.4323 -15
3994100 -15.7658 -15
3994200 -15.7541 -15
3994300 -15.7206 -15
3994400 -15.5467 -15
3994500 -15.505 -15
3994600 -15.2452 -15
3994700 -15.0054 -15
3994800 -15.0973 -15
3994900 -15.0921 -15
3995000 -15.0919 -15
3995100 -15.1877 -15
3995200 -15.2132 -15
3995300 -15.3663 -15
3995400 -15.2658 -15
3995500 -15.4761 -15
3995600 -15.5631 -15
3995700 -15.2165 -15
3995800 -14.9587 -15
3995900 -14.8309 -15
3996000 -14.6446 -15
3996100 -14.6468 -15
3996200 -15.1555 -15
3996300 -15.361 -15
3996400 -15.4051 -15
3996500 -15.7695 -15
3996600 -15.7611 -15
3996700 -15.7639 -15
3996800 -15.5861 -15
3996900 -15.2211 -15
3997000 -15.2273 -15
3997100 -14.9629 -15
3997200 -14.901 -15
3997300 -14.529 -15
3997400 -14.2131 -15
3997500 -14.0344 -15
3997600 -14.0556 -15
3997700 -14.1305 -15
3997800 -14.351 -15
3997900 -14.614 -15
3998000 -14.7898 -15
3998100 -15.0237 -15
3998200 -15.0358 -15
3998300 -14.834 -15
3998400 -14.9666 -15
3998500 -15.0214 -15
3998600 -14.9062 -15
3998700 -15.1333 -15
3998800 -15.2122 -15
3998900 -15.3896 -15
3999000 -15.4414 -15
3999100 -15.2838 -15
3999200 -15.2598 -15
3999300 -15.404 -15
3999400 -15.5239 -15
3999500 -15.8084 -15
3999600 -16.1269 -15
3999700 -16.0065 -15
3999800 -15.7059 -15
3999900 -15.8581 -15
4000000 -15.6415 -15
