# Time-averaged data for fix myat1
# TimeStep v_xave v_xdes
8600100 -5.9122 -3
8600200 -5.95903 -3
8600300 -5.51015 -3
8600400 -5.33473 -3
8600500 -5.43389 -3
8600600 -4.98548 -3
8600700 -4.8577 -3
8600800 -4.99165 -3
8600900 -5.25669 -3
8601000 -5.4654 -3
8601100 -5.50033 -3
8601200 -5.7639 -3
8601300 -5.84322 -3
8601400 -5.47857 -3
8601500 -4.86805 -3
8601600 -4.7954 -3
8601700 -4.93591 -3
8601800 -5.28838 -3
8601900 -5.44319 -3
8602000 -5.39036 -3
8602100 -5.21358 -3
8602200 -5.40469 -3
8602300 -5.11592 -3
8602400 -5.12602 -3
8602500 -5.23229 -3
8602600 -5.24167 -3
8602700 -5.318 -3
8602800 -5.20547 -3
8602900 -5.18073 -3
8603000 -5.02297 -3
8603100 -5.27246 -3
8603200 -5.15268 -3
8603300 -5.10329 -3
8603400 -5.17681 -3
8603500 -4.82757 -3
8603600 -5.13176 -3
8603700 -5.73922 -3
8603800 -5.6015 -3
8603900 -5.211 -3
8604000 -5.12233 -3
8604100 -5.39523 -3
8604200 -5.34362 -3
8604300 -5.32812 -3
8604400 -5.62797 -3
8604500 -5.41554 -3
8604600 -5.25835 -3
8604700 -5.26551 -3
8604800 -5.34819 -3
8604900 -5.31075 -3
8605000 -5.39703 -3
8605100 -5.59328 -3
8605200 -5.53771 -3
8605300 -5.34166 -3
8605400 -5.03323 -3
8605500 -5.1413 -3
8605600 -5.07055 -3
8605700 -4.98818 -3
8605800 -5.18296 -3
8605900 -5.12978 -3
8606000 -5.28188 -3
8606100 -5.10617 -3
8606200 -5.07894 -3
8606300 -5.48109 -3
8606400 -5.55657 -3
8606500 -5.31074 -3
8606600 -5.15499 -3
8606700 -5.19278 -3
8606800 -5.51587 -3
8606900 -5.64296 -3
8607000 -5.33056 -3
8607100 -5.13194 -3
8607200 -5.18608 -3
8607300 -5.27879 -3
8607400 -5.29482 -3
8607500 -5.31276 -3
8607600 -5.44718 -3
8607700 -5.18259 -3
8607800 -4.93024 -3
8607900 -4.85907 -3
8608000 -4.92296 -3
8608100 -5.18952 -3
8608200 -5.46759 -3
8608300 -5.3051 -3
8608400 -4.91074 -3
8608500 -4.94269 -3
8608600 -5.32994 -3
8608700 -5.31041 -3
8608800 -5.16305 -3
8608900 -5.28408 -3
8609000 -5.36312 -3
8609100 -5.37345 -3
8609200 -5.26628 -3
8609300 -5.1198 -3
8609400 -5.39659 -3
8609500 -5.63113 -3
8609600 -5.42162 -3
8609700 -5.09367 -3
8609800 -4.72887 -3
8609900 -4.9372 -3
8610000 -5.32606 -3
8610100 -5.55274 -3
8610200 -5.46445 -3
8610300 -5.55501 -3
8610400 -5.63583 -3
8610500 -5.48905 -3
8610600 -5.2783 -3
8610700 -5.48844 -3
8610800 -5.2067 -3
8610900 -5.29219 -3
8611000 -5.44709 -3
8611100 -5.35342 -3
8611200 -5.22804 -3
8611300 -5.15973 -3
8611400 -4.9756 -3
8611500 -5.14388 -3
8611600 -4.9091 -3
8611700 -4.59061 -3
8611800 -4.68942 -3
8611900 -5.10837 -3
8612000 -5.4482 -3
8612100 -5.56154 -3
8612200 -5.47258 -3
8612300 -5.231 -3
8612400 -5.11846 -3
8612500 -5.26681 -3
8612600 -5.5108 -3
8612700 -5.36306 -3
8612800 -5.14888 -3
8612900 -5.36106 -3
8613000 -5.49057 -3
8613100 -5.46806 -3
8613200 -5.3524 -3
8613300 -5.36384 -3
8613400 -5.30702 -3
8613500 -5.22264 -3
8613600 -5.35594 -3
8613700 -5.26027 -3
8613800 -5.35423 -3
8613900 -5.17219 -3
8614000 -5.32356 -3
8614100 -5.49788 -3
8614200 -5.17162 -3
8614300 -5.05066 -3
8614400 -5.38482 -3
8614500 -5.52832 -3
8614600 -5.48582 -3
8614700 -5.41793 -3
8614800 -5.47747 -3
8614900 -5.41138 -3
8615000 -5.21248 -3
8615100 -5.29256 -3
8615200 -5.46563 -3
8615300 -5.40364 -3
8615400 -5.28356 -3
8615500 -5.36567 -3
8615600 -5.37057 -3
8615700 -5.05379 -3
8615800 -4.8977 -3
8615900 -5.20557 -3
8616000 -5.29744 -3
8616100 -5.36649 -3
8616200 -5.28988 -3
8616300 -5.36262 -3
8616400 -5.26204 -3
8616500 -5.2517 -3
8616600 -5.18782 -3
8616700 -5.51748 -3
8616800 -5.55555 -3
8616900 -5.48887 -3
8617000 -5.42919 -3
8617100 -5.33492 -3
8617200 -5.19811 -3
8617300 -5.15008 -3
8617400 -5.135 -3
8617500 -5.30792 -3
8617600 -5.2779 -3
8617700 -5.19319 -3
8617800 -5.31224 -3
8617900 -5.47855 -3
8618000 -5.44929 -3
8618100 -5.33332 -3
8618200 -5.46022 -3
8618300 -5.31587 -3
8618400 -5.09132 -3
8618500 -5.40533 -3
8618600 -5.4865 -3
8618700 -5.53354 -3
8618800 -5.07659 -3
8618900 -4.6944 -3
8619000 -4.57613 -3
8619100 -4.65214 -3
8619200 -4.72333 -3
8619300 -5.13959 -3
8619400 -5.47894 -3
8619500 -5.52512 -3
8619600 -5.16945 -3
8619700 -5.2157 -3
8619800 -5.15755 -3
8619900 -5.27512 -3
8620000 -5.35223 -3
8620100 -5.30866 -3
8620200 -4.91979 -3
8620300 -4.90913 -3
8620400 -5.23779 -3
8620500 -5.43731 -3
8620600 -5.50265 -3
8620700 -5.30639 -3
8620800 -5.20282 -3
8620900 -5.22068 -3
8621000 -5.11617 -3
8621100 -5.34537 -3
8621200 -5.45322 -3
8621300 -5.28471 -3
8621400 -5.27187 -3
8621500 -5.3629 -3
8621600 -5.24402 -3
8621700 -5.22894 -3
8621800 -5.28283 -3
8621900 -5.26136 -3
8622000 -5.29013 -3
8622100 -5.34358 -3
8622200 -5.33091 -3
8622300 -5.24582 -3
8622400 -4.92312 -3
8622500 -4.63129 -3
8622600 -4.47633 -3
8622700 -4.18151 -3
8622800 -4.04531 -3
8622900 -3.73906 -3
8623000 -3.23662 -3
8623100 -2.91871 -3
8623200 -2.8686 -3
8623300 -2.75894 -3
8623400 -2.79971 -3
8623500 -2.97757 -3
8623600 -2.81224 -3
8623700 -2.87905 -3
8623800 -2.99405 -3
8623900 -2.92634 -3
8624000 -2.89855 -3
8624100 -2.74573 -3
8624200 -2.72592 -3
8624300 -2.86376 -3
8624400 -3.27766 -3
8624500 -3.40386 -3
8624600 -3.36695 -3
8624700 -3.1089 -3
8624800 -2.92799 -3
8624900 -3.06283 -3
8625000 -3.25849 -3
8625100 -3.94253 -3
8625200 -4.15366 -3
8625300 -4.34423 -3
8625400 -4.52146 -3
8625500 -4.4463 -3
8625600 -4.50541 -3
8625700 -4.3118 -3
8625800 -4.07828 -3
8625900 -3.90466 -3
8626000 -3.62871 -3
8626100 -3.24564 -3
8626200 -2.78064 -3
8626300 -2.46796 -3
8626400 -2.59282 -3
8626500 -3.02602 -3
8626600 -3.12438 -3
8626700 -3.11682 -3
8626800 -3.13328 -3
8626900 -3.16097 -3
8627000 -3.16635 -3
8627100 -2.87602 -3
8627200 -3.03303 -3
8627300 -3.23182 -3
8627400 -3.31389 -3
8627500 -3.47191 -3
8627600 -3.60756 -3
8627700 -3.42655 -3
8627800 -3.17084 -3
8627900 -3.17453 -3
8628000 -3.38939 -3
8628100 -3.61623 -3
8628200 -3.86924 -3
8628300 -4.26284 -3
8628400 -4.77897 -3
8628500 -5.19651 -3
8628600 -5.26903 -3
8628700 -5.18979 -3
8628800 -5.43058 -3
8628900 -5.56108 -3
8629000 -5.3377 -3
8629100 -5.20061 -3
8629200 -5.374 -3
8629300 -5.30896 -3
8629400 -5.20456 -3
8629500 -5.0895 -3
8629600 -5.12908 -3
8629700 -5.38768 -3
8629800 -5.24743 -3
8629900 -4.97969 -3
8630000 -5.2252 -3
8630100 -5.34248 -3
8630200 -5.34546 -3
8630300 -5.40707 -3
8630400 -5.41701 -3
8630500 -5.43576 -3
8630600 -5.31472 -3
8630700 -5.4442 -3
8630800 -5.27722 -3
8630900 -5.3978 -3
8631000 -5.26634 -3
8631100 -5.1473 -3
8631200 -5.24888 -3
8631300 -5.65173 -3
8631400 -5.45042 -3
8631500 -5.36892 -3
8631600 -5.20319 -3
8631700 -5.00886 -3
8631800 -5.2892 -3
8631900 -5.34315 -3
8632000 -5.22983 -3
8632100 -5.30166 -3
8632200 -5.32211 -3
8632300 -5.39171 -3
8632400 -5.21856 -3
8632500 -5.25293 -3
8632600 -5.25145 -3
8632700 -5.3779 -3
8632800 -5.5069 -3
8632900 -5.60203 -3
8633000 -5.2398 -3
8633100 -5.05456 -3
8633200 -5.2857 -3
8633300 -5.2684 -3
8633400 -5.29536 -3
8633500 -5.07469 -3
8633600 -5.02266 -3
8633700 -5.02526 -3
8633800 -4.8637 -3
8633900 -5.16725 -3
8634000 -5.39546 -3
8634100 -5.37212 -3
8634200 -5.31747 -3
8634300 -5.31432 -3
8634400 -5.46037 -3
8634500 -5.41212 -3
8634600 -5.14977 -3
8634700 -5.13271 -3
8634800 -5.16431 -3
8634900 -5.21648 -3
8635000 -5.32257 -3
8635100 -5.2909 -3
8635200 -5.24953 -3
8635300 -5.34089 -3
8635400 -5.20072 -3
8635500 -5.27554 -3
8635600 -5.56201 -3
8635700 -5.46545 -3
8635800 -5.12934 -3
8635900 -5.28155 -3
8636000 -5.20245 -3
8636100 -5.37994 -3
8636200 -5.40722 -3
8636300 -5.43167 -3
8636400 -5.56912 -3
8636500 -5.33322 -3
8636600 -5.14631 -3
8636700 -5.33027 -3
8636800 -5.42917 -3
8636900 -5.42621 -3
8637000 -5.50484 -3
8637100 -5.52437 -3
8637200 -5.37949 -3
8637300 -5.56062 -3
8637400 -5.19132 -3
8637500 -4.93145 -3
8637600 -5.32114 -3
8637700 -5.39028 -3
8637800 -5.27888 -3
8637900 -5.33099 -3
8638000 -5.34147 -3
8638100 -5.28759 -3
8638200 -5.28688 -3
8638300 -5.36792 -3
8638400 -5.39665 -3
8638500 -5.1682 -3
8638600 -5.27642 -3
8638700 -5.58289 -3
8638800 -5.64489 -3
8638900 -5.43853 -3
8639000 -5.35337 -3
8639100 -5.28345 -3
8639200 -5.2881 -3
8639300 -5.26292 -3
8639400 -5.38757 -3
8639500 -5.30071 -3
8639600 -5.10469 -3
8639700 -5.14798 -3
8639800 -5.33711 -3
8639900 -5.31043 -3
8640000 -5.36675 -3
8640100 -5.36525 -3
8640200 -5.1563 -3
8640300 -5.33755 -3
8640400 -5.28202 -3
8640500 -5.40154 -3
8640600 -5.17615 -3
8640700 -5.2522 -3
8640800 -5.30172 -3
8640900 -5.25668 -3
8641000 -5.35151 -3
8641100 -5.49144 -3
8641200 -5.21455 -3
8641300 -5.1253 -3
8641400 -5.31356 -3
8641500 -5.24769 -3
8641600 -5.2377 -3
8641700 -5.5378 -3
8641800 -5.62712 -3
8641900 -5.60965 -3
8642000 -5.6023 -3
8642100 -5.21491 -3
8642200 -5.16345 -3
8642300 -5.32748 -3
8642400 -5.32592 -3
8642500 -5.01504 -3
8642600 -4.71795 -3
8642700 -5.00413 -3
8642800 -5.17586 -3
8642900 -5.41737 -3
8643000 -5.53316 -3
8643100 -5.47818 -3
8643200 -5.51691 -3
8643300 -5.40644 -3
8643400 -5.08686 -3
8643500 -5.08184 -3
8643600 -5.22732 -3
8643700 -5.10112 -3
8643800 -5.26934 -3
8643900 -5.16187 -3
8644000 -5.47611 -3
8644100 -5.44999 -3
8644200 -5.35756 -3
8644300 -5.59405 -3
8644400 -5.54885 -3
8644500 -5.28455 -3
8644600 -5.2086 -3
8644700 -5.40016 -3
8644800 -5.35363 -3
8644900 -5.38943 -3
8645000 -5.20125 -3
8645100 -5.3452 -3
8645200 -5.49344 -3
8645300 -5.31594 -3
8645400 -5.48196 -3
8645500 -5.44208 -3
8645600 -5.56767 -3
8645700 -5.42554 -3
8645800 -5.05486 -3
8645900 -5.26088 -3
8646000 -5.458 -3
8646100 -5.23682 -3
8646200 -5.11566 -3
8646300 -5.00914 -3
8646400 -5.36234 -3
8646500 -5.58026 -3
8646600 -5.42882 -3
8646700 -4.95983 -3
8646800 -4.968 -3
8646900 -5.07365 -3
8647000 -5.17751 -3
8647100 -5.18041 -3
8647200 -5.23738 -3
8647300 -5.35993 -3
8647400 -5.24473 -3
8647500 -5.54837 -3
8647600 -5.78375 -3
8647700 -5.91078 -3
8647800 -5.86065 -3
8647900 -5.62716 -3
8648000 -5.20305 -3
8648100 -5.30782 -3
8648200 -5.38864 -3
8648300 -5.23201 -3
8648400 -5.30862 -3
8648500 -5.37205 -3
8648600 -5.20897 -3
8648700 -5.23361 -3
8648800 -5.59281 -3
8648900 -5.481 -3
8649000 -5.51613 -3
8649100 -5.47633 -3
8649200 -5.14625 -3
8649300 -5.05792 -3
8649400 -4.99007 -3
8649500 -5.10387 -3
8649600 -5.29163 -3
8649700 -5.34163 -3
8649800 -5.32676 -3
8649900 -5.53422 -3
8650000 -5.33239 -3
8650100 -5.32757 -3
8650200 -5.6618 -3
8650300 -5.35234 -3
8650400 -5.38284 -3
8650500 -5.3455 -3
8650600 -5.15931 -3
8650700 -5.28506 -3
8650800 -5.47501 -3
8650900 -5.43368 -3
8651000 -5.37516 -3
8651100 -5.16553 -3
8651200 -5.17824 -3
8651300 -5.49465 -3
8651400 -5.35987 -3
8651500 -5.3227 -3
8651600 -5.48112 -3
8651700 -5.46612 -3
8651800 -5.12725 -3
8651900 -5.36961 -3
8652000 -5.57396 -3
8652100 -5.46921 -3
8652200 -5.28062 -3
8652300 -5.23178 -3
8652400 -4.91864 -3
8652500 -4.61535 -3
8652600 -4.83779 -3
8652700 -5.32927 -3
8652800 -5.33921 -3
8652900 -5.16082 -3
8653000 -4.9807 -3
8653100 -4.91782 -3
8653200 -5.27731 -3
8653300 -5.62209 -3
8653400 -5.50407 -3
8653500 -5.33534 -3
8653600 -5.44318 -3
8653700 -5.20302 -3
8653800 -5.11657 -3
8653900 -4.67098 -3
8654000 -4.16832 -3
8654100 -3.82173 -3
8654200 -3.81618 -3
8654300 -4.34999 -3
8654400 -5.13508 -3
8654500 -5.32788 -3
8654600 -5.36724 -3
8654700 -5.51781 -3
8654800 -5.40967 -3
8654900 -5.37827 -3
8655000 -5.5921 -3
8655100 -5.27872 -3
8655200 -5.09197 -3
8655300 -5.44382 -3
8655400 -5.26593 -3
8655500 -5.14375 -3
8655600 -4.97863 -3
8655700 -4.9153 -3
8655800 -4.89954 -3
8655900 -5.17234 -3
8656000 -5.40839 -3
8656100 -5.46093 -3
8656200 -5.44225 -3
8656300 -5.40876 -3
8656400 -5.41646 -3
8656500 -5.41423 -3
8656600 -5.36479 -3
8656700 -5.41058 -3
8656800 -5.06656 -3
8656900 -5.37594 -3
8657000 -5.3882 -3
8657100 -5.48277 -3
8657200 -5.68618 -3
8657300 -5.36945 -3
8657400 -5.23675 -3
8657500 -5.62318 -3
8657600 -5.61939 -3
8657700 -5.16785 -3
8657800 -5.12279 -3
8657900 -5.50217 -3
8658000 -5.661 -3
8658100 -5.4678 -3
8658200 -5.36235 -3
8658300 -5.48643 -3
8658400 -5.44438 -3
8658500 -5.36474 -3
8658600 -5.25651 -3
8658700 -5.3551 -3
8658800 -5.42171 -3
8658900 -5.48603 -3
8659000 -5.11631 -3
8659100 -5.19213 -3
8659200 -5.2878 -3
8659300 -5.15362 -3
8659400 -5.29609 -3
8659500 -5.46049 -3
8659600 -5.2835 -3
8659700 -5.43807 -3
8659800 -5.18958 -3
8659900 -5.04324 -3
8660000 -5.40531 -3
8660100 -5.42752 -3
8660200 -5.23854 -3
8660300 -5.06503 -3
8660400 -5.00482 -3
8660500 -4.8114 -3
8660600 -4.87034 -3
8660700 -5.0198 -3
8660800 -5.25031 -3
8660900 -5.45259 -3
8661000 -5.62839 -3
8661100 -5.34112 -3
8661200 -5.30896 -3
8661300 -5.29773 -3
8661400 -5.23359 -3
8661500 -5.52594 -3
8661600 -5.67884 -3
8661700 -5.5435 -3
8661800 -5.38753 -3
8661900 -5.30656 -3
8662000 -5.45492 -3
8662100 -5.4089 -3
8662200 -5.13826 -3
8662300 -5.16424 -3
8662400 -5.4062 -3
8662500 -5.49245 -3
8662600 -5.17637 -3
8662700 -5.18028 -3
8662800 -5.20322 -3
8662900 -5.13788 -3
8663000 -5.20621 -3
8663100 -5.52492 -3
8663200 -5.7758 -3
8663300 -5.77989 -3
8663400 -5.57682 -3
8663500 -5.25313 -3
8663600 -5.23523 -3
8663700 -5.30719 -3
8663800 -5.29623 -3
8663900 -5.25022 -3
8664000 -5.59715 -3
8664100 -5.33677 -3
8664200 -5.31467 -3
8664300 -5.24208 -3
8664400 -5.2165 -3
8664500 -5.15111 -3
8664600 -5.25362 -3
8664700 -5.58531 -3
8664800 -5.46096 -3
8664900 -5.33713 -3
8665000 -5.41306 -3
8665100 -5.29416 -3
8665200 -5.42838 -3
8665300 -5.15335 -3
8665400 -5.14486 -3
8665500 -5.19781 -3
8665600 -5.16704 -3
8665700 -5.18476 -3
8665800 -5.41524 -3
8665900 -5.42274 -3
8666000 -5.46603 -3
8666100 -5.31514 -3
8666200 -5.13101 -3
8666300 -5.51175 -3
8666400 -5.52537 -3
8666500 -5.31142 -3
8666600 -5.21797 -3
8666700 -5.22578 -3
8666800 -5.00195 -3
8666900 -5.01949 -3
8667000 -5.20536 -3
8667100 -5.51283 -3
8667200 -5.63717 -3
8667300 -5.39937 -3
8667400 -5.1506 -3
8667500 -5.31559 -3
8667600 -5.5266 -3
8667700 -5.62876 -3
8667800 -5.31007 -3
8667900 -5.36363 -3
8668000 -5.38575 -3
8668100 -5.14236 -3
8668200 -5.36847 -3
8668300 -5.43115 -3
8668400 -5.24639 -3
8668500 -4.97168 -3
8668600 -5.02509 -3
8668700 -5.17426 -3
8668800 -5.47832 -3
8668900 -5.491 -3
8669000 -5.2729 -3
8669100 -5.42195 -3
8669200 -5.33162 -3
8669300 -5.57101 -3
8669400 -5.14677 -3
8669500 -5.10993 -3
8669600 -5.31057 -3
8669700 -5.27775 -3
8669800 -5.57898 -3
8669900 -5.67555 -3
8670000 -5.33991 -3
8670100 -5.23576 -3
8670200 -5.21559 -3
8670300 -5.24453 -3
8670400 -5.40788 -3
8670500 -5.55347 -3
8670600 -5.42323 -3
8670700 -5.39017 -3
8670800 -5.05582 -3
8670900 -5.0313 -3
8671000 -5.34163 -3
8671100 -5.53079 -3
8671200 -5.2382 -3
8671300 -5.08033 -3
8671400 -5.25305 -3
8671500 -5.32669 -3
8671600 -5.49633 -3
8671700 -5.63091 -3
8671800 -5.44151 -3
8671900 -5.32016 -3
8672000 -5.10146 -3
8672100 -5.17421 -3
8672200 -5.60122 -3
8672300 -5.5936 -3
8672400 -5.33471 -3
8672500 -5.38142 -3
8672600 -5.24647 -3
8672700 -5.2033 -3
8672800 -5.29203 -3
8672900 -5.0185 -3
8673000 -4.98671 -3
8673100 -4.77459 -3
8673200 -4.50846 -3
8673300 -4.41579 -3
8673400 -4.02842 -3
8673500 -3.46654 -3
8673600 -3.27704 -3
8673700 -3.04137 -3
8673800 -2.91032 -3
8673900 -2.61674 -3
8674000 -2.58988 -3
8674100 -2.7254 -3
8674200 -2.8187 -3
8674300 -2.63568 -3
8674400 -2.7668 -3
8674500 -2.70754 -3
8674600 -2.44691 -3
8674700 -2.72289 -3
8674800 -3.19149 -3
8674900 -3.41856 -3
8675000 -3.39123 -3
8675100 -3.42559 -3
8675200 -3.51278 -3
8675300 -3.53842 -3
8675400 -3.42569 -3
8675500 -2.9607 -3
8675600 -2.72169 -3
8675700 -2.65569 -3
8675800 -2.95891 -3
8675900 -3.22954 -3
8676000 -3.55505 -3
8676100 -3.59208 -3
8676200 -3.4927 -3
8676300 -3.85004 -3
8676400 -3.80689 -3
8676500 -3.52898 -3
8676600 -3.25634 -3
8676700 -3.05186 -3
8676800 -2.91749 -3
8676900 -2.80071 -3
8677000 -2.90715 -3
8677100 -2.92798 -3
8677200 -3.03527 -3
8677300 -3.17532 -3
8677400 -3.38425 -3
8677500 -3.42538 -3
8677600 -3.50109 -3
8677700 -3.333 -3
8677800 -3.34017 -3
8677900 -3.25489 -3
8678000 -2.94912 -3
8678100 -2.66261 -3
8678200 -2.39555 -3
8678300 -2.04474 -3
8678400 -1.80979 -3
8678500 -1.93221 -3
8678600 -2.45934 -3
8678700 -2.64858 -3
8678800 -2.58834 -3
8678900 -2.47293 -3
8679000 -2.63757 -3
8679100 -2.72682 -3
8679200 -2.75328 -3
8679300 -2.75969 -3
8679400 -2.6926 -3
8679500 -2.67849 -3
8679600 -2.88572 -3
8679700 -2.88984 -3
8679800 -3.16216 -3
8679900 -3.45463 -3
8680000 -3.21845 -3
8680100 -2.81047 -3
8680200 -2.6987 -3
8680300 -2.71816 -3
8680400 -2.91689 -3
8680500 -3.16058 -3
8680600 -3.41451 -3
8680700 -3.49401 -3
8680800 -3.56303 -3
8680900 -3.58154 -3
8681000 -3.65328 -3
8681100 -3.70718 -3
8681200 -3.44777 -3
8681300 -3.1411 -3
8681400 -2.79826 -3
8681500 -2.9001 -3
8681600 -3.36993 -3
8681700 -3.26805 -3
8681800 -3.12744 -3
8681900 -3.32935 -3
8682000 -3.21874 -3
8682100 -2.89208 -3
8682200 -2.69391 -3
8682300 -2.80455 -3
8682400 -3.00945 -3
8682500 -3.24727 -3
8682600 -3.5676 -3
8682700 -3.40908 -3
8682800 -3.3481 -3
8682900 -3.06307 -3
8683000 -2.81539 -3
8683100 -2.58742 -3
8683200 -2.49661 -3
8683300 -2.68501 -3
8683400 -2.60284 -3
8683500 -2.40223 -3
8683600 -2.3939 -3
8683700 -2.76046 -3
8683800 -3.10778 -3
8683900 -3.09309 -3
8684000 -2.91022 -3
8684100 -2.57012 -3
8684200 -2.31156 -3
8684300 -2.35185 -3
8684400 -2.34602 -3
8684500 -2.7003 -3
8684600 -2.97991 -3
8684700 -3.06681 -3
8684800 -3.0959 -3
8684900 -3.26185 -3
8685000 -3.68158 -3
8685100 -3.76639 -3
8685200 -3.7437 -3
8685300 -3.36701 -3
8685400 -2.9916 -3
8685500 -2.89275 -3
8685600 -3.15159 -3
8685700 -3.23127 -3
8685800 -3.10066 -3
8685900 -3.15626 -3
8686000 -2.98124 -3
8686100 -2.76604 -3
8686200 -2.60655 -3
8686300 -2.3253 -3
8686400 -2.50778 -3
8686500 -2.67128 -3
8686600 -2.69341 -3
8686700 -2.98283 -3
8686800 -3.20194 -3
8686900 -3.27846 -3
8687000 -3.58366 -3
8687100 -4.07517 -3
8687200 -3.95859 -3
8687300 -3.63488 -3
8687400 -3.26753 -3
8687500 -2.73316 -3
8687600 -3.18993 -3
8687700 -3.77977 -3
8687800 -3.93072 -3
8687900 -3.79051 -3
8688000 -3.79353 -3
8688100 -3.87114 -3
8688200 -4.12572 -3
8688300 -4.51447 -3
8688400 -5.04585 -3
8688500 -5.38678 -3
8688600 -5.28234 -3
8688700 -5.38088 -3
8688800 -5.28518 -3
8688900 -5.2007 -3
8689000 -5.1837 -3
8689100 -5.35294 -3
8689200 -5.45894 -3
8689300 -5.53069 -3
8689400 -5.55585 -3
8689500 -5.4909 -3
8689600 -5.20556 -3
8689700 -5.12641 -3
8689800 -5.48628 -3
8689900 -5.52977 -3
8690000 -5.23312 -3
8690100 -5.22277 -3
8690200 -5.45824 -3
8690300 -5.26662 -3
8690400 -5.33638 -3
8690500 -5.60403 -3
8690600 -5.846 -3
8690700 -5.47628 -3
8690800 -5.56311 -3
8690900 -5.57214 -3
8691000 -5.42236 -3
8691100 -5.43112 -3
8691200 -5.21849 -3
8691300 -4.81779 -3
8691400 -5.05653 -3
8691500 -5.5405 -3
8691600 -5.6254 -3
8691700 -5.4586 -3
8691800 -5.13842 -3
8691900 -5.36593 -3
8692000 -5.55859 -3
8692100 -5.2435 -3
8692200 -5.22704 -3
8692300 -5.34155 -3
8692400 -5.50103 -3
8692500 -5.11822 -3
8692600 -4.67559 -3
8692700 -4.47823 -3
8692800 -4.9587 -3
8692900 -5.42909 -3
8693000 -5.28425 -3
8693100 -5.29392 -3
8693200 -5.30233 -3
8693300 -5.47789 -3
8693400 -5.5686 -3
8693500 -5.30627 -3
8693600 -5.21396 -3
8693700 -5.25361 -3
8693800 -5.2738 -3
8693900 -5.38569 -3
8694000 -5.22576 -3
8694100 -4.89471 -3
8694200 -5.14401 -3
8694300 -5.50146 -3
8694400 -5.41124 -3
8694500 -5.37061 -3
8694600 -5.1234 -3
8694700 -5.06855 -3
8694800 -5.46365 -3
8694900 -5.62597 -3
8695000 -5.58036 -3
8695100 -5.45607 -3
8695200 -5.59019 -3
8695300 -5.40279 -3
8695400 -5.38906 -3
8695500 -5.33818 -3
8695600 -5.0168 -3
8695700 -5.09086 -3
8695800 -5.2656 -3
8695900 -5.23343 -3
8696000 -5.21907 -3
8696100 -5.44653 -3
8696200 -5.33346 -3
8696300 -5.3662 -3
8696400 -5.4634 -3
8696500 -5.31677 -3
8696600 -5.3965 -3
8696700 -5.30288 -3
8696800 -5.12224 -3
8696900 -5.17051 -3
8697000 -5.45989 -3
8697100 -5.36861 -3
8697200 -5.30628 -3
8697300 -5.00014 -3
8697400 -4.70038 -3
8697500 -4.7259 -3
8697600 -4.86561 -3
8697700 -5.19773 -3
8697800 -5.26576 -3
8697900 -5.45712 -3
8698000 -5.46804 -3
8698100 -5.33639 -3
8698200 -5.26755 -3
8698300 -5.15548 -3
8698400 -5.30207 -3
8698500 -5.21229 -3
8698600 -5.11959 -3
8698700 -5.26555 -3
8698800 -5.27718 -3
8698900 -5.16425 -3
8699000 -5.19237 -3
8699100 -5.19083 -3
8699200 -5.69686 -3
8699300 -5.30997 -3
8699400 -4.77657 -3
8699500 -4.64267 -3
8699600 -4.74028 -3
8699700 -4.56849 -3
8699800 -4.57753 -3
8699900 -4.86825 -3
8700000 -5.34272 -3
8700100 -5.24018 -3
8700200 -5.23225 -3
8700300 -5.2103 -3
8700400 -5.17697 -3
8700500 -5.33781 -3
8700600 -5.38473 -3
8700700 -5.40191 -3
8700800 -5.31104 -3
8700900 -5.38231 -3
8701000 -5.03908 -3
8701100 -4.70601 -3
8701200 -4.77333 -3
8701300 -5.01657 -3
8701400 -5.25191 -3
8701500 -5.32476 -3
8701600 -5.29147 -3
8701700 -5.37406 -3
8701800 -5.59834 -3
8701900 -5.81903 -3
8702000 -5.4348 -3
8702100 -5.15728 -3
8702200 -5.27752 -3
8702300 -5.06805 -3
8702400 -5.23901 -3
8702500 -5.63171 -3
8702600 -5.42396 -3
8702700 -5.24975 -3
8702800 -5.02733 -3
8702900 -5.08366 -3
8703000 -5.23691 -3
8703100 -5.27661 -3
8703200 -5.22987 -3
8703300 -5.05672 -3
8703400 -5.01404 -3
8703500 -5.08766 -3
8703600 -5.29389 -3
8703700 -5.32266 -3
8703800 -5.13267 -3
8703900 -5.11751 -3
8704000 -5.28546 -3
8704100 -5.39816 -3
8704200 -5.37432 -3
8704300 -5.27741 -3
8704400 -5.39289 -3
8704500 -5.46856 -3
8704600 -5.15219 -3
8704700 -4.84567 -3
8704800 -5.029 -3
8704900 -5.08912 -3
8705000 -4.95546 -3
8705100 -4.62612 -3
8705200 -4.73151 -3
8705300 -4.71161 -3
8705400 -4.8475 -3
8705500 -5.05368 -3
8705600 -5.09952 -3
8705700 -5.03019 -3
8705800 -5.24325 -3
8705900 -5.40153 -3
8706000 -5.21706 -3
8706100 -5.19729 -3
8706200 -5.39807 -3
8706300 -5.31605 -3
8706400 -5.14191 -3
8706500 -4.96157 -3
8706600 -5.03374 -3
8706700 -5.26261 -3
8706800 -5.16765 -3
8706900 -5.27391 -3
8707000 -5.1201 -3
8707100 -5.03443 -3
8707200 -5.09297 -3
8707300 -5.17176 -3
8707400 -5.30722 -3
8707500 -4.9819 -3
8707600 -4.64359 -3
8707700 -4.77478 -3
8707800 -5.06384 -3
8707900 -5.56068 -3
8708000 -5.42168 -3
8708100 -5.37718 -3
8708200 -5.4147 -3
8708300 -5.39105 -3
8708400 -5.46503 -3
8708500 -5.35391 -3
8708600 -5.25669 -3
8708700 -5.17604 -3
8708800 -5.21498 -3
8708900 -5.46719 -3
8709000 -5.50751 -3
8709100 -5.44455 -3
8709200 -5.23755 -3
8709300 -5.14588 -3
8709400 -5.3404 -3
8709500 -5.69346 -3
8709600 -5.75755 -3
8709700 -5.40145 -3
8709800 -5.37335 -3
8709900 -5.29123 -3
8710000 -5.29683 -3
8710100 -5.18169 -3
8710200 -5.11897 -3
8710300 -5.35672 -3
8710400 -5.44151 -3
8710500 -5.3173 -3
8710600 -5.20951 -3
8710700 -5.1307 -3
8710800 -5.30095 -3
8710900 -5.30392 -3
8711000 -5.60382 -3
8711100 -5.55577 -3
8711200 -5.36128 -3
8711300 -5.43079 -3
8711400 -5.28217 -3
8711500 -5.00173 -3
8711600 -5.28093 -3
8711700 -5.58694 -3
8711800 -5.65287 -3
8711900 -5.23312 -3
8712000 -5.04226 -3
8712100 -5.2193 -3
8712200 -5.65588 -3
8712300 -5.60671 -3
8712400 -5.5313 -3
8712500 -5.3633 -3
8712600 -5.13045 -3
8712700 -5.13107 -3
8712800 -5.21663 -3
8712900 -4.83763 -3
8713000 -4.94079 -3
8713100 -5.22237 -3
8713200 -5.34239 -3
8713300 -5.52001 -3
8713400 -5.63664 -3
8713500 -5.4489 -3
8713600 -5.58581 -3
8713700 -5.70671 -3
8713800 -5.59824 -3
8713900 -5.34826 -3
8714000 -5.26054 -3
8714100 -5.28877 -3
8714200 -5.24262 -3
8714300 -5.37463 -3
8714400 -5.68448 -3
8714500 -5.46604 -3
8714600 -5.08 -3
8714700 -5.16869 -3
8714800 -5.26733 -3
8714900 -5.51217 -3
8715000 -5.29473 -3
8715100 -5.19933 -3
8715200 -5.30524 -3
8715300 -5.19097 -3
8715400 -5.16515 -3
8715500 -5.13007 -3
8715600 -4.93184 -3
8715700 -5.11414 -3
8715800 -5.4746 -3
8715900 -5.34546 -3
8716000 -5.40219 -3
8716100 -5.52419 -3
8716200 -5.21868 -3
8716300 -5.206 -3
8716400 -5.32787 -3
8716500 -5.47353 -3
8716600 -5.43303 -3
8716700 -5.58224 -3
8716800 -5.08 -3
8716900 -4.8132 -3
8717000 -4.59155 -3
8717100 -4.6421 -3
8717200 -4.89387 -3
8717300 -5.22158 -3
8717400 -5.48318 -3
8717500 -5.35611 -3
8717600 -5.4602 -3
8717700 -5.24917 -3
8717800 -5.1792 -3
8717900 -5.55748 -3
8718000 -5.44396 -3
8718100 -5.09245 -3
8718200 -5.16241 -3
8718300 -5.11196 -3
8718400 -5.01938 -3
8718500 -5.32472 -3
8718600 -5.41199 -3
8718700 -5.31973 -3
8718800 -5.21775 -3
8718900 -5.63092 -3
8719000 -5.53334 -3
8719100 -5.51472 -3
8719200 -5.43835 -3
8719300 -5.20295 -3
8719400 -5.06402 -3
8719500 -4.96797 -3
8719600 -5.07447 -3
8719700 -5.31285 -3
8719800 -5.35821 -3
8719900 -5.29748 -3
8720000 -5.71924 -3
8720100 -5.80007 -3
8720200 -5.9373 -3
8720300 -5.63192 -3
8720400 -5.39313 -3
8720500 -5.08932 -3
8720600 -5.23727 -3
8720700 -5.45351 -3
8720800 -5.47914 -3
8720900 -5.17106 -3
8721000 -5.19457 -3
8721100 -5.36606 -3
8721200 -5.43893 -3
8721300 -5.35103 -3
8721400 -5.19114 -3
8721500 -5.24385 -3
8721600 -5.42765 -3
8721700 -5.28634 -3
8721800 -5.42481 -3
8721900 -5.5555 -3
8722000 -5.36703 -3
8722100 -5.27446 -3
8722200 -5.17196 -3
8722300 -5.22967 -3
8722400 -5.45255 -3
8722500 -5.7388 -3
8722600 -5.71676 -3
8722700 -5.34652 -3
8722800 -5.31629 -3
8722900 -5.10443 -3
8723000 -5.15729 -3
8723100 -5.40977 -3
8723200 -5.33315 -3
8723300 -5.22535 -3
8723400 -5.08179 -3
8723500 -5.24357 -3
8723600 -5.42023 -3
8723700 -5.21862 -3
8723800 -5.6387 -3
8723900 -5.70885 -3
8724000 -5.36915 -3
8724100 -5.22956 -3
8724200 -5.17773 -3
8724300 -5.17322 -3
8724400 -5.25983 -3
8724500 -5.23356 -3
8724600 -5.3441 -3
8724700 -5.48728 -3
8724800 -5.2726 -3
8724900 -5.28193 -3
8725000 -5.40313 -3
8725100 -5.67646 -3
8725200 -5.37353 -3
8725300 -5.37429 -3
8725400 -5.22788 -3
8725500 -5.31432 -3
8725600 -5.75758 -3
8725700 -5.4792 -3
8725800 -5.21841 -3
8725900 -5.01577 -3
8726000 -5.26516 -3
8726100 -5.37591 -3
8726200 -5.11552 -3
8726300 -5.4093 -3
8726400 -5.63222 -3
8726500 -5.3105 -3
8726600 -5.05214 -3
8726700 -5.14351 -3
8726800 -5.17045 -3
8726900 -5.33512 -3
8727000 -5.55714 -3
8727100 -5.71989 -3
8727200 -5.25812 -3
8727300 -5.10854 -3
8727400 -5.19107 -3
8727500 -5.32927 -3
8727600 -5.3172 -3
8727700 -5.52206 -3
8727800 -5.3014 -3
8727900 -5.26197 -3
8728000 -5.2969 -3
8728100 -5.19226 -3
8728200 -5.24117 -3
8728300 -5.13393 -3
8728400 -5.34019 -3
8728500 -5.29977 -3
8728600 -5.17655 -3
8728700 -5.29202 -3
8728800 -5.2197 -3
8728900 -5.33945 -3
8729000 -5.39309 -3
8729100 -5.50577 -3
8729200 -5.21374 -3
8729300 -5.215 -3
8729400 -5.48726 -3
8729500 -5.37804 -3
8729600 -5.28442 -3
8729700 -5.3605 -3
8729800 -5.48627 -3
8729900 -5.39203 -3
8730000 -5.27717 -3
8730100 -5.14263 -3
8730200 -5.40644 -3
8730300 -5.5438 -3
8730400 -5.28763 -3
8730500 -5.5182 -3
8730600 -5.3603 -3
8730700 -5.32351 -3
8730800 -5.40967 -3
8730900 -5.47185 -3
8731000 -5.30435 -3
8731100 -5.33386 -3
8731200 -5.3202 -3
8731300 -5.04064 -3
8731400 -5.36064 -3
8731500 -5.65725 -3
8731600 -5.51141 -3
8731700 -5.09244 -3
8731800 -5.40628 -3
8731900 -5.58422 -3
8732000 -5.52191 -3
8732100 -5.43665 -3
8732200 -5.31199 -3
8732300 -5.45507 -3
8732400 -5.20489 -3
8732500 -5.40148 -3
8732600 -5.44813 -3
8732700 -5.45713 -3
8732800 -5.31676 -3
8732900 -5.44642 -3
8733000 -5.44053 -3
8733100 -5.316 -3
8733200 -5.28268 -3
8733300 -5.11552 -3
8733400 -5.04843 -3
8733500 -5.22162 -3
8733600 -5.46711 -3
8733700 -5.3655 -3
8733800 -5.12583 -3
8733900 -5.36777 -3
8734000 -5.4883 -3
8734100 -5.31193 -3
8734200 -5.37111 -3
8734300 -5.40783 -3
8734400 -5.50999 -3
8734500 -5.34586 -3
8734600 -5.31719 -3
8734700 -5.356 -3
8734800 -5.35006 -3
8734900 -5.34952 -3
8735000 -5.33621 -3
8735100 -5.18088 -3
8735200 -5.18315 -3
8735300 -5.39357 -3
8735400 -5.35344 -3
8735500 -5.53414 -3
8735600 -5.28774 -3
8735700 -5.20572 -3
8735800 -5.33885 -3
8735900 -5.30435 -3
8736000 -5.3701 -3
8736100 -5.24113 -3
8736200 -5.16381 -3
8736300 -5.12897 -3
8736400 -5.31537 -3
8736500 -5.44548 -3
8736600 -5.48298 -3
8736700 -5.22562 -3
8736800 -5.37413 -3
8736900 -5.72295 -3
8737000 -5.61653 -3
8737100 -5.0626 -3
8737200 -5.05792 -3
8737300 -5.1247 -3
8737400 -4.92061 -3
8737500 -4.84148 -3
8737600 -4.92125 -3
8737700 -5.00818 -3
8737800 -5.28708 -3
8737900 -5.53825 -3
8738000 -5.5925 -3
8738100 -5.24585 -3
8738200 -5.28232 -3
8738300 -5.33561 -3
8738400 -5.56805 -3
8738500 -5.72946 -3
8738600 -5.41048 -3
8738700 -5.23509 -3
8738800 -5.03108 -3
8738900 -5.29935 -3
8739000 -5.57649 -3
8739100 -5.39285 -3
8739200 -5.35111 -3
8739300 -5.20893 -3
8739400 -5.02817 -3
8739500 -4.53724 -3
8739600 -4.26038 -3
8739700 -3.97166 -3
8739800 -3.53583 -3
8739900 -3.73163 -3
8740000 -3.90526 -3
8740100 -3.81779 -3
8740200 -3.68197 -3
8740300 -3.71102 -3
8740400 -3.55446 -3
8740500 -3.59052 -3
8740600 -3.52329 -3
8740700 -3.68136 -3
8740800 -3.77395 -3
8740900 -3.81053 -3
8741000 -3.85637 -3
8741100 -3.88087 -3
8741200 -4.19296 -3
8741300 -4.39735 -3
8741400 -4.49931 -3
8741500 -4.70205 -3
8741600 -4.71999 -3
8741700 -4.91716 -3
8741800 -5.23698 -3
8741900 -5.16728 -3
8742000 -5.18901 -3
8742100 -5.36684 -3
8742200 -5.36968 -3
8742300 -5.25491 -3
8742400 -5.31412 -3
8742500 -5.29165 -3
8742600 -5.116 -3
8742700 -5.23206 -3
8742800 -5.39565 -3
8742900 -5.67068 -3
8743000 -5.57115 -3
8743100 -5.21885 -3
8743200 -5.26478 -3
8743300 -5.50019 -3
8743400 -5.6545 -3
8743500 -5.32827 -3
8743600 -5.37379 -3
8743700 -5.25266 -3
8743800 -5.20596 -3
8743900 -5.26204 -3
8744000 -5.24562 -3
8744100 -5.41425 -3
8744200 -5.47817 -3
8744300 -5.419 -3
8744400 -5.2667 -3
8744500 -5.4605 -3
8744600 -5.41578 -3
8744700 -5.0124 -3
8744800 -5.21697 -3
8744900 -5.30491 -3
8745000 -5.45034 -3
8745100 -5.44422 -3
8745200 -5.31363 -3
8745300 -5.33135 -3
8745400 -5.30403 -3
8745500 -5.32896 -3
8745600 -5.37032 -3
8745700 -5.25423 -3
8745800 -5.3532 -3
8745900 -5.48273 -3
8746000 -5.24234 -3
8746100 -5.26626 -3
8746200 -5.42245 -3
8746300 -5.30796 -3
8746400 -5.23007 -3
8746500 -5.3401 -3
8746600 -5.21603 -3
8746700 -5.13315 -3
8746800 -5.51653 -3
8746900 -5.44251 -3
8747000 -5.20456 -3
8747100 -5.25627 -3
8747200 -4.71961 -3
8747300 -4.17824 -3
8747400 -3.85282 -3
8747500 -3.85034 -3
8747600 -3.70392 -3
8747700 -3.12471 -3
8747800 -2.79426 -3
8747900 -2.87091 -3
8748000 -3.00034 -3
8748100 -3.17591 -3
8748200 -3.1438 -3
8748300 -3.09996 -3
8748400 -3.12917 -3
8748500 -3.38904 -3
8748600 -3.48084 -3
8748700 -3.52342 -3
8748800 -3.37691 -3
8748900 -3.34539 -3
8749000 -3.195 -3
8749100 -3.46859 -3
8749200 -3.57128 -3
8749300 -3.90286 -3
8749400 -4.30035 -3
8749500 -4.36081 -3
8749600 -4.30712 -3
8749700 -4.47371 -3
8749800 -4.56138 -3
8749900 -4.37333 -3
8750000 -4.09836 -3
8750100 -4.0147 -3
8750200 -3.99288 -3
8750300 -3.74418 -3
8750400 -3.67594 -3
8750500 -3.48084 -3
8750600 -3.26221 -3
8750700 -2.58923 -3
8750800 -2.35949 -3
8750900 -2.73188 -3
8751000 -3.25749 -3
8751100 -3.66806 -3
8751200 -3.99334 -3
8751300 -4.16867 -3
8751400 -4.46832 -3
8751500 -4.57085 -3
8751600 -4.32061 -3
8751700 -4.23144 -3
8751800 -4.45948 -3
8751900 -4.85442 -3
8752000 -5.11145 -3
8752100 -5.03927 -3
8752200 -5.31127 -3
8752300 -5.41285 -3
8752400 -4.98516 -3
8752500 -4.85411 -3
8752600 -5.04182 -3
8752700 -5.20775 -3
8752800 -5.22096 -3
8752900 -5.35354 -3
8753000 -5.4092 -3
8753100 -5.28807 -3
8753200 -5.33396 -3
8753300 -5.33062 -3
8753400 -5.09299 -3
8753500 -5.17837 -3
8753600 -5.48043 -3
8753700 -5.37891 -3
8753800 -5.37004 -3
8753900 -5.18871 -3
8754000 -4.96658 -3
8754100 -5.16876 -3
8754200 -5.32947 -3
8754300 -5.57821 -3
8754400 -5.42989 -3
8754500 -5.30732 -3
8754600 -5.17059 -3
8754700 -5.20998 -3
8754800 -5.40991 -3
8754900 -5.3905 -3
8755000 -5.40452 -3
8755100 -5.40358 -3
8755200 -5.53663 -3
8755300 -5.58022 -3
8755400 -5.4285 -3
8755500 -5.60544 -3
8755600 -5.20727 -3
8755700 -5.00023 -3
8755800 -5.21015 -3
8755900 -5.362 -3
8756000 -5.26726 -3
8756100 -5.36633 -3
8756200 -5.34576 -3
8756300 -4.86605 -3
8756400 -4.7536 -3
8756500 -4.99103 -3
8756600 -5.2013 -3
8756700 -5.34731 -3
8756800 -5.14655 -3
8756900 -5.42789 -3
8757000 -5.42624 -3
8757100 -5.07579 -3
8757200 -5.01128 -3
8757300 -5.44515 -3
8757400 -5.78887 -3
8757500 -5.51618 -3
8757600 -5.25007 -3
8757700 -5.3244 -3
8757800 -5.26947 -3
8757900 -5.21286 -3
8758000 -5.23688 -3
8758100 -5.52623 -3
8758200 -5.46357 -3
8758300 -5.3591 -3
8758400 -5.15844 -3
8758500 -4.99506 -3
8758600 -5.02515 -3
8758700 -5.14129 -3
8758800 -5.07881 -3
8758900 -5.20162 -3
8759000 -5.03505 -3
8759100 -5.12625 -3
8759200 -5.23366 -3
8759300 -5.18109 -3
8759400 -5.28751 -3
8759500 -5.20814 -3
8759600 -5.22068 -3
8759700 -5.40493 -3
8759800 -5.39555 -3
8759900 -5.23158 -3
8760000 -5.33419 -3
8760100 -5.34977 -3
8760200 -5.35806 -3
8760300 -5.37909 -3
8760400 -5.26391 -3
8760500 -5.00109 -3
8760600 -5.04091 -3
8760700 -5.42768 -3
8760800 -5.50626 -3
8760900 -5.32855 -3
8761000 -5.35437 -3
8761100 -5.17804 -3
8761200 -5.21093 -3
8761300 -5.36438 -3
8761400 -5.28496 -3
8761500 -5.51453 -3
8761600 -5.56429 -3
8761700 -5.26259 -3
8761800 -5.41989 -3
8761900 -5.44623 -3
8762000 -5.59041 -3
8762100 -5.66243 -3
8762200 -5.30716 -3
8762300 -5.3163 -3
8762400 -5.35022 -3
8762500 -5.25143 -3
8762600 -5.34899 -3
8762700 -5.39793 -3
8762800 -5.33751 -3
8762900 -5.38344 -3
8763000 -5.46603 -3
8763100 -5.36358 -3
8763200 -5.24262 -3
8763300 -5.35816 -3
8763400 -5.29308 -3
8763500 -5.32505 -3
8763600 -5.54959 -3
8763700 -5.58593 -3
8763800 -5.38834 -3
8763900 -5.14742 -3
8764000 -5.30798 -3
8764100 -5.62321 -3
8764200 -5.09611 -3
8764300 -5.13766 -3
8764400 -5.36077 -3
8764500 -5.43608 -3
8764600 -5.32958 -3
8764700 -5.2715 -3
8764800 -5.17351 -3
8764900 -5.43342 -3
8765000 -5.5973 -3
8765100 -5.474 -3
8765200 -5.14331 -3
8765300 -5.07295 -3
8765400 -5.08792 -3
8765500 -5.43524 -3
8765600 -5.44462 -3
8765700 -5.21372 -3
8765800 -5.26951 -3
8765900 -5.44971 -3
8766000 -5.20843 -3
8766100 -5.22344 -3
8766200 -5.48114 -3
8766300 -5.34629 -3
8766400 -5.13534 -3
8766500 -5.44421 -3
8766600 -5.32801 -3
8766700 -5.48429 -3
8766800 -5.27524 -3
8766900 -5.49255 -3
8767000 -5.39771 -3
8767100 -4.9359 -3
8767200 -4.59417 -3
8767300 -4.51355 -3
8767400 -4.48185 -3
8767500 -4.51173 -3
8767600 -4.62776 -3
8767700 -4.78274 -3
8767800 -5.15548 -3
8767900 -5.30562 -3
8768000 -5.5269 -3
8768100 -5.49868 -3
8768200 -5.66822 -3
8768300 -5.70191 -3
8768400 -5.44089 -3
8768500 -5.38294 -3
8768600 -5.22168 -3
8768700 -5.13047 -3
8768800 -5.39441 -3
8768900 -5.3644 -3
8769000 -5.29704 -3
8769100 -5.61451 -3
8769200 -5.55414 -3
8769300 -5.35218 -3
8769400 -5.04977 -3
8769500 -5.14963 -3
8769600 -5.42271 -3
8769700 -5.57235 -3
8769800 -5.52955 -3
8769900 -5.34247 -3
8770000 -4.95725 -3
8770100 -4.87509 -3
8770200 -5.11813 -3
8770300 -5.33611 -3
8770400 -5.294 -3
8770500 -5.71744 -3
8770600 -5.70106 -3
8770700 -5.28152 -3
8770800 -5.07946 -3
8770900 -5.06224 -3
8771000 -5.08708 -3
8771100 -5.07092 -3
8771200 -5.03894 -3
8771300 -5.4066 -3
8771400 -5.3675 -3
8771500 -5.28729 -3
8771600 -5.36142 -3
8771700 -5.32914 -3
8771800 -5.26294 -3
8771900 -5.36645 -3
8772000 -5.30632 -3
8772100 -5.32467 -3
8772200 -5.54005 -3
8772300 -5.60889 -3
8772400 -5.27963 -3
8772500 -5.33182 -3
8772600 -5.28796 -3
8772700 -5.21523 -3
8772800 -5.31118 -3
8772900 -5.27085 -3
8773000 -5.20518 -3
8773100 -5.46136 -3
8773200 -5.53529 -3
8773300 -5.29785 -3
8773400 -5.452 -3
8773500 -5.52079 -3
8773600 -5.67252 -3
8773700 -5.7232 -3
8773800 -5.25963 -3
8773900 -5.17362 -3
8774000 -5.5189 -3
8774100 -5.44062 -3
8774200 -5.25036 -3
8774300 -5.2 -3
8774400 -5.20432 -3
8774500 -5.25977 -3
8774600 -5.25077 -3
8774700 -5.3056 -3
8774800 -5.33774 -3
8774900 -5.1135 -3
8775000 -5.22173 -3
8775100 -5.33725 -3
8775200 -5.03772 -3
8775300 -5.4499 -3
8775400 -5.41855 -3
8775500 -5.21259 -3
8775600 -4.76382 -3
8775700 -4.40067 -3
8775800 -4.44266 -3
8775900 -4.68919 -3
8776000 -5.07947 -3
8776100 -5.28839 -3
8776200 -5.04385 -3
8776300 -5.34631 -3
8776400 -5.45145 -3
8776500 -5.33823 -3
8776600 -5.39783 -3
8776700 -5.02634 -3
8776800 -5.02463 -3
8776900 -5.23214 -3
8777000 -5.62238 -3
8777100 -5.75515 -3
8777200 -5.42118 -3
8777300 -5.25728 -3
8777400 -5.42712 -3
8777500 -5.52247 -3
8777600 -5.42693 -3
8777700 -5.36165 -3
8777800 -5.60389 -3
8777900 -5.4922 -3
8778000 -5.23843 -3
8778100 -5.33285 -3
8778200 -5.42193 -3
8778300 -5.32755 -3
8778400 -5.26969 -3
8778500 -5.20712 -3
8778600 -5.27814 -3
8778700 -5.22633 -3
8778800 -5.20191 -3
8778900 -5.20665 -3
8779000 -5.07786 -3
8779100 -5.2494 -3
8779200 -5.53782 -3
8779300 -5.24417 -3
8779400 -5.12394 -3
8779500 -5.21264 -3
8779600 -5.32079 -3
8779700 -5.1925 -3
8779800 -5.06725 -3
8779900 -5.0223 -3
8780000 -5.14903 -3
8780100 -5.37344 -3
8780200 -5.56327 -3
8780300 -5.56873 -3
8780400 -5.14527 -3
8780500 -4.83558 -3
8780600 -5.22671 -3
8780700 -5.51103 -3
8780800 -5.09576 -3
8780900 -5.05766 -3
8781000 -5.31841 -3
8781100 -5.24327 -3
8781200 -5.1024 -3
8781300 -4.96567 -3
8781400 -4.96215 -3
8781500 -5.28639 -3
8781600 -5.39641 -3
8781700 -5.2407 -3
8781800 -5.14648 -3
8781900 -5.0949 -3
8782000 -5.25602 -3
8782100 -5.39625 -3
8782200 -5.32236 -3
8782300 -5.42137 -3
8782400 -5.25673 -3
8782500 -5.10856 -3
8782600 -5.17721 -3
8782700 -5.28102 -3
8782800 -5.1697 -3
8782900 -5.31808 -3
8783000 -5.35459 -3
8783100 -5.14562 -3
8783200 -5.10464 -3
8783300 -5.22236 -3
8783400 -5.26683 -3
8783500 -5.32926 -3
8783600 -5.47993 -3
8783700 -5.29547 -3
8783800 -5.14993 -3
8783900 -5.00199 -3
8784000 -5.11639 -3
8784100 -5.42208 -3
8784200 -5.39858 -3
8784300 -5.12816 -3
8784400 -5.22364 -3
8784500 -5.5243 -3
8784600 -5.52496 -3
8784700 -5.17312 -3
8784800 -4.96169 -3
8784900 -5.40049 -3
8785000 -5.40463 -3
8785100 -5.48651 -3
8785200 -5.73923 -3
8785300 -5.50379 -3
8785400 -5.17732 -3
8785500 -5.14461 -3
8785600 -5.10802 -3
8785700 -5.04509 -3
8785800 -5.42493 -3
8785900 -5.35206 -3
8786000 -5.13554 -3
8786100 -5.41726 -3
8786200 -5.40607 -3
8786300 -5.0923 -3
8786400 -5.1923 -3
8786500 -5.3022 -3
8786600 -4.98701 -3
8786700 -4.78657 -3
8786800 -4.71441 -3
8786900 -5.25801 -3
8787000 -5.51849 -3
8787100 -5.41 -3
8787200 -5.26687 -3
8787300 -5.27566 -3
8787400 -5.2684 -3
8787500 -5.21798 -3
8787600 -5.15097 -3
8787700 -5.00374 -3
8787800 -4.92215 -3
8787900 -5.07707 -3
8788000 -5.48967 -3
8788100 -5.73168 -3
8788200 -5.62957 -3
8788300 -5.2785 -3
8788400 -4.99632 -3
8788500 -5.33187 -3
8788600 -5.37885 -3
8788700 -5.59028 -3
8788800 -5.61951 -3
8788900 -5.54102 -3
8789000 -5.53738 -3
8789100 -5.54942 -3
8789200 -5.37851 -3
8789300 -5.18054 -3
8789400 -5.26339 -3
8789500 -5.03133 -3
8789600 -5.02203 -3
8789700 -5.20177 -3
8789800 -5.30208 -3
8789900 -5.40244 -3
8790000 -5.34589 -3
8790100 -5.09507 -3
8790200 -5.19288 -3
8790300 -5.62698 -3
8790400 -5.36456 -3
8790500 -5.18413 -3
8790600 -5.18248 -3
8790700 -5.47467 -3
8790800 -5.60978 -3
8790900 -5.4898 -3
8791000 -5.38024 -3
8791100 -5.45427 -3
8791200 -5.4448 -3
8791300 -5.39696 -3
8791400 -5.35805 -3
8791500 -5.28018 -3
8791600 -5.07894 -3
8791700 -5.44233 -3
8791800 -5.58647 -3
8791900 -5.50755 -3
8792000 -5.57719 -3
8792100 -5.21523 -3
8792200 -4.81157 -3
8792300 -5.19874 -3
8792400 -5.20903 -3
8792500 -5.19997 -3
8792600 -5.23041 -3
8792700 -5.35278 -3
8792800 -5.41892 -3
8792900 -5.31561 -3
8793000 -5.16473 -3
8793100 -5.56688 -3
8793200 -5.40799 -3
8793300 -5.31706 -3
8793400 -5.60042 -3
8793500 -5.64644 -3
8793600 -5.5114 -3
8793700 -5.2582 -3
8793800 -5.40171 -3
8793900 -5.64035 -3
8794000 -5.44762 -3
8794100 -5.31248 -3
8794200 -5.07273 -3
8794300 -5.40081 -3
8794400 -5.27146 -3
8794500 -5.33732 -3
8794600 -5.49234 -3
8794700 -5.32968 -3
8794800 -5.14749 -3
8794900 -5.36872 -3
8795000 -5.39577 -3
8795100 -5.11995 -3
8795200 -5.19836 -3
8795300 -5.26905 -3
8795400 -5.15758 -3
8795500 -5.05022 -3
8795600 -5.36284 -3
8795700 -5.60281 -3
8795800 -5.27849 -3
8795900 -5.31364 -3
8796000 -5.33686 -3
8796100 -5.21974 -3
8796200 -5.35646 -3
8796300 -5.17268 -3
8796400 -5.31298 -3
8796500 -5.51241 -3
8796600 -5.56899 -3
8796700 -5.33274 -3
8796800 -5.11003 -3
8796900 -5.35196 -3
8797000 -5.30237 -3
8797100 -5.19895 -3
8797200 -5.14663 -3
8797300 -5.41302 -3
8797400 -5.70992 -3
8797500 -5.51475 -3
8797600 -5.22572 -3
8797700 -5.42915 -3
8797800 -5.41245 -3
8797900 -4.90289 -3
8798000 -5.04499 -3
8798100 -5.55331 -3
8798200 -5.56897 -3
8798300 -5.60587 -3
8798400 -5.198 -3
8798500 -5.07288 -3
8798600 -5.39586 -3
8798700 -5.33621 -3
8798800 -5.48598 -3
8798900 -5.46136 -3
8799000 -5.37059 -3
8799100 -5.43281 -3
8799200 -5.40635 -3
8799300 -5.40413 -3
8799400 -5.34015 -3
8799500 -5.28041 -3
8799600 -5.15768 -3
8799700 -4.95523 -3
8799800 -5.02908 -3
8799900 -5.22097 -3
8800000 -5.23921 -3
