# Time-averaged data for fix myat1
# TimeStep v_xave v_xdes
19000100 22.7972 23
19000200 22.9395 23
19000300 22.926 23
19000400 22.8145 23
19000500 22.7095 23
19000600 22.8564 23
19000700 22.9483 23
19000800 22.8516 23
19000900 22.7941 23
19001000 22.8699 23
19001100 23.1128 23
19001200 23.4262 23
19001300 23.2466 23
19001400 22.7653 23
19001500 22.7616 23
19001600 22.9978 23
19001700 23.2741 23
19001800 23.0513 23
19001900 22.8152 23
19002000 22.6219 23
19002100 22.8516 23
19002200 22.931 23
19002300 22.9195 23
19002400 22.6313 23
19002500 22.5029 23
19002600 22.4474 23
19002700 22.4743 23
19002800 22.674 23
19002900 22.6283 23
19003000 23.1171 23
19003100 23.3373 23
19003200 23.5188 23
19003300 23.4772 23
19003400 23.098 23
19003500 23.1465 23
19003600 23.4278 23
19003700 23.4863 23
19003800 23.1325 23
19003900 23.0403 23
19004000 23.0764 23
19004100 23.0836 23
19004200 22.9642 23
19004300 22.6673 23
19004400 22.4454 23
19004500 22.4125 23
19004600 22.278 23
19004700 22.4635 23
19004800 22.6062 23
19004900 22.538 23
19005000 22.6248 23
19005100 22.6945 23
19005200 22.5473 23
19005300 22.3092 23
19005400 22.7647 23
19005500 23.2355 23
19005600 23.2337 23
19005700 23.2686 23
19005800 23.3329 23
19005900 23.3176 23
19006000 23.6114 23
19006100 23.4909 23
19006200 23.3331 23
19006300 23.1181 23
19006400 23.0166 23
19006500 23.0158 23
19006600 22.9225 23
19006700 22.7803 23
19006800 23.1113 23
19006900 23.2286 23
19007000 23.0041 23
19007100 22.8358 23
19007200 22.9219 23
19007300 23.032 23
19007400 23.0552 23
19007500 23.0319 23
19007600 22.9882 23
19007700 22.6365 23
19007800 22.3253 23
19007900 22.4608 23
19008000 22.4651 23
19008100 22.3322 23
19008200 22.4221 23
19008300 22.6016 23
19008400 22.642 23
19008500 22.6652 23
19008600 22.8802 23
19008700 22.7583 23
19008800 22.6638 23
19008900 22.6048 23
19009000 22.494 23
19009100 22.4999 23
19009200 22.7924 23
19009300 22.8907 23
19009400 22.9004 23
19009500 22.9441 23
19009600 23.0639 23
19009700 22.9162 23
19009800 22.8175 23
19009900 22.7385 23
19010000 22.8908 23
19010100 23.1438 23
19010200 23.0459 23
19010300 22.963 23
19010400 22.9791 23
19010500 22.9263 23
19010600 23.005 23
19010700 22.8191 23
19010800 22.8467 23
19010900 22.8639 23
19011000 22.9327 23
19011100 22.8211 23
19011200 22.7264 23
19011300 22.8177 23
19011400 23.0553 23
19011500 23.3061 23
19011600 23.3634 23
19011700 23.3751 23
19011800 23.4962 23
19011900 23.3435 23
19012000 23.4533 23
19012100 23.1321 23
19012200 22.9304 23
19012300 23.1337 23
19012400 23.3155 23
19012500 23.2759 23
19012600 23.2875 23
19012700 23.208 23
19012800 23.28 23
19012900 23.4997 23
19013000 23.3556 23
19013100 23.2936 23
19013200 23.4854 23
19013300 23.6419 23
19013400 23.6859 23
19013500 23.5985 23
19013600 23.1572 23
19013700 23.1049 23
19013800 23.5245 23
19013900 23.6935 23
19014000 23.6994 23
19014100 23.4385 23
19014200 23.2819 23
19014300 23.3087 23
19014400 23.1169 23
19014500 22.9414 23
19014600 23.1775 23
19014700 23.5183 23
19014800 23.4622 23
19014900 23.1691 23
19015000 23.206 23
19015100 23.2758 23
19015200 23.6479 23
19015300 24.1261 23
19015400 23.7958 23
19015500 23.3006 23
19015600 23.0389 23
19015700 23.0593 23
19015800 23.2916 23
19015900 23.4583 23
19016000 23.6401 23
19016100 23.4346 23
19016200 23.1595 23
19016300 22.9545 23
19016400 22.8339 23
19016500 22.733 23
19016600 22.637 23
19016700 22.3034 23
19016800 22.0064 23
19016900 21.9906 23
19017000 22.0232 23
19017100 22.2317 23
19017200 22.1265 23
19017300 22.1141 23
19017400 22.3626 23
19017500 22.4978 23
19017600 22.8829 23
19017700 23.0736 23
19017800 23.3754 23
19017900 23.7095 23
19018000 23.7745 23
19018100 23.6824 23
19018200 23.5696 23
19018300 23.4948 23
19018400 23.3236 23
19018500 22.9517 23
19018600 22.6139 23
19018700 22.2768 23
19018800 22.2313 23
19018900 21.9861 23
19019000 21.9228 23
19019100 22.1123 23
19019200 22.1114 23
19019300 22.3534 23
19019400 22.4776 23
19019500 22.675 23
19019600 23.0632 23
19019700 23.2645 23
19019800 23.2374 23
19019900 23.3564 23
19020000 23.4166 23
19020100 23.5271 23
19020200 23.3871 23
19020300 23.2199 23
19020400 23.334 23
19020500 23.6927 23
19020600 23.8828 23
19020700 23.8268 23
19020800 23.4854 23
19020900 23.2141 23
19021000 23.3305 23
19021100 23.1258 23
19021200 22.8965 23
19021300 22.701 23
19021400 22.4812 23
19021500 22.4743 23
19021600 22.9376 23
19021700 23.1636 23
19021800 23.1604 23
19021900 22.9378 23
19022000 23.0502 23
19022100 23.0878 23
19022200 23.3516 23
19022300 23.3974 23
19022400 23.2537 23
19022500 23.1006 23
19022600 22.8068 23
19022700 22.4537 23
19022800 22.462 23
19022900 22.1862 23
19023000 22.1944 23
19023100 22.5277 23
19023200 22.6668 23
19023300 22.2437 23
19023400 22.2034 23
19023500 22.2248 23
19023600 22.1992 23
19023700 22.2768 23
19023800 22.2387 23
19023900 22.3924 23
19024000 22.3027 23
19024100 22.1837 23
19024200 22.4145 23
19024300 22.7533 23
19024400 22.9152 23
19024500 23.1069 23
19024600 23.1937 23
19024700 23.337 23
19024800 23.4719 23
19024900 23.4062 23
19025000 23.0865 23
19025100 23.1239 23
19025200 23.4162 23
19025300 23.3288 23
19025400 23.1654 23
19025500 22.9005 23
19025600 23.0306 23
19025700 22.8616 23
19025800 22.537 23
19025900 22.9025 23
19026000 23.047 23
19026100 23.085 23
19026200 23.1392 23
19026300 22.9852 23
19026400 23.1695 23
19026500 22.8925 23
19026600 22.5823 23
19026700 22.7586 23
19026800 22.5119 23
19026900 22.766 23
19027000 22.894 23
19027100 22.7873 23
19027200 22.7181 23
19027300 22.7064 23
19027400 22.8203 23
19027500 23.2302 23
19027600 23.4717 23
19027700 23.7901 23
19027800 23.5926 23
19027900 23.2527 23
19028000 23.1745 23
19028100 23.2209 23
19028200 22.9526 23
19028300 23.0521 23
19028400 23.502 23
19028500 23.3231 23
19028600 23.1245 23
19028700 22.9781 23
19028800 22.7617 23
19028900 22.9113 23
19029000 22.7893 23
19029100 22.5275 23
19029200 22.7154 23
19029300 22.7274 23
19029400 22.5731 23
19029500 22.9151 23
19029600 23.2737 23
19029700 23.3287 23
19029800 23.1192 23
19029900 23.2159 23
19030000 23.2076 23
19030100 22.7849 23
19030200 22.6035 23
19030300 22.7639 23
19030400 23.1452 23
19030500 23.1694 23
19030600 22.9063 23
19030700 22.8762 23
19030800 23.075 23
19030900 23.2424 23
19031000 23.0739 23
19031100 22.839 23
19031200 22.6237 23
19031300 22.785 23
19031400 23.1058 23
19031500 23.3825 23
19031600 23.5741 23
19031700 23.3374 23
19031800 22.6885 23
19031900 22.6421 23
19032000 22.7275 23
19032100 22.8919 23
19032200 22.772 23
19032300 23.0085 23
19032400 23.0597 23
19032500 23.0532 23
19032600 23.0913 23
19032700 22.8218 23
19032800 22.8837 23
19032900 23.0912 23
19033000 23.2629 23
19033100 23.4738 23
19033200 23.4721 23
19033300 23.4199 23
19033400 23.5791 23
19033500 23.6084 23
19033600 23.3678 23
19033700 22.9476 23
19033800 22.9656 23
19033900 23.0664 23
19034000 22.8236 23
19034100 22.7605 23
19034200 22.9386 23
19034300 22.8776 23
19034400 22.817 23
19034500 22.8357 23
19034600 22.6627 23
19034700 22.4929 23
19034800 22.5837 23
19034900 22.4257 23
19035000 22.773 23
19035100 23.1914 23
19035200 23.4068 23
19035300 23.3423 23
19035400 23.2531 23
19035500 23.4893 23
19035600 23.476 23
19035700 23.544 23
19035800 23.8006 23
19035900 23.6291 23
19036000 23.4767 23
19036100 23.5927 23
19036200 23.349 23
19036300 23.4319 23
19036400 23.7016 23
19036500 23.7768 23
19036600 23.6774 23
19036700 23.5319 23
19036800 23.2332 23
19036900 23.1078 23
19037000 23.3648 23
19037100 23.5708 23
19037200 23.6607 23
19037300 23.6525 23
19037400 23.4925 23
19037500 23.2138 23
19037600 22.8855 23
19037700 22.9354 23
19037800 23.0241 23
19037900 22.8312 23
19038000 22.9587 23
19038100 22.8876 23
19038200 23.0489 23
19038300 23.2689 23
19038400 23.238 23
19038500 23.0638 23
19038600 22.8769 23
19038700 22.7719 23
19038800 22.795 23
19038900 22.6917 23
19039000 22.7491 23
19039100 22.8984 23
19039200 23.0899 23
19039300 22.8716 23
19039400 22.8599 23
19039500 23.0658 23
19039600 23.0637 23
19039700 23.1496 23
19039800 22.9455 23
19039900 22.7333 23
19040000 22.7912 23
19040100 23.2402 23
19040200 22.9423 23
19040300 22.7246 23
19040400 22.8302 23
19040500 23.0762 23
19040600 23.3604 23
19040700 23.7411 23
19040800 23.7144 23
19040900 23.5663 23
19041000 23.4701 23
19041100 22.9139 23
19041200 22.5178 23
19041300 22.6169 23
19041400 22.873 23
19041500 22.7797 23
19041600 22.6447 23
19041700 22.532 23
19041800 22.5764 23
19041900 22.8715 23
19042000 23.2229 23
19042100 23.2007 23
19042200 23.0797 23
19042300 23.0361 23
19042400 23.4804 23
19042500 23.331 23
19042600 23.3013 23
19042700 23.2021 23
19042800 22.9891 23
19042900 22.8984 23
19043000 22.5277 23
19043100 22.7668 23
19043200 23.149 23
19043300 23.4337 23
19043400 23.5105 23
19043500 23.1497 23
19043600 22.5412 23
19043700 22.277 23
19043800 22.6588 23
19043900 22.9627 23
19044000 23.1457 23
19044100 23.2997 23
19044200 23.6143 23
19044300 23.6023 23
19044400 23.4172 23
19044500 23.2137 23
19044600 23.2113 23
19044700 23.4603 23
19044800 23.6551 23
19044900 23.3579 23
19045000 23.0737 23
19045100 23.1208 23
19045200 23.154 23
19045300 22.8487 23
19045400 22.5445 23
19045500 22.4725 23
19045600 22.546 23
19045700 22.4042 23
19045800 22.3245 23
19045900 22.3855 23
19046000 22.4929 23
19046100 22.7175 23
19046200 22.8063 23
19046300 22.628 23
19046400 22.6813 23
19046500 22.5006 23
19046600 22.8007 23
19046700 23.2265 23
19046800 23.3837 23
19046900 23.1817 23
19047000 22.7206 23
19047100 22.3105 23
19047200 22.3839 23
19047300 22.5937 23
19047400 22.8717 23
19047500 23.2827 23
19047600 23.0889 23
19047700 22.8905 23
19047800 22.9235 23
19047900 22.9771 23
19048000 23.0151 23
19048100 23.0179 23
19048200 23.099 23
19048300 22.7469 23
19048400 22.5826 23
19048500 22.5786 23
19048600 22.9869 23
19048700 22.853 23
19048800 23.0293 23
19048900 22.9312 23
19049000 23.119 23
19049100 23.0311 23
19049200 23.275 23
19049300 23.3558 23
19049400 23.0757 23
19049500 22.5818 23
19049600 22.2876 23
19049700 22.4653 23
19049800 22.6433 23
19049900 22.6813 23
19050000 23.0205 23
19050100 23.4664 23
19050200 23.6201 23
19050300 23.5591 23
19050400 23.4683 23
19050500 23.5904 23
19050600 23.6995 23
19050700 23.5816 23
19050800 23.4067 23
19050900 23.1217 23
19051000 23.043 23
19051100 22.8507 23
19051200 22.715 23
19051300 22.5437 23
19051400 22.7693 23
19051500 22.9866 23
19051600 23.0356 23
19051700 22.8296 23
19051800 22.7326 23
19051900 22.7145 23
19052000 22.864 23
19052100 22.888 23
19052200 22.9076 23
19052300 23.0018 23
19052400 22.9842 23
19052500 22.912 23
19052600 22.8729 23
19052700 22.9891 23
19052800 23.0574 23
19052900 23.3316 23
19053000 23.1908 23
19053100 23.1762 23
19053200 22.863 23
19053300 22.9098 23
19053400 23.1245 23
19053500 23.3969 23
19053600 23.5076 23
19053700 23.5795 23
19053800 23.6671 23
19053900 23.6969 23
19054000 23.6363 23
19054100 23.6013 23
19054200 23.4951 23
19054300 23.2858 23
19054400 23.2769 23
19054500 23.3324 23
19054600 23.2547 23
19054700 23.0733 23
19054800 23.0371 23
19054900 23.0941 23
19055000 23.0407 23
19055100 22.9352 23
19055200 22.6152 23
19055300 22.5767 23
19055400 22.7451 23
19055500 23.0013 23
19055600 23.5634 23
19055700 23.675 23
19055800 23.4503 23
19055900 23.4232 23
19056000 23.2455 23
19056100 23.2874 23
19056200 23.0204 23
19056300 22.7957 23
19056400 22.7753 23
19056500 22.6188 23
19056600 22.5844 23
19056700 22.7172 23
19056800 22.7678 23
19056900 22.7691 23
19057000 22.8852 23
19057100 22.9852 23
19057200 23.0021 23
19057300 22.9435 23
19057400 22.7852 23
19057500 22.8629 23
19057600 22.8277 23
19057700 22.5091 23
19057800 22.6827 23
19057900 22.8772 23
19058000 23.0481 23
19058100 23.0322 23
19058200 23.0133 23
19058300 23.0842 23
19058400 22.9901 23
19058500 23.0034 23
19058600 23.1097 23
19058700 23.1307 23
19058800 23.104 23
19058900 22.9654 23
19059000 23.111 23
19059100 23.1109 23
19059200 22.735 23
19059300 22.494 23
19059400 22.1756 23
19059500 21.9638 23
19059600 21.9762 23
19059700 22.1143 23
19059800 22.1992 23
19059900 22.5704 23
19060000 22.6025 23
19060100 22.5898 23
19060200 22.7177 23
19060300 22.8431 23
19060400 22.8772 23
19060500 22.7798 23
19060600 22.5009 23
19060700 22.6978 23
19060800 22.9631 23
19060900 22.7939 23
19061000 22.3686 23
19061100 22.563 23
19061200 23.0415 23
19061300 23.0229 23
19061400 22.5985 23
19061500 22.4807 23
19061600 22.6317 23
19061700 22.5676 23
19061800 22.3436 23
19061900 22.2812 23
19062000 21.9394 23
19062100 22.4026 23
19062200 22.7186 23
19062300 23.0676 23
19062400 23.2566 23
19062500 23.0846 23
19062600 23.0744 23
19062700 22.7858 23
19062800 22.791 23
19062900 23.0554 23
19063000 22.9648 23
19063100 22.9321 23
19063200 23.1384 23
19063300 23.3878 23
19063400 23.1497 23
19063500 22.8743 23
19063600 22.7763 23
19063700 22.5675 23
19063800 22.4707 23
19063900 22.2651 23
19064000 21.9717 23
19064100 21.9268 23
19064200 22.2872 23
19064300 23.0185 23
19064400 23.5497 23
19064500 23.5702 23
19064600 23.6649 23
19064700 23.6862 23
19064800 23.4062 23
19064900 23.0506 23
19065000 23.0846 23
19065100 23.1798 23
19065200 23.2279 23
19065300 23.3269 23
19065400 23.3234 23
19065500 23.3789 23
19065600 23.1476 23
19065700 22.9055 23
19065800 22.9042 23
19065900 22.9157 23
19066000 22.6957 23
19066100 22.6377 23
19066200 22.7254 23
19066300 22.7989 23
19066400 23.1339 23
19066500 23.4915 23
19066600 23.687 23
19066700 23.7262 23
19066800 23.4327 23
19066900 23.1529 23
19067000 22.8844 23
19067100 22.7187 23
19067200 22.7201 23
19067300 22.5794 23
19067400 22.3859 23
19067500 22.5633 23
19067600 22.495 23
19067700 22.6965 23
19067800 22.9093 23
19067900 23.2753 23
19068000 23.1663 23
19068100 23.3266 23
19068200 23.2487 23
19068300 23.2231 23
19068400 23.265 23
19068500 23.2818 23
19068600 22.9775 23
19068700 22.5311 23
19068800 22.3268 23
19068900 22.4433 23
19069000 22.4573 23
19069100 22.4703 23
19069200 22.5433 23
19069300 22.4829 23
19069400 22.7534 23
19069500 23.0489 23
19069600 23.3817 23
19069700 23.4554 23
19069800 23.231 23
19069900 22.9399 23
19070000 22.5384 23
19070100 22.3991 23
19070200 22.4477 23
19070300 22.7832 23
19070400 22.6238 23
19070500 22.3947 23
19070600 22.1974 23
19070700 22.2737 23
19070800 22.5153 23
19070900 22.5251 23
19071000 22.5633 23
19071100 22.8115 23
19071200 23.0935 23
19071300 23.3377 23
19071400 23.12 23
19071500 23.1511 23
19071600 23.2483 23
19071700 23.2286 23
19071800 23.1042 23
19071900 22.9621 23
19072000 22.9429 23
19072100 23.426 23
19072200 23.3377 23
19072300 23.0477 23
19072400 22.9772 23
19072500 23.0161 23
19072600 23.0311 23
19072700 23.1037 23
19072800 23.1602 23
19072900 23.1357 23
19073000 23.1836 23
19073100 23.3165 23
19073200 23.2824 23
19073300 22.9803 23
19073400 22.6335 23
19073500 22.417 23
19073600 22.3211 23
19073700 22.2927 23
19073800 23.0926 23
19073900 23.5889 23
19074000 23.3806 23
19074100 23.308 23
19074200 23.2204 23
19074300 22.9698 23
19074400 22.7584 23
19074500 22.6652 23
19074600 22.5744 23
19074700 22.8483 23
19074800 23.1742 23
19074900 23.1831 23
19075000 22.7791 23
19075100 23.0249 23
19075200 23.1681 23
19075300 23.0337 23
19075400 22.7822 23
19075500 22.8691 23
19075600 22.9509 23
19075700 23.0769 23
19075800 23.1283 23
19075900 23.0181 23
19076000 22.8304 23
19076100 22.901 23
19076200 23.1622 23
19076300 23.6791 23
19076400 23.6623 23
19076500 23.4603 23
19076600 23.3473 23
19076700 23.214 23
19076800 23.2391 23
19076900 23.3165 23
19077000 23.841 23
19077100 24.019 23
19077200 24.2063 23
19077300 24.2393 23
19077400 23.9406 23
19077500 23.7177 23
19077600 23.4274 23
19077700 23.592 23
19077800 23.9586 23
19077900 23.9859 23
19078000 23.8488 23
19078100 23.637 23
19078200 23.6551 23
19078300 23.6235 23
19078400 23.6026 23
19078500 23.5253 23
19078600 23.1927 23
19078700 22.772 23
19078800 22.9781 23
19078900 23.3037 23
19079000 23.4699 23
19079100 23.315 23
19079200 23.0558 23
19079300 23.0632 23
19079400 22.8863 23
19079500 23.0018 23
19079600 22.8882 23
19079700 22.6136 23
19079800 22.7345 23
19079900 22.7849 23
19080000 22.884 23
19080100 22.9225 23
19080200 22.7963 23
19080300 22.9116 23
19080400 23.1409 23
19080500 23.4803 23
19080600 23.6323 23
19080700 23.0937 23
19080800 22.9069 23
19080900 23.0391 23
19081000 23.1611 23
19081100 23.1699 23
19081200 23.3212 23
19081300 23.2814 23
19081400 23.199 23
19081500 23.1673 23
19081600 23.2198 23
19081700 23.2341 23
19081800 23.1876 23
19081900 22.8212 23
19082000 22.8023 23
19082100 22.6864 23
19082200 22.5716 23
19082300 22.3235 23
19082400 22.6569 23
19082500 22.7296 23
19082600 22.7584 23
19082700 22.8751 23
19082800 23.2071 23
19082900 23.4884 23
19083000 23.425 23
19083100 23.2165 23
19083200 23.1891 23
19083300 23.012 23
19083400 23.0453 23
19083500 22.9809 23
19083600 23.253 23
19083700 23.3278 23
19083800 23.2128 23
19083900 23.0575 23
19084000 22.7272 23
19084100 22.9463 23
19084200 23.2635 23
19084300 23.268 23
19084400 23.6308 23
19084500 23.984 23
19084600 24.1825 23
19084700 23.9513 23
19084800 23.5297 23
19084900 23.6665 23
19085000 23.539 23
19085100 23.3785 23
19085200 23.0568 23
19085300 23.2615 23
19085400 23.3518 23
19085500 23.268 23
19085600 23.1617 23
19085700 22.9266 23
19085800 22.9458 23
19085900 23.1645 23
19086000 23.3302 23
19086100 22.9785 23
19086200 22.7711 23
19086300 22.6832 23
19086400 22.8197 23
19086500 22.6474 23
19086600 22.5974 23
19086700 22.5846 23
19086800 22.7889 23
19086900 22.9382 23
19087000 22.9361 23
19087100 22.8408 23
19087200 22.5941 23
19087300 22.622 23
19087400 22.7037 23
19087500 22.325 23
19087600 22.315 23
19087700 22.5335 23
19087800 22.3941 23
19087900 22.4363 23
19088000 22.4648 23
19088100 22.5854 23
19088200 22.9222 23
19088300 22.9858 23
19088400 22.9375 23
19088500 22.7815 23
19088600 22.7871 23
19088700 23.2608 23
19088800 23.4204 23
19088900 23.3606 23
19089000 23.5051 23
19089100 23.8142 23
19089200 23.9015 23
19089300 23.583 23
19089400 23.267 23
19089500 23.245 23
19089600 23.004 23
19089700 22.9752 23
19089800 22.9533 23
19089900 23.1826 23
19090000 23.0221 23
19090100 22.9166 23
19090200 23.0379 23
19090300 23.1603 23
19090400 23.256 23
19090500 23.0861 23
19090600 22.8565 23
19090700 22.8959 23
19090800 22.629 23
19090900 22.8539 23
19091000 23.0233 23
19091100 22.9263 23
19091200 22.7302 23
19091300 22.8521 23
19091400 22.7332 23
19091500 23.0563 23
19091600 23.2857 23
19091700 23.2442 23
19091800 23.1297 23
19091900 23.255 23
19092000 23.4451 23
19092100 23.4481 23
19092200 23.47 23
19092300 23.0045 23
19092400 22.6086 23
19092500 22.4883 23
19092600 22.4429 23
19092700 22.499 23
19092800 22.7098 23
19092900 23.0991 23
19093000 23.0309 23
19093100 23.0043 23
19093200 22.9112 23
19093300 22.8834 23
19093400 22.7605 23
19093500 22.8943 23
19093600 23.0971 23
19093700 23.0536 23
19093800 23.2395 23
19093900 23.5308 23
19094000 23.4537 23
19094100 23.2026 23
19094200 22.9785 23
19094300 22.8072 23
19094400 22.7889 23
19094500 22.9172 23
19094600 22.8236 23
19094700 22.72 23
19094800 23.1064 23
19094900 23.2009 23
19095000 23.1322 23
19095100 22.9119 23
19095200 22.5321 23
19095300 22.6264 23
19095400 22.7867 23
19095500 22.7463 23
19095600 22.7256 23
19095700 23.0751 23
19095800 23.332 23
19095900 23.136 23
19096000 23.0063 23
19096100 22.776 23
19096200 22.706 23
19096300 22.6361 23
19096400 22.3291 23
19096500 22.2105 23
19096600 22.4707 23
19096700 22.6777 23
19096800 22.8689 23
19096900 22.9251 23
19097000 23.1374 23
19097100 22.9673 23
19097200 22.4138 23
19097300 21.9071 23
19097400 21.7758 23
19097500 21.7797 23
19097600 21.8532 23
19097700 22.557 23
19097800 23.0397 23
19097900 23.3636 23
19098000 23.2087 23
19098100 23.1425 23
19098200 22.9103 23
19098300 22.845 23
19098400 23.0141 23
19098500 23.2929 23
19098600 23.1158 23
19098700 22.814 23
19098800 22.9404 23
19098900 22.9813 23
19099000 23.1571 23
19099100 23.0024 23
19099200 23.0542 23
19099300 23.2545 23
19099400 23.3582 23
19099500 23.3899 23
19099600 23.5812 23
19099700 23.3664 23
19099800 23.2141 23
19099900 23.3845 23
19100000 23.1822 23
19100100 23.0981 23
19100200 23.09 23
19100300 23.1418 23
19100400 23.0439 23
19100500 22.9975 23
19100600 22.8493 23
19100700 23.1064 23
19100800 23.3183 23
19100900 23.1203 23
19101000 22.991 23
19101100 22.9572 23
19101200 22.8529 23
19101300 22.7967 23
19101400 22.946 23
19101500 23.2763 23
19101600 23.6496 23
19101700 23.6343 23
19101800 23.0538 23
19101900 22.8033 23
19102000 22.6381 23
19102100 22.6006 23
19102200 22.6523 23
19102300 22.6632 23
19102400 22.7367 23
19102500 22.6044 23
19102600 22.8764 23
19102700 23.0353 23
19102800 23.2445 23
19102900 23.1383 23
19103000 23.0771 23
19103100 23.003 23
19103200 22.8298 23
19103300 22.9045 23
19103400 23.0458 23
19103500 23.3251 23
19103600 23.6784 23
19103700 23.8044 23
19103800 23.9097 23
19103900 24.1016 23
19104000 23.863 23
19104100 23.7404 23
19104200 23.7563 23
19104300 23.4598 23
19104400 23.1791 23
19104500 23.107 23
19104600 23.0646 23
19104700 23.0113 23
19104800 22.775 23
19104900 22.9032 23
19105000 22.8352 23
19105100 22.8106 23
19105200 22.8606 23
19105300 22.8342 23
19105400 22.7452 23
19105500 22.9548 23
19105600 22.785 23
19105700 22.7256 23
19105800 22.7306 23
19105900 22.9817 23
19106000 22.8844 23
19106100 22.5668 23
19106200 22.4046 23
19106300 22.2812 23
19106400 22.4264 23
19106500 22.3613 23
19106600 22.4558 23
19106700 22.5009 23
19106800 22.2247 23
19106900 22.3396 23
19107000 22.5788 23
19107100 22.7642 23
19107200 22.7978 23
19107300 22.7589 23
19107400 22.7712 23
19107500 22.9246 23
19107600 23.0819 23
19107700 23.0009 23
19107800 22.8191 23
19107900 22.775 23
19108000 23.1272 23
19108100 23.4576 23
19108200 23.4128 23
19108300 23.2367 23
19108400 23.292 23
19108500 23.4067 23
19108600 23.3964 23
19108700 23.3293 23
19108800 23.3392 23
19108900 23.1308 23
19109000 23.2445 23
19109100 23.3611 23
19109200 23.0411 23
19109300 23.0616 23
19109400 23.0154 23
19109500 23.0091 23
19109600 23.2432 23
19109700 23.2139 23
19109800 23.1564 23
19109900 23.4236 23
19110000 23.2614 23
19110100 23.0469 23
19110200 22.9911 23
19110300 23.1547 23
19110400 23.234 23
19110500 23.292 23
19110600 23.5934 23
19110700 23.7302 23
19110800 23.4006 23
19110900 23.2544 23
19111000 23.2367 23
19111100 23.6306 23
19111200 23.5978 23
19111300 23.3298 23
19111400 23.0202 23
19111500 23.316 23
19111600 23.5781 23
19111700 23.6594 23
19111800 23.5557 23
19111900 23.492 23
19112000 23.3299 23
19112100 23.1971 23
19112200 23.0961 23
19112300 23.2795 23
19112400 23.3981 23
19112500 23.397 23
19112600 23.4266 23
19112700 23.2823 23
19112800 23.1233 23
19112900 22.844 23
19113000 22.6341 23
19113100 22.5913 23
19113200 22.6877 23
19113300 22.5501 23
19113400 22.4198 23
19113500 22.4138 23
19113600 22.65 23
19113700 22.6426 23
19113800 22.8852 23
19113900 22.7113 23
19114000 22.7944 23
19114100 23.1639 23
19114200 23.1361 23
19114300 23.2557 23
19114400 23.3257 23
19114500 23.3864 23
19114600 23.2906 23
19114700 22.9931 23
19114800 22.9139 23
19114900 23.1209 23
19115000 23.0342 23
19115100 22.9722 23
19115200 22.9559 23
19115300 22.7523 23
19115400 22.8611 23
19115500 22.9423 23
19115600 23.3803 23
19115700 23.3511 23
19115800 23.1021 23
19115900 23.116 23
19116000 22.852 23
19116100 22.8472 23
19116200 23.0391 23
19116300 22.9438 23
19116400 22.8238 23
19116500 22.6477 23
19116600 22.4408 23
19116700 22.519 23
19116800 22.5385 23
19116900 22.5999 23
19117000 22.9034 23
19117100 22.9262 23
19117200 22.8693 23
19117300 22.7733 23
19117400 22.7943 23
19117500 22.5473 23
19117600 22.266 23
19117700 22.4327 23
19117800 22.7195 23
19117900 23.0616 23
19118000 23.5573 23
19118100 24.0807 23
19118200 23.9363 23
19118300 23.4358 23
19118400 23.3876 23
19118500 23.1872 23
19118600 22.9955 23
19118700 23.0229 23
19118800 22.9248 23
19118900 22.913 23
19119000 22.7897 23
19119100 22.6439 23
19119200 22.7395 23
19119300 22.97 23
19119400 22.903 23
19119500 22.7704 23
19119600 23.073 23
19119700 23.0401 23
19119800 22.6615 23
19119900 22.2578 23
19120000 22.7056 23
19120100 22.9904 23
19120200 23.3008 23
19120300 23.2521 23
19120400 23.5526 23
19120500 23.6562 23
19120600 23.3089 23
19120700 23.0183 23
19120800 23.0688 23
19120900 23.0166 23
19121000 23.1119 23
19121100 22.9985 23
19121200 23.3128 23
19121300 23.3978 23
19121400 23.3864 23
19121500 23.356 23
19121600 23.228 23
19121700 23.2934 23
19121800 23.481 23
19121900 23.6789 23
19122000 23.7026 23
19122100 23.5263 23
19122200 23.1468 23
19122300 22.9077 23
19122400 22.9785 23
19122500 23.0322 23
19122600 22.7513 23
19122700 22.7311 23
19122800 22.6509 23
19122900 22.7723 23
19123000 23.0969 23
19123100 23.2641 23
19123200 23.2742 23
19123300 23.3486 23
19123400 23.2207 23
19123500 23.1182 23
19123600 22.9925 23
19123700 22.9303 23
19123800 22.9842 23
19123900 23.0428 23
19124000 23.1145 23
19124100 22.8515 23
19124200 22.6553 23
19124300 22.5977 23
19124400 22.574 23
19124500 22.9021 23
19124600 23.2825 23
19124700 23.4363 23
19124800 23.4361 23
19124900 23.4479 23
19125000 23.5767 23
19125100 23.6042 23
19125200 23.6421 23
19125300 23.595 23
19125400 23.5226 23
19125500 23.571 23
19125600 23.3338 23
19125700 23.3002 23
19125800 23.1909 23
19125900 23.1808 23
19126000 23.2901 23
19126100 23.1971 23
19126200 23.3362 23
19126300 23.3377 23
19126400 23.2567 23
19126500 23.219 23
19126600 23.1548 23
19126700 23.1223 23
19126800 23.0664 23
19126900 22.9097 23
19127000 22.9323 23
19127100 23.2399 23
19127200 23.3405 23
19127300 23.0964 23
19127400 22.9016 23
19127500 22.8548 23
19127600 23.0599 23
19127700 23.1635 23
19127800 23.3499 23
19127900 23.2086 23
19128000 23.2904 23
19128100 23.2613 23
19128200 23.2258 23
19128300 23.3669 23
19128400 23.41 23
19128500 23.2019 23
19128600 22.9198 23
19128700 22.8111 23
19128800 22.6089 23
19128900 22.7448 23
19129000 22.9966 23
19129100 22.9652 23
19129200 23.2706 23
19129300 23.328 23
19129400 23.1963 23
19129500 23.4039 23
19129600 23.7199 23
19129700 23.5776 23
19129800 23.563 23
19129900 23.6844 23
19130000 23.7421 23
19130100 23.3913 23
19130200 23.0862 23
19130300 22.8562 23
19130400 22.8076 23
19130500 23.1821 23
19130600 23.1957 23
19130700 23.1818 23
19130800 23.0944 23
19130900 23.0656 23
19131000 23.3282 23
19131100 23.7235 23
19131200 23.3239 23
19131300 22.8736 23
19131400 22.8481 23
19131500 22.7881 23
19131600 22.542 23
19131700 22.3856 23
19131800 22.3866 23
19131900 22.4791 23
19132000 22.6137 23
19132100 22.6089 23
19132200 22.8202 23
19132300 22.6359 23
19132400 22.7292 23
19132500 22.8617 23
19132600 22.999 23
19132700 22.9536 23
19132800 22.9124 23
19132900 22.6642 23
19133000 22.5378 23
19133100 22.7997 23
19133200 22.7759 23
19133300 22.9559 23
19133400 23.1044 23
19133500 23.4765 23
19133600 23.3912 23
19133700 23.2903 23
19133800 23.2691 23
19133900 23.0855 23
19134000 22.9963 23
19134100 22.6678 23
19134200 22.5272 23
19134300 22.3466 23
19134400 22.0566 23
19134500 21.8953 23
19134600 21.9927 23
19134700 22.4193 23
19134800 22.5221 23
19134900 22.6939 23
19135000 23.0577 23
19135100 22.923 23
19135200 22.8046 23
19135300 22.7674 23
19135400 22.7341 23
19135500 22.7687 23
19135600 22.9493 23
19135700 22.9623 23
19135800 23.0737 23
19135900 23.4228 23
19136000 23.7585 23
19136100 23.982 23
19136200 24.0488 23
19136300 23.7268 23
19136400 23.8382 23
19136500 23.6012 23
19136600 23.3006 23
19136700 23.363 23
19136800 23.4705 23
19136900 23.3111 23
19137000 23.1026 23
19137100 22.9615 23
19137200 22.7305 23
19137300 22.4237 23
19137400 22.2573 23
19137500 22.2813 23
19137600 22.3863 23
19137700 22.7647 23
19137800 22.9523 23
19137900 23.0881 23
19138000 23.0343 23
19138100 23.0029 23
19138200 23.1003 23
19138300 22.9261 23
19138400 22.8762 23
19138500 23.0743 23
19138600 23.3361 23
19138700 23.2623 23
19138800 23.1746 23
19138900 23.4445 23
19139000 23.3986 23
19139100 23.3359 23
19139200 23.3778 23
19139300 23.0914 23
19139400 22.9499 23
19139500 23.1476 23
19139600 23.569 23
19139700 23.6471 23
19139800 23.747 23
19139900 23.8517 23
19140000 23.5427 23
19140100 22.9225 23
19140200 22.773 23
19140300 22.917 23
19140400 22.6024 23
19140500 22.6593 23
19140600 22.7033 23
19140700 22.6012 23
19140800 22.5319 23
19140900 22.7436 23
19141000 22.627 23
19141100 22.5755 23
19141200 22.4579 23
19141300 22.428 23
19141400 22.3901 23
19141500 22.8672 23
19141600 23.0775 23
19141700 23.1316 23
19141800 23.2557 23
19141900 23.3556 23
19142000 23.222 23
19142100 23.5486 23
19142200 23.6425 23
19142300 23.387 23
19142400 23.2056 23
19142500 23.1971 23
19142600 23.3368 23
19142700 23.2904 23
19142800 23.1174 23
19142900 23.3101 23
19143000 23.3097 23
19143100 23.1137 23
19143200 23.1517 23
19143300 23.4558 23
19143400 23.4587 23
19143500 23.6377 23
19143600 23.6782 23
19143700 23.8143 23
19143800 23.6622 23
19143900 23.6799 23
19144000 23.634 23
19144100 23.4019 23
19144200 23.0886 23
19144300 23.1948 23
19144400 23.3349 23
19144500 23.3751 23
19144600 23.1501 23
19144700 22.9857 23
19144800 23.0747 23
19144900 22.8767 23
19145000 22.8033 23
19145100 22.8349 23
19145200 22.9178 23
19145300 23.005 23
19145400 23.1529 23
19145500 23.1297 23
19145600 23.0633 23
19145700 23.393 23
19145800 23.7087 23
19145900 23.4414 23
19146000 23.2938 23
19146100 23.3041 23
19146200 23.3469 23
19146300 23.6117 23
19146400 23.6337 23
19146500 23.6995 23
19146600 23.5927 23
19146700 23.3508 23
19146800 23.1571 23
19146900 23.5636 23
19147000 23.4606 23
19147100 23.6044 23
19147200 23.5811 23
19147300 23.7166 23
19147400 23.6747 23
19147500 23.4254 23
19147600 23.2656 23
19147700 23.0123 23
19147800 23.0417 23
19147900 22.9783 23
19148000 22.9733 23
19148100 23.0237 23
19148200 23.1153 23
19148300 23.0478 23
19148400 22.876 23
19148500 23.1318 23
19148600 23.3169 23
19148700 23.1801 23
19148800 23.0009 23
19148900 23.1477 23
19149000 23.1805 23
19149100 23.2821 23
19149200 23.3809 23
19149300 23.2853 23
19149400 23.1718 23
19149500 23.0147 23
19149600 22.8809 23
19149700 22.8046 23
19149800 22.607 23
19149900 22.6206 23
19150000 22.7315 23
19150100 22.9759 23
19150200 23.3574 23
19150300 23.6092 23
19150400 23.4284 23
19150500 23.4376 23
19150600 23.1823 23
19150700 22.981 23
19150800 22.9377 23
19150900 22.9592 23
19151000 22.8954 23
19151100 22.8887 23
19151200 22.8254 23
19151300 22.6307 23
19151400 22.5302 23
19151500 22.618 23
19151600 22.793 23
19151700 22.5173 23
19151800 22.1477 23
19151900 22.2932 23
19152000 22.5787 23
19152100 23.0324 23
19152200 23.0409 23
19152300 23.1982 23
19152400 23.0297 23
19152500 22.9334 23
19152600 23.0943 23
19152700 23.0302 23
19152800 23.1002 23
19152900 23.1014 23
19153000 23.1019 23
19153100 23.0912 23
19153200 22.8064 23
19153300 22.4919 23
19153400 22.6754 23
19153500 22.7389 23
19153600 22.6593 23
19153700 22.677 23
19153800 22.8698 23
19153900 23.1364 23
19154000 23.2514 23
19154100 23.2834 23
19154200 23.4034 23
19154300 23.2474 23
19154400 23.3326 23
19154500 23.4232 23
19154600 23.4249 23
19154700 23.6411 23
19154800 23.3805 23
19154900 23.027 23
19155000 22.8011 23
19155100 22.5455 23
19155200 22.7227 23
19155300 22.9977 23
19155400 23.2403 23
19155500 23.298 23
19155600 23.2741 23
19155700 23.1115 23
19155800 22.7372 23
19155900 22.4593 23
19156000 22.3529 23
19156100 22.4401 23
19156200 22.7678 23
19156300 22.9617 23
19156400 22.9461 23
19156500 22.8443 23
19156600 22.6833 23
19156700 22.7126 23
19156800 22.8937 23
19156900 22.962 23
19157000 23.0913 23
19157100 22.992 23
19157200 22.8707 23
19157300 22.6471 23
19157400 22.9705 23
19157500 22.8348 23
19157600 22.7907 23
19157700 22.7258 23
19157800 22.6772 23
19157900 22.5725 23
19158000 22.5699 23
19158100 22.3579 23
19158200 22.4109 23
19158300 22.6371 23
19158400 22.9179 23
19158500 23.1312 23
19158600 23.0051 23
19158700 23.0024 23
19158800 22.9463 23
19158900 22.9474 23
19159000 23.1845 23
19159100 22.8886 23
19159200 23.0048 23
19159300 23.175 23
19159400 23.2131 23
19159500 23.1797 23
19159600 23.2509 23
19159700 23.2245 23
19159800 22.9194 23
19159900 22.7493 23
19160000 23.0543 23
19160100 23.0972 23
19160200 22.9339 23
19160300 22.8677 23
19160400 22.8074 23
19160500 22.9255 23
19160600 23.083 23
19160700 22.9534 23
19160800 23.047 23
19160900 23.2402 23
19161000 23.2812 23
19161100 23.3133 23
19161200 23.3232 23
19161300 23.2207 23
19161400 23.1456 23
19161500 23.3369 23
19161600 23.696 23
19161700 23.455 23
19161800 22.9784 23
19161900 22.6569 23
19162000 22.3945 23
19162100 22.7418 23
19162200 23.1951 23
19162300 23.4005 23
19162400 23.1818 23
19162500 22.9488 23
19162600 22.7834 23
19162700 22.6806 23
19162800 22.4013 23
19162900 22.287 23
19163000 22.175 23
19163100 22.2108 23
19163200 22.6282 23
19163300 23.0406 23
19163400 23.2735 23
19163500 23.3939 23
19163600 23.6567 23
19163700 23.328 23
19163800 23.206 23
19163900 23.2904 23
19164000 23.2483 23
19164100 23.1741 23
19164200 23.1226 23
19164300 22.9621 23
19164400 22.8363 23
19164500 23.2203 23
19164600 23.2419 23
19164700 23.0877 23
19164800 22.9782 23
19164900 23.0411 23
19165000 22.7442 23
19165100 22.6294 23
19165200 22.7494 23
19165300 23.1242 23
19165400 23.6802 23
19165500 23.8646 23
19165600 23.6859 23
19165700 23.7632 23
19165800 23.7974 23
19165900 23.5794 23
19166000 23.2146 23
19166100 22.8767 23
19166200 23.0785 23
19166300 22.9653 23
19166400 22.7008 23
19166500 22.7294 23
19166600 22.6979 23
19166700 22.4941 23
19166800 22.8917 23
19166900 23.3231 23
19167000 23.1885 23
19167100 22.9636 23
19167200 22.8532 23
19167300 22.5249 23
19167400 22.1378 23
19167500 22.4577 23
19167600 22.6808 23
19167700 23.0269 23
19167800 23.0792 23
19167900 23.0262 23
19168000 23.0415 23
19168100 23.4173 23
19168200 23.3522 23
19168300 23.166 23
19168400 23.0525 23
19168500 22.6906 23
19168600 22.6022 23
19168700 22.6923 23
19168800 22.9532 23
19168900 23.1631 23
19169000 22.9532 23
19169100 22.908 23
19169200 23.2282 23
19169300 23.2881 23
19169400 23.2862 23
19169500 23.3063 23
19169600 23.3291 23
19169700 23.1762 23
19169800 22.9235 23
19169900 23.2097 23
19170000 23.2058 23
19170100 22.9994 23
19170200 23.0029 23
19170300 22.8412 23
19170400 22.7307 23
19170500 23.133 23
19170600 23.204 23
19170700 22.7477 23
19170800 22.4311 23
19170900 22.2569 23
19171000 22.1849 23
19171100 22.1774 23
19171200 22.5754 23
19171300 22.8191 23
19171400 22.7263 23
19171500 22.7014 23
19171600 22.569 23
19171700 22.4525 23
19171800 22.7231 23
19171900 22.8485 23
19172000 22.9254 23
19172100 22.8445 23
19172200 23.1119 23
19172300 23.5197 23
19172400 23.5682 23
19172500 23.5215 23
19172600 23.6042 23
19172700 23.6961 23
19172800 23.66 23
19172900 23.3956 23
19173000 23.0354 23
19173100 22.8444 23
19173200 22.8314 23
19173300 22.8239 23
19173400 22.9636 23
19173500 23.3352 23
19173600 23.7822 23
19173700 23.7274 23
19173800 23.324 23
19173900 23.2664 23
19174000 23.4356 23
19174100 23.5727 23
19174200 23.394 23
19174300 23.4007 23
19174400 23.2503 23
19174500 23.517 23
19174600 23.3821 23
19174700 23.223 23
19174800 23.0033 23
19174900 23.2151 23
19175000 23.12 23
19175100 22.6119 23
19175200 22.5322 23
19175300 22.5324 23
19175400 22.7221 23
19175500 22.8569 23
19175600 23.0678 23
19175700 23.1857 23
19175800 23.1689 23
19175900 23.1262 23
19176000 23.1053 23
19176100 23.2639 23
19176200 23.3184 23
19176300 23.5637 23
19176400 23.6883 23
19176500 23.7144 23
19176600 23.6747 23
19176700 23.6878 23
19176800 23.4915 23
19176900 23.4107 23
19177000 23.625 23
19177100 23.6005 23
19177200 23.6841 23
19177300 23.5501 23
19177400 23.494 23
19177500 23.1776 23
19177600 22.9988 23
19177700 23.2273 23
19177800 23.4463 23
19177900 23.6817 23
19178000 23.9153 23
19178100 23.5922 23
19178200 23.1217 23
19178300 22.9677 23
19178400 23.1084 23
19178500 23.1506 23
19178600 23.3131 23
19178700 23.6359 23
19178800 23.6339 23
19178900 23.5345 23
19179000 23.5829 23
19179100 23.4495 23
19179200 23.1097 23
19179300 22.8976 23
19179400 23.0357 23
19179500 23.3151 23
19179600 23.4037 23
19179700 23.3561 23
19179800 22.9446 23
19179900 22.8812 23
19180000 23.0921 23
19180100 23.297 23
19180200 23.2246 23
19180300 22.948 23
19180400 22.8151 23
19180500 22.418 23
19180600 22.2535 23
19180700 22.416 23
19180800 22.6788 23
19180900 23.0291 23
19181000 22.7855 23
19181100 22.6443 23
19181200 22.8883 23
19181300 23.4019 23
19181400 23.8124 23
19181500 23.7305 23
19181600 23.3951 23
19181700 22.9242 23
19181800 22.8428 23
19181900 22.9967 23
19182000 22.7643 23
19182100 22.6389 23
19182200 22.9519 23
19182300 23.0462 23
19182400 22.7992 23
19182500 22.4399 23
19182600 22.3355 23
19182700 22.3233 23
19182800 22.4868 23
19182900 22.5653 23
19183000 22.3385 23
19183100 22.2602 23
19183200 22.4887 23
19183300 23.0257 23
19183400 23.0366 23
19183500 22.9673 23
19183600 22.5986 23
19183700 22.7959 23
19183800 23.3158 23
19183900 23.2705 23
19184000 23.1145 23
19184100 22.7225 23
19184200 23.0017 23
19184300 23.3821 23
19184400 23.47 23
19184500 23.8163 23
19184600 23.8043 23
19184700 23.6109 23
19184800 23.4351 23
19184900 23.3032 23
19185000 23.0787 23
19185100 23.0264 23
19185200 23.1206 23
19185300 23.1305 23
19185400 23.3007 23
19185500 23.3629 23
19185600 23.4645 23
19185700 23.5686 23
19185800 23.2476 23
19185900 22.9944 23
19186000 22.7438 23
19186100 22.3898 23
19186200 22.125 23
19186300 22.279 23
19186400 22.3794 23
19186500 22.613 23
19186600 22.6766 23
19186700 22.8258 23
19186800 22.9225 23
19186900 22.9077 23
19187000 22.776 23
19187100 22.6638 23
19187200 22.5224 23
19187300 22.6823 23
19187400 22.7264 23
19187500 22.6314 23
19187600 22.2908 23
19187700 21.8584 23
19187800 21.9192 23
19187900 22.4042 23
19188000 22.7644 23
19188100 23.0773 23
19188200 23.1317 23
19188300 23.001 23
19188400 22.7711 23
19188500 22.5973 23
19188600 22.3374 23
19188700 22.0433 23
19188800 22.0935 23
19188900 22.3746 23
19189000 22.7096 23
19189100 23.001 23
19189200 23.1827 23
19189300 23.4587 23
19189400 23.4194 23
19189500 23.5879 23
19189600 23.648 23
19189700 23.5067 23
19189800 23.3566 23
19189900 23.2606 23
19190000 23.1218 23
19190100 23.0067 23
19190200 22.8272 23
19190300 22.7172 23
19190400 22.7351 23
19190500 22.7005 23
19190600 22.5062 23
19190700 22.6729 23
19190800 22.7165 23
19190900 22.7634 23
19191000 23.0709 23
19191100 22.9945 23
19191200 23.0228 23
19191300 23.1353 23
19191400 23.2644 23
19191500 22.9807 23
19191600 23.1547 23
19191700 23.2684 23
19191800 23.2706 23
19191900 23.1852 23
19192000 23.1335 23
19192100 23.2212 23
19192200 23.2647 23
19192300 23.1524 23
19192400 23.0585 23
19192500 23.0197 23
19192600 23.1614 23
19192700 23.4947 23
19192800 23.4878 23
19192900 23.3782 23
19193000 23.4543 23
19193100 23.5664 23
19193200 23.5237 23
19193300 23.6677 23
19193400 23.5326 23
19193500 23.4603 23
19193600 23.5051 23
19193700 23.7038 23
19193800 23.8451 23
19193900 23.6856 23
19194000 23.5901 23
19194100 23.81 23
19194200 23.8307 23
19194300 23.5149 23
19194400 23.3086 23
19194500 23.2567 23
19194600 23.1252 23
19194700 22.7591 23
19194800 22.9857 23
19194900 23.1669 23
19195000 22.8578 23
19195100 22.7054 23
19195200 22.7569 23
19195300 22.8011 23
19195400 22.7713 23
19195500 22.8356 23
19195600 22.8378 23
19195700 22.685 23
19195800 22.6076 23
19195900 22.7319 23
19196000 22.7418 23
19196100 22.8664 23
19196200 23.167 23
19196300 23.4146 23
19196400 23.3152 23
19196500 23.2946 23
19196600 23.4832 23
19196700 23.2645 23
19196800 23.2369 23
19196900 23.2828 23
19197000 23.2833 23
19197100 23.4661 23
19197200 23.3146 23
19197300 22.9948 23
19197400 22.7785 23
19197500 22.7021 23
19197600 22.8045 23
19197700 22.6469 23
19197800 22.5649 23
19197900 22.6601 23
19198000 22.5966 23
19198100 22.7344 23
19198200 22.8399 23
19198300 22.925 23
19198400 22.8847 23
19198500 22.9465 23
19198600 23.2963 23
19198700 23.1331 23
19198800 23.1054 23
19198900 23.3743 23
19199000 23.4549 23
19199100 23.1434 23
19199200 22.6589 23
19199300 22.6005 23
19199400 22.7067 23
19199500 23.0184 23
19199600 23.0225 23
19199700 23.0132 23
19199800 22.8537 23
19199900 22.981 23
19200000 22.8228 23
