# Time-averaged data for fix myat1
# TimeStep v_xave v_xdes
17000100 17.4556 18
17000200 17.5545 18
17000300 17.6404 18
17000400 17.9897 18
17000500 18.0998 18
17000600 18.0048 18
17000700 17.7677 18
17000800 17.7133 18
17000900 17.7405 18
17001000 17.8599 18
17001100 17.8978 18
17001200 17.9338 18
17001300 18.0104 18
17001400 17.7333 18
17001500 17.643 18
17001600 17.8298 18
17001700 18.0648 18
17001800 18.3595 18
17001900 18.4495 18
17002000 18.2292 18
17002100 17.7326 18
17002200 17.8137 18
17002300 18.1018 18
17002400 18.189 18
17002500 18.2177 18
17002600 17.9785 18
17002700 17.8288 18
17002800 17.6493 18
17002900 17.7158 18
17003000 17.9452 18
17003100 18.035 18
17003200 18.013 18
17003300 18.0704 18
17003400 18.3012 18
17003500 18.3646 18
17003600 18.1879 18
17003700 18.1157 18
17003800 18.1409 18
17003900 17.9152 18
17004000 18.0266 18
17004100 18.0996 18
17004200 18.0374 18
17004300 17.9451 18
17004400 17.7768 18
17004500 17.5195 18
17004600 17.5223 18
17004700 17.7966 18
17004800 17.9852 18
17004900 18.0614 18
17005000 17.8985 18
17005100 17.8167 18
17005200 18.0612 18
17005300 18.3091 18
17005400 18.4197 18
17005500 18.3158 18
17005600 18.2853 18
17005700 18.3846 18
17005800 18.4294 18
17005900 18.2965 18
17006000 18.201 18
17006100 18.1375 18
17006200 18.09 18
17006300 18.1472 18
17006400 18.0748 18
17006500 18.0921 18
17006600 17.8169 18
17006700 17.7923 18
17006800 17.6715 18
17006900 17.4914 18
17007000 17.5033 18
17007100 17.5268 18
17007200 17.5199 18
17007300 17.4175 18
17007400 17.437 18
17007500 17.5988 18
17007600 17.6963 18
17007700 17.8651 18
17007800 17.7569 18
17007900 17.7444 18
17008000 18.2509 18
17008100 18.4403 18
17008200 18.5803 18
17008300 18.5258 18
17008400 18.3569 18
17008500 18.1628 18
17008600 18.0235 18
17008700 17.8692 18
17008800 18.0948 18
17008900 18.306 18
17009000 18.1288 18
17009100 17.7454 18
17009200 17.5674 18
17009300 17.354 18
17009400 17.5265 18
17009500 17.7403 18
17009600 18.0496 18
17009700 18.1888 18
17009800 18.3205 18
17009900 18.153 18
17010000 18.0637 18
17010100 17.7859 18
17010200 17.857 18
17010300 17.8668 18
17010400 18.0444 18
17010500 18.4083 18
17010600 18.3337 18
17010700 17.9199 18
17010800 17.9526 18
17010900 18.3176 18
17011000 18.5348 18
17011100 18.6562 18
17011200 18.703 18
17011300 18.6406 18
17011400 18.5656 18
17011500 18.6498 18
17011600 18.5325 18
17011700 18.3762 18
17011800 18.3161 18
17011900 18.4466 18
17012000 18.231 18
17012100 17.9445 18
17012200 17.9528 18
17012300 17.9242 18
17012400 17.6856 18
17012500 17.7085 18
17012600 17.8556 18
17012700 17.9501 18
17012800 18.2291 18
17012900 18.4332 18
17013000 18.6099 18
17013100 18.3917 18
17013200 18.1715 18
17013300 18.3614 18
17013400 18.1402 18
17013500 18.0255 18
17013600 18.2403 18
17013700 18.2563 18
17013800 18.1382 18
17013900 17.7869 18
17014000 17.3553 18
17014100 17.336 18
17014200 17.2976 18
17014300 17.4387 18
17014400 17.7051 18
17014500 17.9282 18
17014600 18.26 18
17014700 17.9939 18
17014800 17.7042 18
17014900 17.7248 18
17015000 17.5773 18
17015100 17.7412 18
17015200 17.76 18
17015300 17.9276 18
17015400 18.1988 18
17015500 18.4289 18
17015600 18.6078 18
17015700 18.5674 18
17015800 18.0791 18
17015900 17.8525 18
17016000 17.579 18
17016100 17.6065 18
17016200 17.9275 18
17016300 18.0249 18
17016400 18.1853 18
17016500 18.5095 18
17016600 18.3417 18
17016700 18.2299 18
17016800 18.1144 18
17016900 18.0522 18
17017000 18.06 18
17017100 17.9698 18
17017200 18.0328 18
17017300 17.7913 18
17017400 17.6305 18
17017500 17.6959 18
17017600 17.6645 18
17017700 18.0425 18
17017800 18.288 18
17017900 18.2556 18
17018000 18.4082 18
17018100 18.4978 18
17018200 18.264 18
17018300 18.1637 18
17018400 18.286 18
17018500 18.1738 18
17018600 18.2803 18
17018700 18.2723 18
17018800 17.7858 18
17018900 17.9254 18
17019000 17.942 18
17019100 17.8983 18
17019200 17.739 18
17019300 17.8391 18
17019400 17.88 18
17019500 18.1051 18
17019600 18.4389 18
17019700 18.3727 18
17019800 18.2182 18
17019900 18.3399 18
17020000 18.2313 18
17020100 18.1214 18
17020200 18.0572 18
17020300 18.0028 18
17020400 17.6896 18
17020500 17.8836 18
17020600 18.0738 18
17020700 17.9848 18
17020800 17.9881 18
17020900 18.0223 18
17021000 18.0092 18
17021100 17.9494 18
17021200 18.3632 18
17021300 18.3826 18
17021400 18.3889 18
17021500 18.3108 18
17021600 18.1661 18
17021700 18.0566 18
17021800 18.2531 18
17021900 17.9779 18
17022000 17.7119 18
17022100 17.7744 18
17022200 17.9355 18
17022300 18.0023 18
17022400 18.1149 18
17022500 18.174 18
17022600 17.8978 18
17022700 17.8682 18
17022800 17.973 18
17022900 18.0134 18
17023000 17.9327 18
17023100 17.7953 18
17023200 17.8953 18
17023300 18.0162 18
17023400 17.8771 18
17023500 17.5041 18
17023600 17.3095 18
17023700 17.4158 18
17023800 17.8086 18
17023900 17.9974 18
17024000 17.7937 18
17024100 17.6125 18
17024200 17.7693 18
17024300 18.2345 18
17024400 18.6977 18
17024500 18.6766 18
17024600 18.5069 18
17024700 18.4535 18
17024800 18.5006 18
17024900 18.9138 18
17025000 18.9742 18
17025100 18.2968 18
17025200 17.9935 18
17025300 17.4868 18
17025400 17.417 18
17025500 17.5932 18
17025600 17.3717 18
17025700 17.4871 18
17025800 17.9859 18
17025900 18.4224 18
17026000 18.4955 18
17026100 18.5708 18
17026200 18.6749 18
17026300 18.8451 18
17026400 18.7252 18
17026500 18.4661 18
17026600 18.5152 18
17026700 18.3379 18
17026800 18.0597 18
17026900 17.9926 18
17027000 18.023 18
17027100 18.1181 18
17027200 18.0188 18
17027300 17.7938 18
17027400 17.7168 18
17027500 17.6149 18
17027600 17.6897 18
17027700 17.721 18
17027800 17.9608 18
17027900 17.9103 18
17028000 17.759 18
17028100 17.6581 18
17028200 17.6361 18
17028300 17.8752 18
17028400 17.9454 18
17028500 18.0653 18
17028600 18.0193 18
17028700 17.923 18
17028800 17.7066 18
17028900 17.7322 18
17029000 18.0227 18
17029100 18.0038 18
17029200 17.8976 18
17029300 17.9119 18
17029400 17.9801 18
17029500 17.9941 18
17029600 18.0871 18
17029700 17.8467 18
17029800 17.4908 18
17029900 17.5594 18
17030000 17.6857 18
17030100 17.7551 18
17030200 17.7553 18
17030300 17.8675 18
17030400 17.7957 18
17030500 17.7677 18
17030600 17.5978 18
17030700 17.7307 18
17030800 18.0127 18
17030900 17.9753 18
17031000 18.0315 18
17031100 18.0385 18
17031200 17.7253 18
17031300 18.0133 18
17031400 18.3717 18
17031500 18.1101 18
17031600 18.1584 18
17031700 18.1597 18
17031800 18.2074 18
17031900 18.2062 18
17032000 18.0416 18
17032100 17.9276 18
17032200 17.8968 18
17032300 17.8441 18
17032400 17.9378 18
17032500 18.2162 18
17032600 18.4951 18
17032700 18.435 18
17032800 18.5296 18
17032900 18.5856 18
17033000 18.6084 18
17033100 18.4442 18
17033200 18.5013 18
17033300 18.2664 18
17033400 18.0183 18
17033500 17.8242 18
17033600 17.6712 18
17033700 17.4383 18
17033800 17.3979 18
17033900 17.2823 18
17034000 17.4023 18
17034100 17.3296 18
17034200 17.5128 18
17034300 17.6153 18
17034400 17.6395 18
17034500 17.6342 18
17034600 17.9504 18
17034700 17.737 18
17034800 17.763 18
17034900 17.7348 18
17035000 17.665 18
17035100 17.7753 18
17035200 17.8256 18
17035300 17.8569 18
17035400 17.8723 18
17035500 17.6044 18
17035600 17.2686 18
17035700 17.4646 18
17035800 18.1573 18
17035900 18.2421 18
17036000 18.2047 18
17036100 18.1563 18
17036200 18.1108 18
17036300 17.9307 18
17036400 17.8686 18
17036500 17.9106 18
17036600 18.2785 18
17036700 18.6559 18
17036800 18.8724 18
17036900 18.7386 18
17037000 18.4817 18
17037100 18.2989 18
17037200 18.2665 18
17037300 18.4108 18
17037400 18.15 18
17037500 17.9484 18
17037600 18.0674 18
17037700 18.2777 18
17037800 18.113 18
17037900 17.8779 18
17038000 17.6911 18
17038100 17.8522 18
17038200 18.0665 18
17038300 18.0241 18
17038400 18.1388 18
17038500 18.3161 18
17038600 18.1843 18
17038700 18.0066 18
17038800 18.2803 18
17038900 18.2885 18
17039000 18.3553 18
17039100 18.3926 18
17039200 18.4175 18
17039300 18.0372 18
17039400 17.9842 18
17039500 18.0436 18
17039600 18.2697 18
17039700 18.1226 18
17039800 17.9244 18
17039900 18.0435 18
17040000 18.3787 18
17040100 18.2027 18
17040200 18.1528 18
17040300 18.1431 18
17040400 18.2567 18
17040500 18.2325 18
17040600 18.1217 18
17040700 17.8481 18
17040800 17.6687 18
17040900 17.5639 18
17041000 17.5839 18
17041100 17.8716 18
17041200 18.104 18
17041300 18.0254 18
17041400 18.0215 18
17041500 18.2578 18
17041600 18.3597 18
17041700 18.5268 18
17041800 18.7655 18
17041900 18.7131 18
17042000 18.5629 18
17042100 18.6412 18
17042200 18.6524 18
17042300 18.7576 18
17042400 18.7954 18
17042500 18.6465 18
17042600 18.6117 18
17042700 18.3073 18
17042800 18.0381 18
17042900 17.8 18
17043000 17.9006 18
17043100 18.5053 18
17043200 18.6971 18
17043300 18.2496 18
17043400 17.8825 18
17043500 18.2317 18
17043600 18.4151 18
17043700 18.2656 18
17043800 17.9964 18
17043900 17.9489 18
17044000 18.0193 18
17044100 17.9732 18
17044200 18.1139 18
17044300 18.3636 18
17044400 18.3457 18
17044500 17.9585 18
17044600 17.609 18
17044700 17.4207 18
17044800 17.2897 18
17044900 17.393 18
17045000 17.4924 18
17045100 17.9387 18
17045200 18.339 18
17045300 18.309 18
17045400 18.1873 18
17045500 18.3917 18
17045600 18.4711 18
17045700 18.4283 18
17045800 18.4334 18
17045900 18.0009 18
17046000 17.7775 18
17046100 18.0729 18
17046200 18.3256 18
17046300 18.4527 18
17046400 18.4931 18
17046500 18.8254 18
17046600 19.0203 18
17046700 18.9942 18
17046800 18.7297 18
17046900 18.5209 18
17047000 18.0784 18
17047100 17.953 18
17047200 17.8978 18
17047300 17.8674 18
17047400 18.0762 18
17047500 18.2271 18
17047600 18.1043 18
17047700 18.1992 18
17047800 18.1899 18
17047900 17.7574 18
17048000 17.4742 18
17048100 17.7845 18
17048200 18.3337 18
17048300 18.3415 18
17048400 17.905 18
17048500 18.1841 18
17048600 18.4396 18
17048700 18.3466 18
17048800 18.2942 18
17048900 18.3039 18
17049000 18.1376 18
17049100 18 18
17049200 17.9742 18
17049300 18.098 18
17049400 17.9973 18
17049500 18.1641 18
17049600 18.3815 18
17049700 18.337 18
17049800 18.1708 18
17049900 17.7486 18
17050000 17.5051 18
17050100 17.4642 18
17050200 17.5859 18
17050300 17.4713 18
17050400 17.3164 18
17050500 17.6516 18
17050600 17.9447 18
17050700 18.1153 18
17050800 17.8488 18
17050900 17.7775 18
17051000 17.8146 18
17051100 18.0327 18
17051200 18.1761 18
17051300 18.1462 18
17051400 17.9319 18
17051500 18.0733 18
17051600 18.3744 18
17051700 18.3965 18
17051800 18.2903 18
17051900 17.992 18
17052000 18.2356 18
17052100 18.1043 18
17052200 17.8399 18
17052300 17.9245 18
17052400 18.0558 18
17052500 18.1027 18
17052600 17.538 18
17052700 17.1647 18
17052800 17.281 18
17052900 17.5164 18
17053000 17.8634 18
17053100 18.3171 18
17053200 18.6732 18
17053300 18.3885 18
17053400 18.1149 18
17053500 18.1185 18
17053600 18.2782 18
17053700 17.9489 18
17053800 17.6952 18
17053900 17.4333 18
17054000 17.2973 18
17054100 17.4523 18
17054200 17.3105 18
17054300 17.2392 18
17054400 17.3735 18
17054500 17.6566 18
17054600 17.5683 18
17054700 17.4004 18
17054800 17.6143 18
17054900 17.9577 18
17055000 17.9582 18
17055100 18.152 18
17055200 18.2001 18
17055300 17.9986 18
17055400 17.6573 18
17055500 17.7947 18
17055600 17.8601 18
17055700 18.0803 18
17055800 18.1373 18
17055900 17.8008 18
17056000 17.8476 18
17056100 18.0599 18
17056200 18.1062 18
17056300 17.9322 18
17056400 18.1876 18
17056500 18.2847 18
17056600 18.3682 18
17056700 18.2449 18
17056800 18.0712 18
17056900 18.1741 18
17057000 18.4046 18
17057100 18.3653 18
17057200 18.0084 18
17057300 17.7077 18
17057400 17.8615 18
17057500 18.139 18
17057600 18.0714 18
17057700 18.2428 18
17057800 18.497 18
17057900 18.4944 18
17058000 18.2047 18
17058100 17.996 18
17058200 18.0014 18
17058300 18.1056 18
17058400 18.2707 18
17058500 18.381 18
17058600 18.4597 18
17058700 18.2005 18
17058800 18.1421 18
17058900 18.3805 18
17059000 18.6457 18
17059100 18.5644 18
17059200 18.3344 18
17059300 18.1148 18
17059400 18.0606 18
17059500 18.0997 18
17059600 18.0184 18
17059700 17.8958 18
17059800 17.7705 18
17059900 17.7207 18
17060000 17.709 18
17060100 17.9964 18
17060200 17.8789 18
17060300 17.8222 18
17060400 18.0268 18
17060500 17.995 18
17060600 17.9479 18
17060700 17.9573 18
17060800 17.6445 18
17060900 17.3363 18
17061000 17.5195 18
17061100 17.5467 18
17061200 17.8569 18
17061300 18.1137 18
17061400 18.0235 18
17061500 17.7545 18
17061600 17.3453 18
17061700 16.96 18
17061800 16.7614 18
17061900 17.2192 18
17062000 17.6414 18
17062100 18.0488 18
17062200 18.3119 18
17062300 18.3907 18
17062400 18.5915 18
17062500 18.4147 18
17062600 17.9554 18
17062700 17.758 18
17062800 17.84 18
17062900 17.7267 18
17063000 17.7222 18
17063100 17.8007 18
17063200 17.684 18
17063300 17.8117 18
17063400 17.8447 18
17063500 17.9749 18
17063600 17.9907 18
17063700 17.7069 18
17063800 17.7687 18
17063900 17.7975 18
17064000 17.9726 18
17064100 17.956 18
17064200 18.0138 18
17064300 18.4071 18
17064400 18.1627 18
17064500 17.9489 18
17064600 17.8408 18
17064700 17.8579 18
17064800 17.5503 18
17064900 17.7164 18
17065000 18.1912 18
17065100 18.4396 18
17065200 18.5196 18
17065300 18.4776 18
17065400 18.5819 18
17065500 18.6797 18
17065600 18.1961 18
17065700 18.0384 18
17065800 18.1718 18
17065900 18.2491 18
17066000 18.0635 18
17066100 18.1118 18
17066200 18.2418 18
17066300 18.1815 18
17066400 18.1215 18
17066500 18.0767 18
17066600 17.7347 18
17066700 17.5481 18
17066800 17.3538 18
17066900 17.5416 18
17067000 17.5284 18
17067100 17.3333 18
17067200 17.3632 18
17067300 17.4916 18
17067400 17.7076 18
17067500 17.8027 18
17067600 18.0239 18
17067700 18.2457 18
17067800 17.8959 18
17067900 17.9884 18
17068000 18.239 18
17068100 18.1815 18
17068200 18.0703 18
17068300 18.2597 18
17068400 18.5763 18
17068500 18.6585 18
17068600 18.3619 18
17068700 18.1814 18
17068800 18.1055 18
17068900 18.1258 18
17069000 18.0526 18
17069100 18.3061 18
17069200 18.6423 18
17069300 18.2786 18
17069400 18.1088 18
17069500 17.8312 18
17069600 17.5993 18
17069700 17.5258 18
17069800 17.7917 18
17069900 18.2702 18
17070000 18.4552 18
17070100 18.2679 18
17070200 17.8519 18
17070300 17.4604 18
17070400 17.6484 18
17070500 17.8717 18
17070600 17.7398 18
17070700 17.7073 18
17070800 17.4862 18
17070900 17.6611 18
17071000 17.853 18
17071100 17.9487 18
17071200 17.9962 18
17071300 18.174 18
17071400 18.328 18
17071500 18.5161 18
17071600 18.4765 18
17071700 18.5208 18
17071800 18.118 18
17071900 18.0507 18
17072000 18.1394 18
17072100 18.0347 18
17072200 17.8887 18
17072300 17.6579 18
17072400 17.5528 18
17072500 17.6802 18
17072600 17.8444 18
17072700 17.9303 18
17072800 18.1788 18
17072900 18.5046 18
17073000 18.5202 18
17073100 18.2867 18
17073200 18.2116 18
17073300 18.2309 18
17073400 18.633 18
17073500 18.6054 18
17073600 18.3378 18
17073700 18.2918 18
17073800 18.4205 18
17073900 18.7064 18
17074000 18.6257 18
17074100 18.6299 18
17074200 18.6156 18
17074300 18.4307 18
17074400 18.244 18
17074500 17.9021 18
17074600 17.9901 18
17074700 17.9218 18
17074800 17.909 18
17074900 18.0649 18
17075000 18.164 18
17075100 18.0298 18
17075200 18.028 18
17075300 18.3592 18
17075400 18.3796 18
17075500 18.3989 18
17075600 17.9388 18
17075700 17.6077 18
17075800 17.6481 18
17075900 17.6073 18
17076000 17.4302 18
17076100 17.4914 18
17076200 17.899 18
17076300 18.1659 18
17076400 18.088 18
17076500 18.1561 18
17076600 18.3038 18
17076700 18.2141 18
17076800 17.9367 18
17076900 18.1058 18
17077000 18.4859 18
17077100 18.7497 18
17077200 18.6277 18
17077300 18.6643 18
17077400 18.6386 18
17077500 18.6045 18
17077600 18.1508 18
17077700 18.0642 18
17077800 18.2665 18
17077900 18.2397 18
17078000 18.2051 18
17078100 18.346 18
17078200 18.6611 18
17078300 18.8323 18
17078400 18.5665 18
17078500 18.2923 18
17078600 18.4893 18
17078700 18.3876 18
17078800 18.1527 18
17078900 18.3576 18
17079000 18.4651 18
17079100 18.4377 18
17079200 18.6554 18
17079300 18.3723 18
17079400 18.0379 18
17079500 18.0037 18
17079600 17.7456 18
17079700 18.1544 18
17079800 18.2534 18
17079900 17.7726 18
17080000 17.5769 18
17080100 17.6301 18
17080200 18.0278 18
17080300 18.194 18
17080400 17.8664 18
17080500 17.9354 18
17080600 17.9672 18
17080700 17.7043 18
17080800 17.418 18
17080900 17.5317 18
17081000 17.5619 18
17081100 17.2536 18
17081200 17.4302 18
17081300 17.5081 18
17081400 17.5808 18
17081500 17.8933 18
17081600 18.3182 18
17081700 18.3712 18
17081800 18.1506 18
17081900 17.8393 18
17082000 17.2722 18
17082100 17.4727 18
17082200 17.4233 18
17082300 17.4172 18
17082400 17.496 18
17082500 17.7917 18
17082600 18.1224 18
17082700 18.0179 18
17082800 17.7944 18
17082900 17.8224 18
17083000 17.8459 18
17083100 17.9595 18
17083200 17.9468 18
17083300 18.0268 18
17083400 17.9411 18
17083500 17.7915 18
17083600 17.8338 18
17083700 18.0885 18
17083800 18.2134 18
17083900 18.3712 18
17084000 18.5577 18
17084100 18.3291 18
17084200 18.1997 18
17084300 18.2166 18
17084400 18.1254 18
17084500 17.9845 18
17084600 18.0836 18
17084700 18.0597 18
17084800 17.9172 18
17084900 17.84 18
17085000 17.8836 18
17085100 17.9904 18
17085200 18.0082 18
17085300 17.9637 18
17085400 17.8783 18
17085500 18.051 18
17085600 17.8206 18
17085700 17.5743 18
17085800 18.1165 18
17085900 18.1441 18
17086000 18.2054 18
17086100 18.3541 18
17086200 18.3992 18
17086300 18.4048 18
17086400 18.4363 18
17086500 18.575 18
17086600 18.2178 18
17086700 17.949 18
17086800 18.2033 18
17086900 18.7542 18
17087000 18.8348 18
17087100 18.7649 18
17087200 18.5322 18
17087300 18.3346 18
17087400 18.4466 18
17087500 18.2974 18
17087600 17.816 18
17087700 17.7117 18
17087800 17.5725 18
17087900 17.6738 18
17088000 17.9291 18
17088100 18.0584 18
17088200 18.007 18
17088300 17.8774 18
17088400 17.8983 18
17088500 17.8807 18
17088600 17.9587 18
17088700 17.8001 18
17088800 17.2601 18
17088900 17.1456 18
17089000 17.0749 18
17089100 17.4668 18
17089200 17.8723 18
17089300 18.2131 18
17089400 18.0853 18
17089500 18.019 18
17089600 17.7669 18
17089700 17.6037 18
17089800 17.8179 18
17089900 18.0616 18
17090000 18.2282 18
17090100 18.15 18
17090200 18.1206 18
17090300 17.963 18
17090400 17.4733 18
17090500 17.3572 18
17090600 17.4352 18
17090700 17.2986 18
17090800 17.1231 18
17090900 17.4356 18
17091000 17.7865 18
17091100 17.514 18
17091200 17.1803 18
17091300 17.4215 18
17091400 17.6671 18
17091500 17.6859 18
17091600 17.8387 18
17091700 17.9958 18
17091800 18.0739 18
17091900 18.039 18
17092000 17.9092 18
17092100 17.8496 18
17092200 18.0668 18
17092300 17.575 18
17092400 17.5045 18
17092500 17.3203 18
17092600 17.0819 18
17092700 17.1966 18
17092800 17.4195 18
17092900 17.9191 18
17093000 17.9081 18
17093100 17.8883 18
17093200 17.8933 18
17093300 17.7523 18
17093400 17.9411 18
17093500 17.9696 18
17093600 18.0162 18
17093700 18.2132 18
17093800 18.481 18
17093900 18.3849 18
17094000 18.2937 18
17094100 18.0791 18
17094200 17.8381 18
17094300 17.885 18
17094400 17.8384 18
17094500 18.031 18
17094600 18.155 18
17094700 18.1882 18
17094800 18.2399 18
17094900 18.2611 18
17095000 18.3398 18
17095100 18.3123 18
17095200 18.0348 18
17095300 17.8139 18
17095400 17.9663 18
17095500 18.1799 18
17095600 18.069 18
17095700 17.851 18
17095800 17.8379 18
17095900 17.8499 18
17096000 17.8218 18
17096100 17.8832 18
17096200 17.8685 18
17096300 17.6414 18
17096400 17.7066 18
17096500 17.8312 18
17096600 17.6046 18
17096700 17.3224 18
17096800 17.239 18
17096900 17.6154 18
17097000 18.0822 18
17097100 18.1242 18
17097200 17.9967 18
17097300 18.2113 18
17097400 18.6131 18
17097500 18.7707 18
17097600 18.4145 18
17097700 18.1019 18
17097800 18.1705 18
17097900 18.1264 18
17098000 17.9222 18
17098100 17.911 18
17098200 18.0955 18
17098300 18.2459 18
17098400 18.3683 18
17098500 18.4411 18
17098600 18.1094 18
17098700 17.7117 18
17098800 17.8887 18
17098900 18.2179 18
17099000 17.9994 18
17099100 17.7634 18
17099200 17.6627 18
17099300 17.5967 18
17099400 17.576 18
17099500 17.5468 18
17099600 17.6116 18
17099700 17.6494 18
17099800 17.5301 18
17099900 17.6643 18
17100000 17.7981 18
17100100 17.7229 18
17100200 17.6315 18
17100300 18.0771 18
17100400 18.4291 18
17100500 18.213 18
17100600 17.9823 18
17100700 18.1527 18
17100800 18.4799 18
17100900 18.3484 18
17101000 18.3627 18
17101100 18.3013 18
17101200 18.3216 18
17101300 18.251 18
17101400 18.0504 18
17101500 17.8236 18
17101600 17.6919 18
17101700 17.4293 18
17101800 17.4856 18
17101900 17.7841 18
17102000 17.9878 18
17102100 18.1188 18
17102200 18.188 18
17102300 17.9788 18
17102400 17.5787 18
17102500 17.3922 18
17102600 17.5842 18
17102700 17.8124 18
17102800 17.9347 18
17102900 17.9049 18
17103000 18.3555 18
17103100 18.2794 18
17103200 17.8739 18
17103300 17.7184 18
17103400 17.6863 18
17103500 17.6298 18
17103600 17.5994 18
17103700 17.8502 18
17103800 18.2066 18
17103900 18.2832 18
17104000 18.2042 18
17104100 18.1928 18
17104200 18.3594 18
17104300 18.3166 18
17104400 18.2046 18
17104500 17.9196 18
17104600 17.9613 18
17104700 18.0972 18
17104800 18.1441 18
17104900 18.3391 18
17105000 18.4516 18
17105100 18.3784 18
17105200 18.1895 18
17105300 18.036 18
17105400 17.9829 18
17105500 17.9897 18
17105600 18.1181 18
17105700 17.9666 18
17105800 18.0064 18
17105900 18.0145 18
17106000 18.0588 18
17106100 17.9894 18
17106200 17.5955 18
17106300 17.4933 18
17106400 17.4374 18
17106500 17.1889 18
17106600 17.2936 18
17106700 17.3992 18
17106800 17.5198 18
17106900 17.4444 18
17107000 17.1806 18
17107100 17.3665 18
17107200 17.8012 18
17107300 18.0785 18
17107400 18.2159 18
17107500 18.2956 18
17107600 18.378 18
17107700 17.9998 18
17107800 17.7062 18
17107900 17.6893 18
17108000 17.8007 18
17108100 17.6316 18
17108200 17.5789 18
17108300 17.5077 18
17108400 17.4694 18
17108500 17.5844 18
17108600 17.5495 18
17108700 17.7006 18
17108800 17.7054 18
17108900 17.6683 18
17109000 17.7933 18
17109100 18.0237 18
17109200 17.8544 18
17109300 18.0135 18
17109400 17.8427 18
17109500 17.7384 18
17109600 17.81 18
17109700 18.042 18
17109800 18.1197 18
17109900 18.0277 18
17110000 18.0836 18
17110100 18.0662 18
17110200 18.1261 18
17110300 18.1706 18
17110400 18.0741 18
17110500 18.3481 18
17110600 18.5423 18
17110700 18.5033 18
17110800 18.5042 18
17110900 18.3801 18
17111000 17.8788 18
17111100 17.5487 18
17111200 17.6475 18
17111300 17.7759 18
17111400 17.9631 18
17111500 17.9036 18
17111600 17.883 18
17111700 18.1491 18
17111800 18.1339 18
17111900 18.2297 18
17112000 18.3167 18
17112100 18.0641 18
17112200 18.1171 18
17112300 18.0265 18
17112400 17.7165 18
17112500 17.7142 18
17112600 17.8816 18
17112700 18.19 18
17112800 18.1587 18
17112900 18.0456 18
17113000 17.8471 18
17113100 17.721 18
17113200 17.6856 18
17113300 18.0645 18
17113400 17.9714 18
17113500 17.8811 18
17113600 18.0201 18
17113700 18.0804 18
17113800 18.2727 18
17113900 18.2124 18
17114000 18.3216 18
17114100 18.4248 18
17114200 18.4893 18
17114300 18.4054 18
17114400 18.3033 18
17114500 18.3911 18
17114600 18.5135 18
17114700 18.1868 18
17114800 18.015 18
17114900 18.0748 18
17115000 17.95 18
17115100 17.8255 18
17115200 17.9056 18
17115300 18.0765 18
17115400 18.0316 18
17115500 17.6023 18
17115600 17.7111 18
17115700 18.0519 18
17115800 17.9651 18
17115900 17.6528 18
17116000 17.3544 18
17116100 17.5239 18
17116200 18.1185 18
17116300 18.4982 18
17116400 18.6265 18
17116500 18.46 18
17116600 18.2016 18
17116700 17.9625 18
17116800 17.9044 18
17116900 17.9765 18
17117000 17.8822 18
17117100 17.9418 18
17117200 18.4081 18
17117300 18.4401 18
17117400 18.2949 18
17117500 18.3923 18
17117600 18.1029 18
17117700 17.8868 18
17117800 17.8746 18
17117900 17.789 18
17118000 17.8101 18
17118100 17.7687 18
17118200 17.6385 18
17118300 17.6864 18
17118400 17.7109 18
17118500 18.3194 18
17118600 18.3004 18
17118700 17.9795 18
17118800 17.8954 18
17118900 18.0342 18
17119000 18.0856 18
17119100 18.4186 18
17119200 18.6103 18
17119300 18.7808 18
17119400 18.7183 18
17119500 18.5394 18
17119600 18.1879 18
17119700 18.0356 18
17119800 17.9733 18
17119900 17.891 18
17120000 17.4399 18
17120100 16.9691 18
17120200 16.8271 18
17120300 17.1736 18
17120400 17.4583 18
17120500 17.8565 18
17120600 18.1137 18
17120700 18.1616 18
17120800 18.2092 18
17120900 18.3488 18
17121000 18.4983 18
17121100 18.3786 18
17121200 18.2586 18
17121300 18.2059 18
17121400 18.2098 18
17121500 18.2289 18
17121600 18.0951 18
17121700 17.7937 18
17121800 17.2591 18
17121900 17.2767 18
17122000 17.6798 18
17122100 17.8749 18
17122200 18.0688 18
17122300 18.0655 18
17122400 17.6965 18
17122500 17.6395 18
17122600 18.0226 18
17122700 17.8071 18
17122800 17.7955 18
17122900 18.1885 18
17123000 18.309 18
17123100 18.4802 18
17123200 18.6502 18
17123300 18.6538 18
17123400 18.4033 18
17123500 18.1499 18
17123600 17.8618 18
17123700 17.6539 18
17123800 17.5018 18
17123900 17.4371 18
17124000 17.4546 18
17124100 17.7646 18
17124200 17.6325 18
17124300 17.4183 18
17124400 17.6205 18
17124500 17.8695 18
17124600 18.0313 18
17124700 17.9914 18
17124800 17.9696 18
17124900 18.0473 18
17125000 18.1769 18
17125100 18.3896 18
17125200 18.64 18
17125300 18.6441 18
17125400 18.4992 18
17125500 18.2968 18
17125600 18.2387 18
17125700 18.0146 18
17125800 17.5186 18
17125900 17.4077 18
17126000 17.4821 18
17126100 17.7005 18
17126200 17.7638 18
17126300 18.2455 18
17126400 18.4419 18
17126500 18.582 18
17126600 18.5129 18
17126700 18.3486 18
17126800 17.9564 18
17126900 17.6922 18
17127000 17.6669 18
17127100 18.0306 18
17127200 17.9675 18
17127300 18.0145 18
17127400 18.4515 18
17127500 18.4946 18
17127600 18.0699 18
17127700 17.5873 18
17127800 17.5511 18
17127900 17.9081 18
17128000 18.1268 18
17128100 18.2468 18
17128200 18.1986 18
17128300 18.386 18
17128400 18.4149 18
17128500 18.2245 18
17128600 18.1452 18
17128700 18.1172 18
17128800 17.9902 18
17128900 17.9524 18
17129000 18.0758 18
17129100 18.2973 18
17129200 18.5571 18
17129300 18.4865 18
17129400 18.406 18
17129500 18.6139 18
17129600 18.5898 18
17129700 18.5712 18
17129800 18.7723 18
17129900 18.8649 18
17130000 18.8609 18
17130100 18.811 18
17130200 18.7847 18
17130300 18.8993 18
17130400 18.8934 18
17130500 18.7383 18
17130600 18.4094 18
17130700 18.0883 18
17130800 17.7029 18
17130900 17.7964 18
17131000 17.925 18
17131100 17.8738 18
17131200 17.9201 18
17131300 18.1096 18
17131400 17.9261 18
17131500 17.4532 18
17131600 17.7207 18
17131700 17.7893 18
17131800 17.4406 18
17131900 17.3256 18
17132000 17.4571 18
17132100 17.6201 18
17132200 18.0318 18
17132300 18.2089 18
17132400 18.4107 18
17132500 18.3698 18
17132600 18.2062 18
17132700 18.1091 18
17132800 18.0028 18
17132900 17.9045 18
17133000 18.2791 18
17133100 18.4901 18
17133200 18.5557 18
17133300 18.6316 18
17133400 18.7207 18
17133500 18.774 18
17133600 18.5077 18
17133700 18.6298 18
17133800 18.8333 18
17133900 18.4339 18
17134000 17.8945 18
17134100 17.4242 18
17134200 17.0527 18
17134300 17.0052 18
17134400 17.1171 18
17134500 17.5299 18
17134600 18.1371 18
17134700 18.6543 18
17134800 18.7749 18
17134900 18.828 18
17135000 18.6503 18
17135100 18.1239 18
17135200 17.7233 18
17135300 17.736 18
17135400 17.7816 18
17135500 18.0441 18
17135600 18.1812 18
17135700 18.2904 18
17135800 18.0616 18
17135900 17.8173 18
17136000 17.8523 18
17136100 17.9634 18
17136200 17.8405 18
17136300 17.8818 18
17136400 18.1199 18
17136500 18.3186 18
17136600 18.2686 18
17136700 18.2385 18
17136800 18.0507 18
17136900 18.1138 18
17137000 18.3442 18
17137100 18.3186 18
17137200 18.0409 18
17137300 17.8598 18
17137400 18.2468 18
17137500 18.0959 18
17137600 17.8425 18
17137700 17.8883 18
17137800 17.6764 18
17137900 17.8591 18
17138000 18.0618 18
17138100 18.3827 18
17138200 18.5977 18
17138300 18.1394 18
17138400 17.827 18
17138500 17.8381 18
17138600 18.0447 18
17138700 18.1786 18
17138800 17.9384 18
17138900 17.9954 18
17139000 18.0456 18
17139100 18.4772 18
17139200 18.3379 18
17139300 18.0434 18
17139400 17.9423 18
17139500 18.2798 18
17139600 18.33 18
17139700 18.229 18
17139800 18.1773 18
17139900 17.9953 18
17140000 18.0232 18
17140100 18.2607 18
17140200 18.2797 18
17140300 18.0579 18
17140400 18.1342 18
17140500 18.389 18
17140600 18.4654 18
17140700 18.502 18
17140800 18.6304 18
17140900 18.3914 18
17141000 18.1412 18
17141100 18.024 18
17141200 17.8204 18
17141300 17.6279 18
17141400 17.4825 18
17141500 17.5458 18
17141600 17.6632 18
17141700 17.5953 18
17141800 17.6932 18
17141900 17.4631 18
17142000 17.2187 18
17142100 17.1157 18
17142200 17.2972 18
17142300 17.5169 18
17142400 17.7275 18
17142500 17.7106 18
17142600 17.6968 18
17142700 17.8367 18
17142800 18.2505 18
17142900 18.4568 18
17143000 18.6566 18
17143100 18.6686 18
17143200 18.4225 18
17143300 18.5395 18
17143400 18.5149 18
17143500 18.436 18
17143600 18.2237 18
17143700 18.0607 18
17143800 18.1451 18
17143900 18.3328 18
17144000 18.125 18
17144100 17.8227 18
17144200 18.015 18
17144300 17.9065 18
17144400 17.5126 18
17144500 17.6003 18
17144600 17.5574 18
17144700 17.7694 18
17144800 17.7919 18
17144900 17.8842 18
17145000 17.8463 18
17145100 17.9499 18
17145200 18.1032 18
17145300 17.912 18
17145400 17.7102 18
17145500 17.8825 18
17145600 18.2905 18
17145700 18.5042 18
17145800 18.6973 18
17145900 18.6333 18
17146000 18.6041 18
17146100 18.0927 18
17146200 17.6354 18
17146300 17.4124 18
17146400 17.5233 18
17146500 17.6293 18
17146600 17.6847 18
17146700 17.439 18
17146800 17.3595 18
17146900 17.6356 18
17147000 18.1449 18
17147100 18.549 18
17147200 18.6197 18
17147300 18.4812 18
17147400 18.3014 18
17147500 18.2371 18
17147600 18.012 18
17147700 18.1462 18
17147800 17.7496 18
17147900 17.4291 18
17148000 17.6274 18
17148100 17.6887 18
17148200 17.7262 18
17148300 17.9481 18
17148400 18.1137 18
17148500 17.703 18
17148600 17.1495 18
17148700 16.979 18
17148800 16.9866 18
17148900 17.3379 18
17149000 17.6961 18
17149100 17.631 18
17149200 17.3614 18
17149300 17.2225 18
17149400 17.401 18
17149500 17.7315 18
17149600 17.7918 18
17149700 17.5357 18
17149800 17.2975 18
17149900 17.5473 18
17150000 17.9319 18
17150100 18.1394 18
17150200 18.0085 18
17150300 17.9555 18
17150400 17.9764 18
17150500 18.2508 18
17150600 18.0013 18
17150700 17.9489 18
17150800 18.347 18
17150900 18.4736 18
17151000 18.4499 18
17151100 18.6411 18
17151200 18.8706 18
17151300 19.183 18
17151400 19.316 18
17151500 18.9465 18
17151600 18.6057 18
17151700 18.2698 18
17151800 17.8683 18
17151900 17.5161 18
17152000 17.4757 18
17152100 17.7703 18
17152200 17.9067 18
17152300 18.2295 18
17152400 18.1853 18
17152500 18.0469 18
17152600 18.034 18
17152700 17.9186 18
17152800 17.4967 18
17152900 17.5401 18
17153000 17.8809 18
17153100 18.138 18
17153200 18.1604 18
17153300 18.2997 18
17153400 18.5577 18
17153500 18.5417 18
17153600 18.3836 18
17153700 18.2955 18
17153800 18.2397 18
17153900 18.3932 18
17154000 18.5432 18
17154100 18.3411 18
17154200 17.7213 18
17154300 17.7597 18
17154400 17.7141 18
17154500 18.0471 18
17154600 18.1885 18
17154700 17.8612 18
17154800 17.5421 18
17154900 17.5781 18
17155000 17.7273 18
17155100 18.0317 18
17155200 18.1097 18
17155300 18.0519 18
17155400 17.7311 18
17155500 17.7332 18
17155600 18.084 18
17155700 18.0049 18
17155800 17.7544 18
17155900 17.6818 18
17156000 17.8205 18
17156100 17.9605 18
17156200 17.8809 18
17156300 17.746 18
17156400 17.5141 18
17156500 17.5283 18
17156600 17.8576 18
17156700 17.6487 18
17156800 17.7977 18
17156900 18.2411 18
17157000 18.3529 18
17157100 18.2218 18
17157200 18.1302 18
17157300 18.4659 18
17157400 18.5347 18
17157500 18.7722 18
17157600 18.6243 18
17157700 18.1383 18
17157800 18.1704 18
17157900 18.2928 18
17158000 18.3898 18
17158100 18.23 18
17158200 18.3752 18
17158300 18.4259 18
17158400 18.4121 18
17158500 18.4685 18
17158600 18.3083 18
17158700 18.3716 18
17158800 18.6195 18
17158900 18.8833 18
17159000 19.0651 18
17159100 18.9452 18
17159200 19.0435 18
17159300 19.0718 18
17159400 18.7771 18
17159500 18.4536 18
17159600 18.5979 18
17159700 18.6696 18
17159800 18.4842 18
17159900 18.3306 18
17160000 18.3806 18
17160100 18.6057 18
17160200 18.7586 18
17160300 18.8285 18
17160400 18.6145 18
17160500 18.373 18
17160600 18.2976 18
17160700 18.0793 18
17160800 18.553 18
17160900 18.5454 18
17161000 18.3977 18
17161100 18.1593 18
17161200 18.3051 18
17161300 18.6002 18
17161400 18.7868 18
17161500 19.0356 18
17161600 19.1172 18
17161700 18.9385 18
17161800 18.696 18
17161900 18.4846 18
17162000 18.6866 18
17162100 18.6752 18
17162200 18.6286 18
17162300 18.6559 18
17162400 18.5353 18
17162500 18.2269 18
17162600 18.3215 18
17162700 18.3044 18
17162800 18.1273 18
17162900 17.8866 18
17163000 17.6447 18
17163100 17.3883 18
17163200 17.2034 18
17163300 17.5289 18
17163400 17.9748 18
17163500 18.1462 18
17163600 18.0566 18
17163700 18.1457 18
17163800 18.0738 18
17163900 18.0259 18
17164000 17.8719 18
17164100 17.3887 18
17164200 17.4343 18
17164300 17.473 18
17164400 17.854 18
17164500 18.1595 18
17164600 17.8467 18
17164700 17.6119 18
17164800 17.5186 18
17164900 17.3488 18
17165000 17.3527 18
17165100 17.3552 18
17165200 17.2228 18
17165300 17.3838 18
17165400 17.738 18
17165500 18.0763 18
17165600 18.067 18
17165700 17.751 18
17165800 17.4091 18
17165900 17.191 18
17166000 17.1978 18
17166100 17.1857 18
17166200 17.1048 18
17166300 17.0522 18
17166400 17.1548 18
17166500 17.3759 18
17166600 17.4898 18
17166700 17.4958 18
17166800 17.4484 18
17166900 17.6738 18
17167000 17.7466 18
17167100 17.6834 18
17167200 17.8808 18
17167300 18.1678 18
17167400 18.1843 18
17167500 17.8626 18
17167600 17.8545 18
17167700 17.7063 18
17167800 17.8074 18
17167900 18.0816 18
17168000 18.4061 18
17168100 18.5083 18
17168200 18.4389 18
17168300 18.2527 18
17168400 18.0257 18
17168500 17.9177 18
17168600 17.7417 18
17168700 17.4791 18
17168800 17.5923 18
17168900 17.8184 18
17169000 17.9359 18
17169100 18.2388 18
17169200 18.3424 18
17169300 18.1702 18
17169400 18.0138 18
17169500 18.0376 18
17169600 18.3252 18
17169700 18.4437 18
17169800 18.1903 18
17169900 18.0657 18
17170000 18.014 18
17170100 17.9535 18
17170200 18.1529 18
17170300 18.2124 18
17170400 18.0012 18
17170500 17.827 18
17170600 17.9618 18
17170700 18.2533 18
17170800 18.1467 18
17170900 18.2055 18
17171000 17.8626 18
17171100 17.8329 18
17171200 17.7131 18
17171300 17.5533 18
17171400 17.7489 18
17171500 18.0792 18
17171600 18.2993 18
17171700 17.8981 18
17171800 17.7664 18
17171900 17.6759 18
17172000 17.3504 18
17172100 17.5524 18
17172200 17.3954 18
17172300 16.9499 18
17172400 17.0897 18
17172500 17.4018 18
17172600 17.5915 18
17172700 17.8143 18
17172800 17.9157 18
17172900 18.0411 18
17173000 18.215 18
17173100 18.2649 18
17173200 18.1918 18
17173300 18.2557 18
17173400 18.5493 18
17173500 18.517 18
17173600 18.3053 18
17173700 18.5491 18
17173800 18.8224 18
17173900 18.7979 18
17174000 18.5643 18
17174100 18.272 18
17174200 18.2448 18
17174300 18.0996 18
17174400 18.1957 18
17174500 18.2704 18
17174600 18.1449 18
17174700 18.513 18
17174800 18.5124 18
17174900 18.3771 18
17175000 18.4355 18
17175100 18.2644 18
17175200 18.2185 18
17175300 18.6725 18
17175400 18.9471 18
17175500 18.6282 18
17175600 18.2874 18
17175700 18.5232 18
17175800 18.5717 18
17175900 18.3945 18
17176000 18.217 18
17176100 18.4115 18
17176200 18.2802 18
17176300 17.9633 18
17176400 17.7736 18
17176500 17.6316 18
17176600 17.7201 18
17176700 17.6214 18
17176800 17.8128 18
17176900 17.8608 18
17177000 17.8667 18
17177100 17.8342 18
17177200 17.9242 18
17177300 17.8882 18
17177400 17.8936 18
17177500 17.5991 18
17177600 17.5273 18
17177700 17.5725 18
17177800 17.69 18
17177900 17.71 18
17178000 17.7555 18
17178100 17.7954 18
17178200 18.0839 18
17178300 18.4548 18
17178400 18.8996 18
17178500 19.3089 18
17178600 19.4204 18
17178700 19.2736 18
17178800 19.2266 18
17178900 18.9983 18
17179000 18.7598 18
17179100 18.7019 18
17179200 18.3501 18
17179300 18.1176 18
17179400 18.4472 18
17179500 18.5129 18
17179600 18.28 18
17179700 18.0749 18
17179800 18.2325 18
17179900 18.3407 18
17180000 18.5469 18
17180100 18.5501 18
17180200 18.445 18
17180300 18.1455 18
17180400 18.3103 18
17180500 18.2863 18
17180600 18.135 18
17180700 18.0427 18
17180800 18.1884 18
17180900 18.237 18
17181000 18.1263 18
17181100 18.0053 18
17181200 18.182 18
17181300 18.245 18
17181400 18.2891 18
17181500 18.4011 18
17181600 18.2029 18
17181700 18.3407 18
17181800 18.2455 18
17181900 17.9685 18
17182000 18.0584 18
17182100 18.0441 18
17182200 18.1497 18
17182300 18.1751 18
17182400 18.4401 18
17182500 18.64 18
17182600 18.601 18
17182700 18.3019 18
17182800 18.1415 18
17182900 18.0739 18
17183000 18.0883 18
17183100 17.808 18
17183200 17.859 18
17183300 17.7269 18
17183400 17.3502 18
17183500 17.4966 18
17183600 17.9667 18
17183700 18.4822 18
17183800 18.3074 18
17183900 18.1318 18
17184000 18.0086 18
17184100 17.7647 18
17184200 17.5218 18
17184300 17.3479 18
17184400 17.5461 18
17184500 17.8116 18
17184600 18.0661 18
17184700 18.2843 18
17184800 18.0415 18
17184900 17.8346 18
17185000 17.8748 18
17185100 17.8859 18
17185200 18.0211 18
17185300 18.1974 18
17185400 18.2795 18
17185500 18.3881 18
17185600 18.8002 18
17185700 18.386 18
17185800 18.2008 18
17185900 18.1552 18
17186000 18.1324 18
17186100 18.198 18
17186200 18.4089 18
17186300 18.3116 18
17186400 17.8032 18
17186500 17.4532 18
17186600 17.3853 18
17186700 17.6368 18
17186800 17.6411 18
17186900 17.4057 18
17187000 17.4964 18
17187100 17.8458 18
17187200 17.9106 18
17187300 18.1622 18
17187400 17.8236 18
17187500 17.3425 18
17187600 17.36 18
17187700 17.4513 18
17187800 17.7644 18
17187900 17.9344 18
17188000 17.8062 18
17188100 17.7249 18
17188200 17.8556 18
17188300 17.9515 18
17188400 18.0485 18
17188500 18.1024 18
17188600 17.8265 18
17188700 17.5204 18
17188800 17.5596 18
17188900 17.7839 18
17189000 17.8399 18
17189100 17.4202 18
17189200 17.4958 18
17189300 17.6941 18
17189400 17.8429 18
17189500 17.8041 18
17189600 17.9504 18
17189700 18.1113 18
17189800 18.2788 18
17189900 18.239 18
17190000 18.2571 18
17190100 18.1571 18
17190200 17.891 18
17190300 17.694 18
17190400 18.0259 18
17190500 17.9686 18
17190600 17.856 18
17190700 18.038 18
17190800 17.9687 18
17190900 17.709 18
17191000 17.6336 18
17191100 17.7683 18
17191200 17.8324 18
17191300 18.0665 18
17191400 18.2377 18
17191500 18.239 18
17191600 18.0995 18
17191700 18.0441 18
17191800 18.1236 18
17191900 18.1002 18
17192000 18.0637 18
17192100 17.7869 18
17192200 17.6732 18
17192300 17.7313 18
17192400 17.7263 18
17192500 18.0022 18
17192600 18.3659 18
17192700 18.2753 18
17192800 18.1659 18
17192900 18.3358 18
17193000 18.8032 18
17193100 18.8278 18
17193200 18.6932 18
17193300 18.6332 18
17193400 18.5983 18
17193500 18.2644 18
17193600 18.0373 18
17193700 17.8125 18
17193800 17.7014 18
17193900 17.8902 18
17194000 17.827 18
17194100 17.7045 18
17194200 18.0442 18
17194300 18.2432 18
17194400 18.0547 18
17194500 17.93 18
17194600 18.1455 18
17194700 18.2079 18
17194800 18.4241 18
17194900 18.1022 18
17195000 17.7939 18
17195100 17.7203 18
17195200 17.7871 18
17195300 17.8257 18
17195400 17.7441 18
17195500 17.5741 18
17195600 17.5465 18
17195700 17.4794 18
17195800 17.4514 18
17195900 17.4547 18
17196000 17.6805 18
17196100 17.6866 18
17196200 17.4579 18
17196300 17.7107 18
17196400 17.9548 18
17196500 18.1715 18
17196600 18.5834 18
17196700 18.8497 18
17196800 18.737 18
17196900 18.6034 18
17197000 18.17 18
17197100 18.1302 18
17197200 18.3822 18
17197300 18.5589 18
17197400 18.8724 18
17197500 18.6826 18
17197600 18.055 18
17197700 17.6155 18
17197800 17.6049 18
17197900 17.8914 18
17198000 18.0302 18
17198100 18.1226 18
17198200 18.1918 18
17198300 18.3477 18
17198400 18.4534 18
17198500 18.2229 18
17198600 18.0824 18
17198700 18.0893 18
17198800 17.9724 18
17198900 17.9919 18
17199000 18.2681 18
17199100 18.4109 18
17199200 18.1543 18
17199300 17.6597 18
17199400 17.4044 18
17199500 17.8653 18
17199600 18.3679 18
17199700 18.4707 18
17199800 18.2493 18
17199900 18.2562 18
17200000 18.3774 18
