# Time-averaged data for fix myat1
# TimeStep v_xave v_xdes
5400100 -11.0359 -11
5400200 -10.8555 -11
5400300 -10.9141 -11
5400400 -10.8667 -11
5400500 -10.5439 -11
5400600 -10.4703 -11
5400700 -10.7149 -11
5400800 -10.6182 -11
5400900 -10.6784 -11
5401000 -10.839 -11
5401100 -10.9226 -11
5401200 -10.8221 -11
5401300 -10.7942 -11
5401400 -10.7021 -11
5401500 -10.7141 -11
5401600 -10.1834 -11
5401700 -10.3565 -11
5401800 -10.6087 -11
5401900 -10.7318 -11
5402000 -10.5281 -11
5402100 -10.3784 -11
5402200 -10.3806 -11
5402300 -10.2928 -11
5402400 -10.3666 -11
5402500 -10.5688 -11
5402600 -10.8434 -11
5402700 -10.9628 -11
5402800 -11.2199 -11
5402900 -11.286 -11
5403000 -11.1495 -11
5403100 -10.6692 -11
5403200 -10.6393 -11
5403300 -10.751 -11
5403400 -10.8529 -11
5403500 -11.0907 -11
5403600 -11.1751 -11
5403700 -11.2456 -11
5403800 -11.2632 -11
5403900 -11.1271 -11
5404000 -11.1008 -11
5404100 -11.1308 -11
5404200 -10.9689 -11
5404300 -10.6821 -11
5404400 -10.6666 -11
5404500 -10.8855 -11
5404600 -10.686 -11
5404700 -10.6489 -11
5404800 -10.7451 -11
5404900 -10.4655 -11
5405000 -10.2949 -11
5405100 -10.3572 -11
5405200 -10.5565 -11
5405300 -10.7638 -11
5405400 -10.9218 -11
5405500 -10.9933 -11
5405600 -10.9772 -11
5405700 -11.0763 -11
5405800 -11.3917 -11
5405900 -11.6962 -11
5406000 -11.8337 -11
5406100 -11.8795 -11
5406200 -11.8308 -11
5406300 -11.628 -11
5406400 -11.2847 -11
5406500 -11.0112 -11
5406600 -11.1016 -11
5406700 -11.1332 -11
5406800 -10.8851 -11
5406900 -10.4804 -11
5407000 -10.4721 -11
5407100 -10.7477 -11
5407200 -11.0426 -11
5407300 -10.9987 -11
5407400 -10.7143 -11
5407500 -10.7511 -11
5407600 -11.1799 -11
5407700 -10.95 -11
5407800 -11.2673 -11
5407900 -11.4451 -11
5408000 -11.4966 -11
5408100 -11.4481 -11
5408200 -11.1803 -11
5408300 -10.9705 -11
5408400 -11.2128 -11
5408500 -11.4631 -11
5408600 -11.4199 -11
5408700 -11.0581 -11
5408800 -10.8658 -11
5408900 -10.7111 -11
5409000 -10.568 -11
5409100 -10.8069 -11
5409200 -11.1352 -11
5409300 -11.1152 -11
5409400 -11.0014 -11
5409500 -10.9787 -11
5409600 -11.3685 -11
5409700 -11.6385 -11
5409800 -11.7765 -11
5409900 -11.6031 -11
5410000 -11.2267 -11
5410100 -11.0995 -11
5410200 -10.9272 -11
5410300 -10.7514 -11
5410400 -10.7819 -11
5410500 -10.9862 -11
5410600 -11.0004 -11
5410700 -10.7348 -11
5410800 -10.8495 -11
5410900 -11.1973 -11
5411000 -11.4238 -11
5411100 -11.5443 -11
5411200 -11.482 -11
5411300 -11.2801 -11
5411400 -11.1581 -11
5411500 -11.1215 -11
5411600 -11.2307 -11
5411700 -11.2111 -11
5411800 -11.4151 -11
5411900 -11.4596 -11
5412000 -11.3209 -11
5412100 -11.2466 -11
5412200 -10.7628 -11
5412300 -10.6557 -11
5412400 -11.0988 -11
5412500 -11.5285 -11
5412600 -11.3934 -11
5412700 -11.3886 -11
5412800 -11.0927 -11
5412900 -10.7698 -11
5413000 -10.8106 -11
5413100 -10.9065 -11
5413200 -11.05 -11
5413300 -11.0206 -11
5413400 -11.1341 -11
5413500 -11.1082 -11
5413600 -11.4416 -11
5413700 -11.3706 -11
5413800 -11.1194 -11
5413900 -11.0099 -11
5414000 -10.9659 -11
5414100 -11.0288 -11
5414200 -10.9591 -11
5414300 -10.7427 -11
5414400 -10.6302 -11
5414500 -10.5734 -11
5414600 -10.9225 -11
5414700 -11.1358 -11
5414800 -11.1784 -11
5414900 -11.0513 -11
5415000 -11.1735 -11
5415100 -11.3543 -11
5415200 -11.4157 -11
5415300 -11.0803 -11
5415400 -10.8649 -11
5415500 -10.908 -11
5415600 -11.1381 -11
5415700 -11.2251 -11
5415800 -11.4128 -11
5415900 -11.6439 -11
5416000 -11.8749 -11
5416100 -11.84 -11
5416200 -11.0356 -11
5416300 -10.6995 -11
5416400 -10.7208 -11
5416500 -11.1268 -11
5416600 -11.3408 -11
5416700 -11.1467 -11
5416800 -11.2365 -11
5416900 -11.4764 -11
5417000 -11.3824 -11
5417100 -11.0454 -11
5417200 -10.861 -11
5417300 -10.8391 -11
5417400 -10.9858 -11
5417500 -11.3063 -11
5417600 -11.2662 -11
5417700 -11.1348 -11
5417800 -11.3331 -11
5417900 -11.1825 -11
5418000 -11.1987 -11
5418100 -11.1799 -11
5418200 -11.0228 -11
5418300 -11.0908 -11
5418400 -11.4666 -11
5418500 -11.3621 -11
5418600 -11.1219 -11
5418700 -11.1006 -11
5418800 -10.9058 -11
5418900 -10.759 -11
5419000 -10.6127 -11
5419100 -10.7171 -11
5419200 -10.9885 -11
5419300 -11.0688 -11
5419400 -11.1548 -11
5419500 -11.2871 -11
5419600 -11.3134 -11
5419700 -11.4136 -11
5419800 -11.1408 -11
5419900 -11.1378 -11
5420000 -11.19 -11
5420100 -11.2817 -11
5420200 -11.4705 -11
5420300 -11.6207 -11
5420400 -11.324 -11
5420500 -11.4574 -11
5420600 -11.718 -11
5420700 -11.4935 -11
5420800 -11.6479 -11
5420900 -11.4565 -11
5421000 -10.8008 -11
5421100 -10.5881 -11
5421200 -10.6207 -11
5421300 -10.7488 -11
5421400 -10.6075 -11
5421500 -10.6758 -11
5421600 -10.6568 -11
5421700 -10.2908 -11
5421800 -10.0983 -11
5421900 -10.1864 -11
5422000 -10.2738 -11
5422100 -10.5777 -11
5422200 -10.8265 -11
5422300 -10.5386 -11
5422400 -10.6299 -11
5422500 -11.0949 -11
5422600 -10.8953 -11
5422700 -10.7429 -11
5422800 -10.9042 -11
5422900 -11.1105 -11
5423000 -11.1724 -11
5423100 -11.2251 -11
5423200 -11.1528 -11
5423300 -10.9463 -11
5423400 -10.9102 -11
5423500 -10.8889 -11
5423600 -10.9611 -11
5423700 -11.0845 -11
5423800 -10.9743 -11
5423900 -10.9749 -11
5424000 -11.4567 -11
5424100 -11.5029 -11
5424200 -11.415 -11
5424300 -11.3374 -11
5424400 -11.3529 -11
5424500 -11.2031 -11
5424600 -10.981 -11
5424700 -10.7816 -11
5424800 -10.5913 -11
5424900 -10.6882 -11
5425000 -10.6268 -11
5425100 -10.941 -11
5425200 -11.2885 -11
5425300 -11.2366 -11
5425400 -11.0764 -11
5425500 -10.7134 -11
5425600 -10.7149 -11
5425700 -11.1024 -11
5425800 -11.3886 -11
5425900 -11.4603 -11
5426000 -11.4341 -11
5426100 -11.2987 -11
5426200 -11.1127 -11
5426300 -11.3009 -11
5426400 -11.6423 -11
5426500 -11.4103 -11
5426600 -11.0339 -11
5426700 -10.8958 -11
5426800 -10.9263 -11
5426900 -10.9857 -11
5427000 -11.3215 -11
5427100 -11.2672 -11
5427200 -11.4349 -11
5427300 -11.457 -11
5427400 -11.3606 -11
5427500 -11.4992 -11
5427600 -11.5153 -11
5427700 -11.5099 -11
5427800 -11.1909 -11
5427900 -11.151 -11
5428000 -11.2056 -11
5428100 -11.0085 -11
5428200 -10.7006 -11
5428300 -10.4781 -11
5428400 -10.6289 -11
5428500 -10.9525 -11
5428600 -11.1647 -11
5428700 -11.4483 -11
5428800 -11.5208 -11
5428900 -11.459 -11
5429000 -11.5349 -11
5429100 -11.6874 -11
5429200 -11.5908 -11
5429300 -11.4983 -11
5429400 -11.2302 -11
5429500 -11.062 -11
5429600 -10.9682 -11
5429700 -11.0134 -11
5429800 -11.2747 -11
5429900 -11.2794 -11
5430000 -11.3886 -11
5430100 -11.428 -11
5430200 -11.347 -11
5430300 -11.5351 -11
5430400 -11.8708 -11
5430500 -11.7476 -11
5430600 -11.193 -11
5430700 -11.0419 -11
5430800 -11.3852 -11
5430900 -11.5507 -11
5431000 -11.1539 -11
5431100 -10.7687 -11
5431200 -10.9217 -11
5431300 -10.9391 -11
5431400 -10.8938 -11
5431500 -10.9026 -11
5431600 -10.93 -11
5431700 -10.8449 -11
5431800 -10.7432 -11
5431900 -10.7559 -11
5432000 -10.4212 -11
5432100 -10.2051 -11
5432200 -10.0423 -11
5432300 -10.2172 -11
5432400 -10.5465 -11
5432500 -10.5667 -11
5432600 -10.9039 -11
5432700 -11.1758 -11
5432800 -11.0332 -11
5432900 -11.1344 -11
5433000 -11.4788 -11
5433100 -11.4988 -11
5433200 -11.1683 -11
5433300 -11.1767 -11
5433400 -11.0196 -11
5433500 -10.7893 -11
5433600 -10.791 -11
5433700 -10.9382 -11
5433800 -10.8681 -11
5433900 -11.1205 -11
5434000 -11.3648 -11
5434100 -11.3296 -11
5434200 -11.2658 -11
5434300 -11.1933 -11
5434400 -11.4563 -11
5434500 -11.6923 -11
5434600 -11.5343 -11
5434700 -11.2573 -11
5434800 -10.891 -11
5434900 -11.2445 -11
5435000 -11.409 -11
5435100 -11.3258 -11
5435200 -11.1656 -11
5435300 -10.8198 -11
5435400 -10.4046 -11
5435500 -10.57 -11
5435600 -10.7871 -11
5435700 -10.8219 -11
5435800 -10.7334 -11
5435900 -10.3275 -11
5436000 -10.017 -11
5436100 -10.0712 -11
5436200 -10.5146 -11
5436300 -10.6937 -11
5436400 -10.8534 -11
5436500 -11.077 -11
5436600 -11.0155 -11
5436700 -10.6017 -11
5436800 -10.5053 -11
5436900 -10.3767 -11
5437000 -10.5831 -11
5437100 -10.6781 -11
5437200 -10.8185 -11
5437300 -10.8449 -11
5437400 -10.8268 -11
5437500 -10.8869 -11
5437600 -11.0848 -11
5437700 -11.0951 -11
5437800 -10.981 -11
5437900 -10.9726 -11
5438000 -11.089 -11
5438100 -11.2477 -11
5438200 -11.2756 -11
5438300 -11.2897 -11
5438400 -11.2862 -11
5438500 -11.4616 -11
5438600 -11.6982 -11
5438700 -11.9296 -11
5438800 -11.7856 -11
5438900 -11.3044 -11
5439000 -10.8834 -11
5439100 -10.9053 -11
5439200 -11.0855 -11
5439300 -11.2116 -11
5439400 -11.2866 -11
5439500 -11.3857 -11
5439600 -11.4347 -11
5439700 -11.5289 -11
5439800 -11.4363 -11
5439900 -11.4536 -11
5440000 -11.7053 -11
5440100 -11.7466 -11
5440200 -11.4035 -11
5440300 -11.0125 -11
5440400 -11.1468 -11
5440500 -10.9854 -11
5440600 -10.6007 -11
5440700 -10.2427 -11
5440800 -10.1238 -11
5440900 -10.1748 -11
5441000 -10.1447 -11
5441100 -10.0906 -11
5441200 -10.3661 -11
5441300 -10.6756 -11
5441400 -10.8069 -11
5441500 -10.8127 -11
5441600 -11.299 -11
5441700 -11.4756 -11
5441800 -11.7697 -11
5441900 -11.7663 -11
5442000 -11.5017 -11
5442100 -11.275 -11
5442200 -11.4476 -11
5442300 -11.4808 -11
5442400 -11.6356 -11
5442500 -11.5668 -11
5442600 -11.5382 -11
5442700 -11.4247 -11
5442800 -11.1562 -11
5442900 -11.0218 -11
5443000 -10.9661 -11
5443100 -10.9201 -11
5443200 -10.7522 -11
5443300 -10.821 -11
5443400 -10.7689 -11
5443500 -10.5367 -11
5443600 -10.5805 -11
5443700 -10.895 -11
5443800 -10.9468 -11
5443900 -11.2664 -11
5444000 -11.4209 -11
5444100 -11.5788 -11
5444200 -11.6179 -11
5444300 -11.4504 -11
5444400 -11.1595 -11
5444500 -11.2678 -11
5444600 -11.3052 -11
5444700 -11.0406 -11
5444800 -10.7128 -11
5444900 -10.3778 -11
5445000 -10.325 -11
5445100 -10.1958 -11
5445200 -10.1857 -11
5445300 -10.498 -11
5445400 -10.6007 -11
5445500 -10.7528 -11
5445600 -10.9575 -11
5445700 -10.7711 -11
5445800 -10.5054 -11
5445900 -10.482 -11
5446000 -10.3567 -11
5446100 -10.2405 -11
5446200 -10.4667 -11
5446300 -11.188 -11
5446400 -11.4215 -11
5446500 -11.1566 -11
5446600 -10.8808 -11
5446700 -10.8621 -11
5446800 -11.0675 -11
5446900 -11.1562 -11
5447000 -11.0842 -11
5447100 -10.9707 -11
5447200 -11.1448 -11
5447300 -11.4269 -11
5447400 -11.2027 -11
5447500 -10.9758 -11
5447600 -10.9151 -11
5447700 -10.8501 -11
5447800 -10.7394 -11
5447900 -10.6727 -11
5448000 -10.7478 -11
5448100 -10.7505 -11
5448200 -10.6637 -11
5448300 -10.6896 -11
5448400 -10.5343 -11
5448500 -10.413 -11
5448600 -10.4665 -11
5448700 -10.7037 -11
5448800 -10.9121 -11
5448900 -10.8069 -11
5449000 -10.5016 -11
5449100 -10.5379 -11
5449200 -11.0256 -11
5449300 -11.1572 -11
5449400 -11.1791 -11
5449500 -11.2152 -11
5449600 -11.2289 -11
5449700 -11.2346 -11
5449800 -11.241 -11
5449900 -11.464 -11
5450000 -11.4093 -11
5450100 -11.3582 -11
5450200 -11.5185 -11
5450300 -11.864 -11
5450400 -11.8822 -11
5450500 -11.9158 -11
5450600 -11.7279 -11
5450700 -11.3395 -11
5450800 -11.0683 -11
5450900 -11.0048 -11
5451000 -11.2399 -11
5451100 -11.5362 -11
5451200 -11.1176 -11
5451300 -11.3053 -11
5451400 -11.3328 -11
5451500 -11.1662 -11
5451600 -11.3705 -11
5451700 -11.5301 -11
5451800 -11.3371 -11
5451900 -11.121 -11
5452000 -11.0632 -11
5452100 -11.2303 -11
5452200 -10.9509 -11
5452300 -11.1546 -11
5452400 -11.3949 -11
5452500 -11.5466 -11
5452600 -11.1974 -11
5452700 -10.8977 -11
5452800 -10.8766 -11
5452900 -11.0436 -11
5453000 -10.9819 -11
5453100 -10.9309 -11
5453200 -10.9754 -11
5453300 -11.1404 -11
5453400 -11.2439 -11
5453500 -11.6463 -11
5453600 -11.5801 -11
5453700 -11.2313 -11
5453800 -10.8574 -11
5453900 -10.8193 -11
5454000 -10.8341 -11
5454100 -10.677 -11
5454200 -10.5454 -11
5454300 -10.7758 -11
5454400 -11.0483 -11
5454500 -11.4276 -11
5454600 -11.6707 -11
5454700 -11.5113 -11
5454800 -11.1194 -11
5454900 -10.8762 -11
5455000 -11.0599 -11
5455100 -11.2537 -11
5455200 -11.2374 -11
5455300 -11.0242 -11
5455400 -10.8465 -11
5455500 -10.733 -11
5455600 -10.729 -11
5455700 -10.6172 -11
5455800 -10.4064 -11
5455900 -10.3269 -11
5456000 -10.1552 -11
5456100 -10.6557 -11
5456200 -11.1277 -11
5456300 -11.3744 -11
5456400 -11.4993 -11
5456500 -11.5618 -11
5456600 -11.1122 -11
5456700 -11.0508 -11
5456800 -11.0886 -11
5456900 -11.0529 -11
5457000 -10.9444 -11
5457100 -11.0611 -11
5457200 -11.2162 -11
5457300 -11.4333 -11
5457400 -11.8648 -11
5457500 -11.6499 -11
5457600 -11.1527 -11
5457700 -10.847 -11
5457800 -10.7117 -11
5457900 -10.9525 -11
5458000 -11.4432 -11
5458100 -10.9525 -11
5458200 -10.9842 -11
5458300 -11.0947 -11
5458400 -11.1282 -11
5458500 -11.0039 -11
5458600 -11.1991 -11
5458700 -10.9391 -11
5458800 -11.1773 -11
5458900 -11.3444 -11
5459000 -11.6538 -11
5459100 -11.5653 -11
5459200 -11.3244 -11
5459300 -11.2138 -11
5459400 -10.9429 -11
5459500 -11.0628 -11
5459600 -11.2748 -11
5459700 -11.7785 -11
5459800 -11.878 -11
5459900 -11.6746 -11
5460000 -11.4898 -11
5460100 -11.1257 -11
5460200 -10.8234 -11
5460300 -10.7713 -11
5460400 -11.1183 -11
5460500 -11.1759 -11
5460600 -11.2798 -11
5460700 -11.3095 -11
5460800 -11.3284 -11
5460900 -11.4044 -11
5461000 -11.4891 -11
5461100 -11.5327 -11
5461200 -11.2477 -11
5461300 -10.8396 -11
5461400 -10.6157 -11
5461500 -10.4519 -11
5461600 -10.8159 -11
5461700 -11.4656 -11
5461800 -11.6316 -11
5461900 -11.4053 -11
5462000 -11.337 -11
5462100 -11.2194 -11
5462200 -11.2396 -11
5462300 -11.0291 -11
5462400 -10.7085 -11
5462500 -11.0426 -11
5462600 -11.3262 -11
5462700 -11.422 -11
5462800 -11.3352 -11
5462900 -11.3193 -11
5463000 -11.2537 -11
5463100 -11.1105 -11
5463200 -10.7798 -11
5463300 -10.6897 -11
5463400 -10.799 -11
5463500 -10.7673 -11
5463600 -11.0186 -11
5463700 -10.9152 -11
5463800 -10.683 -11
5463900 -10.6804 -11
5464000 -10.4796 -11
5464100 -10.856 -11
5464200 -11.2855 -11
5464300 -11.4606 -11
5464400 -11.4461 -11
5464500 -11.5135 -11
5464600 -11.3855 -11
5464700 -11.4629 -11
5464800 -11.4188 -11
5464900 -10.987 -11
5465000 -10.7274 -11
5465100 -10.7143 -11
5465200 -10.7544 -11
5465300 -10.9735 -11
5465400 -10.8139 -11
5465500 -11.0552 -11
5465600 -11.2945 -11
5465700 -11.4572 -11
5465800 -11.4893 -11
5465900 -11.226 -11
5466000 -11.091 -11
5466100 -11.1927 -11
5466200 -11.2651 -11
5466300 -11.2244 -11
5466400 -11.1422 -11
5466500 -11.056 -11
5466600 -11.3931 -11
5466700 -11.3544 -11
5466800 -11.5388 -11
5466900 -11.8779 -11
5467000 -11.979 -11
5467100 -11.9505 -11
5467200 -11.8877 -11
5467300 -11.6628 -11
5467400 -11.5772 -11
5467500 -11.9299 -11
5467600 -11.9304 -11
5467700 -11.9539 -11
5467800 -11.7229 -11
5467900 -11.4884 -11
5468000 -11.2478 -11
5468100 -10.9958 -11
5468200 -11.1089 -11
5468300 -11.3034 -11
5468400 -11.2221 -11
5468500 -10.8887 -11
5468600 -10.9012 -11
5468700 -10.988 -11
5468800 -10.9779 -11
5468900 -10.8642 -11
5469000 -10.8446 -11
5469100 -10.6815 -11
5469200 -10.6856 -11
5469300 -10.7312 -11
5469400 -11.054 -11
5469500 -11.2499 -11
5469600 -11.4107 -11
5469700 -11.2301 -11
5469800 -10.9914 -11
5469900 -11.0113 -11
5470000 -11.1799 -11
5470100 -11.3212 -11
5470200 -11.3163 -11
5470300 -10.9596 -11
5470400 -10.653 -11
5470500 -10.7325 -11
5470600 -10.4695 -11
5470700 -10.5201 -11
5470800 -10.6281 -11
5470900 -10.8816 -11
5471000 -10.8688 -11
5471100 -11.0339 -11
5471200 -10.9772 -11
5471300 -10.8058 -11
5471400 -10.6211 -11
5471500 -10.4309 -11
5471600 -10.3891 -11
5471700 -10.4835 -11
5471800 -10.6257 -11
5471900 -10.4628 -11
5472000 -10.4837 -11
5472100 -10.4731 -11
5472200 -10.4747 -11
5472300 -10.4669 -11
5472400 -10.5352 -11
5472500 -10.5376 -11
5472600 -10.5331 -11
5472700 -10.6149 -11
5472800 -10.9356 -11
5472900 -11.1037 -11
5473000 -11.0475 -11
5473100 -10.9143 -11
5473200 -11.1542 -11
5473300 -11.0721 -11
5473400 -11.2074 -11
5473500 -11.2274 -11
5473600 -11.0985 -11
5473700 -10.9367 -11
5473800 -10.7638 -11
5473900 -10.6925 -11
5474000 -10.5627 -11
5474100 -10.4015 -11
5474200 -10.1686 -11
5474300 -10.0983 -11
5474400 -10.3627 -11
5474500 -10.7693 -11
5474600 -10.9469 -11
5474700 -11.279 -11
5474800 -11.3317 -11
5474900 -11.6324 -11
5475000 -11.5744 -11
5475100 -11.1242 -11
5475200 -10.8779 -11
5475300 -10.7544 -11
5475400 -10.9362 -11
5475500 -10.9972 -11
5475600 -11.3318 -11
5475700 -11.4369 -11
5475800 -11.1946 -11
5475900 -10.889 -11
5476000 -10.8586 -11
5476100 -10.8249 -11
5476200 -11.1496 -11
5476300 -10.9957 -11
5476400 -10.8762 -11
5476500 -11.0457 -11
5476600 -10.8969 -11
5476700 -10.8193 -11
5476800 -10.5337 -11
5476900 -10.4297 -11
5477000 -10.8472 -11
5477100 -11.1617 -11
5477200 -11.2825 -11
5477300 -11.2073 -11
5477400 -10.861 -11
5477500 -10.9252 -11
5477600 -11.15 -11
5477700 -10.9194 -11
5477800 -10.8451 -11
5477900 -10.9648 -11
5478000 -10.8828 -11
5478100 -10.7828 -11
5478200 -10.6816 -11
5478300 -10.5992 -11
5478400 -10.5895 -11
5478500 -10.5916 -11
5478600 -11.0112 -11
5478700 -11.3928 -11
5478800 -11.4943 -11
5478900 -11.2926 -11
5479000 -11.1563 -11
5479100 -11.1135 -11
5479200 -11.0248 -11
5479300 -10.7566 -11
5479400 -10.6377 -11
5479500 -10.5592 -11
5479600 -10.5729 -11
5479700 -10.5686 -11
5479800 -10.4782 -11
5479900 -10.8409 -11
5480000 -11.1912 -11
5480100 -11.3582 -11
5480200 -11.5477 -11
5480300 -11.3273 -11
5480400 -11.3098 -11
5480500 -11.0306 -11
5480600 -10.661 -11
5480700 -10.589 -11
5480800 -10.9117 -11
5480900 -11.4721 -11
5481000 -11.5987 -11
5481100 -11.606 -11
5481200 -11.3744 -11
5481300 -10.8546 -11
5481400 -10.3771 -11
5481500 -10.53 -11
5481600 -10.5393 -11
5481700 -10.795 -11
5481800 -10.9453 -11
5481900 -10.765 -11
5482000 -10.6282 -11
5482100 -10.7155 -11
5482200 -11.023 -11
5482300 -11.4011 -11
5482400 -11.9373 -11
5482500 -11.9533 -11
5482600 -11.6292 -11
5482700 -11.2666 -11
5482800 -10.9238 -11
5482900 -10.6297 -11
5483000 -10.7125 -11
5483100 -10.8958 -11
5483200 -10.8428 -11
5483300 -11.0038 -11
5483400 -11.1121 -11
5483500 -11.3022 -11
5483600 -11.1332 -11
5483700 -11.1759 -11
5483800 -11.2751 -11
5483900 -11.1354 -11
5484000 -10.9784 -11
5484100 -10.9951 -11
5484200 -10.9944 -11
5484300 -11.2149 -11
5484400 -11.452 -11
5484500 -11.5238 -11
5484600 -11.314 -11
5484700 -10.7746 -11
5484800 -10.4783 -11
5484900 -10.508 -11
5485000 -10.9316 -11
5485100 -11.0062 -11
5485200 -11.1978 -11
5485300 -11.6092 -11
5485400 -11.6395 -11
5485500 -11.3534 -11
5485600 -11.0618 -11
5485700 -10.8026 -11
5485800 -10.5016 -11
5485900 -10.5802 -11
5486000 -10.6921 -11
5486100 -10.9412 -11
5486200 -11.4488 -11
5486300 -11.6237 -11
5486400 -11.4549 -11
5486500 -11.0781 -11
5486600 -11.0949 -11
5486700 -11.2394 -11
5486800 -11.344 -11
5486900 -11.2165 -11
5487000 -11.1954 -11
5487100 -11.242 -11
5487200 -10.8985 -11
5487300 -11.0426 -11
5487400 -11.0561 -11
5487500 -11.3531 -11
5487600 -11.2909 -11
5487700 -11.0972 -11
5487800 -11.0155 -11
5487900 -11.072 -11
5488000 -10.9027 -11
5488100 -10.7694 -11
5488200 -10.952 -11
5488300 -11.0604 -11
5488400 -10.9668 -11
5488500 -10.7361 -11
5488600 -10.6392 -11
5488700 -10.6052 -11
5488800 -10.5582 -11
5488900 -10.7306 -11
5489000 -10.9583 -11
5489100 -11.219 -11
5489200 -11.219 -11
5489300 -11.2392 -11
5489400 -11.1904 -11
5489500 -10.9575 -11
5489600 -10.6072 -11
5489700 -10.5014 -11
5489800 -10.6775 -11
5489900 -10.8896 -11
5490000 -10.971 -11
5490100 -10.67 -11
5490200 -10.223 -11
5490300 -10.3804 -11
5490400 -10.6595 -11
5490500 -10.7176 -11
5490600 -10.9995 -11
5490700 -11.0848 -11
5490800 -11.2622 -11
5490900 -11.3254 -11
5491000 -11.549 -11
5491100 -11.2991 -11
5491200 -10.7921 -11
5491300 -10.8749 -11
5491400 -11.1189 -11
5491500 -11.3761 -11
5491600 -11.6544 -11
5491700 -11.8426 -11
5491800 -12.1537 -11
5491900 -12.0975 -11
5492000 -11.9393 -11
5492100 -11.7126 -11
5492200 -11.6764 -11
5492300 -11.3927 -11
5492400 -11.1946 -11
5492500 -11.082 -11
5492600 -10.7007 -11
5492700 -10.7635 -11
5492800 -10.7781 -11
5492900 -10.8107 -11
5493000 -11.1428 -11
5493100 -11.5993 -11
5493200 -11.6257 -11
5493300 -11.7925 -11
5493400 -11.618 -11
5493500 -11.7873 -11
5493600 -12.1273 -11
5493700 -12.3058 -11
5493800 -11.8267 -11
5493900 -11.1933 -11
5494000 -11.1429 -11
5494100 -11.21 -11
5494200 -11.1872 -11
5494300 -11.1841 -11
5494400 -11.2746 -11
5494500 -11.3443 -11
5494600 -11.2715 -11
5494700 -11.1547 -11
5494800 -11.3495 -11
5494900 -11.1445 -11
5495000 -11.0424 -11
5495100 -10.9942 -11
5495200 -11.1738 -11
5495300 -11.2012 -11
5495400 -11.4235 -11
5495500 -11.329 -11
5495600 -11.5322 -11
5495700 -11.7305 -11
5495800 -11.7554 -11
5495900 -11.4624 -11
5496000 -11.3893 -11
5496100 -11.2162 -11
5496200 -10.94 -11
5496300 -10.9542 -11
5496400 -11.5076 -11
5496500 -11.5242 -11
5496600 -11.2539 -11
5496700 -11.0486 -11
5496800 -10.6644 -11
5496900 -10.5496 -11
5497000 -10.6728 -11
5497100 -11.1708 -11
5497200 -11.2919 -11
5497300 -11.2688 -11
5497400 -11.2054 -11
5497500 -10.8505 -11
5497600 -10.6642 -11
5497700 -10.9189 -11
5497800 -10.991 -11
5497900 -10.9355 -11
5498000 -10.9325 -11
5498100 -10.9563 -11
5498200 -11.0439 -11
5498300 -11.1565 -11
5498400 -11.0914 -11
5498500 -11.1535 -11
5498600 -10.9909 -11
5498700 -11.286 -11
5498800 -11.3843 -11
5498900 -11.2638 -11
5499000 -11.3965 -11
5499100 -11.673 -11
5499200 -11.8374 -11
5499300 -11.4946 -11
5499400 -11.5131 -11
5499500 -11.5926 -11
5499600 -11.5588 -11
5499700 -11.3697 -11
5499800 -10.9998 -11
5499900 -10.763 -11
5500000 -10.9761 -11
5500100 -11.1977 -11
5500200 -11.313 -11
5500300 -11.2681 -11
5500400 -11.0229 -11
5500500 -10.9095 -11
5500600 -10.9347 -11
5500700 -10.7396 -11
5500800 -10.8598 -11
5500900 -10.9484 -11
5501000 -11.1936 -11
5501100 -11.4243 -11
5501200 -11.0476 -11
5501300 -10.8053 -11
5501400 -10.6639 -11
5501500 -10.9602 -11
5501600 -10.956 -11
5501700 -10.5446 -11
5501800 -10.0961 -11
5501900 -9.99573 -11
5502000 -10.2652 -11
5502100 -10.5953 -11
5502200 -10.7533 -11
5502300 -10.939 -11
5502400 -11.0467 -11
5502500 -11.3257 -11
5502600 -11.3229 -11
5502700 -11.0187 -11
5502800 -10.9232 -11
5502900 -10.8337 -11
5503000 -10.2815 -11
5503100 -9.91666 -11
5503200 -10.3358 -11
5503300 -10.8227 -11
5503400 -10.9196 -11
5503500 -11.1918 -11
5503600 -11.4573 -11
5503700 -11.5925 -11
5503800 -11.3812 -11
5503900 -11.0486 -11
5504000 -11.1684 -11
5504100 -11.0017 -11
5504200 -10.9701 -11
5504300 -11.2406 -11
5504400 -11.4483 -11
5504500 -11.6334 -11
5504600 -11.7204 -11
5504700 -11.6234 -11
5504800 -11.3401 -11
5504900 -11.1859 -11
5505000 -11.1305 -11
5505100 -11.1817 -11
5505200 -11.2108 -11
5505300 -11.178 -11
5505400 -11.3081 -11
5505500 -11.3424 -11
5505600 -11.3247 -11
5505700 -10.8214 -11
5505800 -10.8376 -11
5505900 -10.4865 -11
5506000 -10.3779 -11
5506100 -10.5531 -11
5506200 -10.5366 -11
5506300 -10.164 -11
5506400 -10.1593 -11
5506500 -10.6764 -11
5506600 -11.1553 -11
5506700 -11.1537 -11
5506800 -10.9304 -11
5506900 -11.0599 -11
5507000 -11.5357 -11
5507100 -11.3242 -11
5507200 -10.911 -11
5507300 -10.7255 -11
5507400 -10.6407 -11
5507500 -10.7849 -11
5507600 -10.8077 -11
5507700 -10.762 -11
5507800 -10.9348 -11
5507900 -11.2557 -11
5508000 -11.5205 -11
5508100 -11.4195 -11
5508200 -10.9742 -11
5508300 -10.6619 -11
5508400 -10.506 -11
5508500 -10.8346 -11
5508600 -11.0833 -11
5508700 -11.2087 -11
5508800 -11.3155 -11
5508900 -11.1668 -11
5509000 -11.0723 -11
5509100 -10.893 -11
5509200 -10.5955 -11
5509300 -10.4707 -11
5509400 -10.8385 -11
5509500 -10.8368 -11
5509600 -10.6615 -11
5509700 -10.2142 -11
5509800 -10.1975 -11
5509900 -10.3796 -11
5510000 -10.5163 -11
5510100 -10.922 -11
5510200 -11.2965 -11
5510300 -11.2924 -11
5510400 -11.1132 -11
5510500 -11.1499 -11
5510600 -10.9972 -11
5510700 -11.0616 -11
5510800 -10.9858 -11
5510900 -10.957 -11
5511000 -10.9784 -11
5511100 -10.8269 -11
5511200 -10.8139 -11
5511300 -10.6487 -11
5511400 -10.669 -11
5511500 -10.6963 -11
5511600 -10.657 -11
5511700 -10.6835 -11
5511800 -10.8741 -11
5511900 -10.7947 -11
5512000 -10.6819 -11
5512100 -10.8888 -11
5512200 -11.0993 -11
5512300 -11.1268 -11
5512400 -11.0687 -11
5512500 -11.1017 -11
5512600 -11.3225 -11
5512700 -11.4451 -11
5512800 -11.5243 -11
5512900 -11.585 -11
5513000 -11.2802 -11
5513100 -11.3708 -11
5513200 -11.4543 -11
5513300 -11.2667 -11
5513400 -11.0956 -11
5513500 -11.3475 -11
5513600 -11.4837 -11
5513700 -11.3721 -11
5513800 -11.4973 -11
5513900 -11.7701 -11
5514000 -11.8148 -11
5514100 -11.7582 -11
5514200 -11.5615 -11
5514300 -11.5837 -11
5514400 -11.5035 -11
5514500 -11.7259 -11
5514600 -11.5737 -11
5514700 -11.4905 -11
5514800 -11.3665 -11
5514900 -11.2517 -11
5515000 -11.1599 -11
5515100 -11.0292 -11
5515200 -10.9857 -11
5515300 -10.8408 -11
5515400 -10.9936 -11
5515500 -11.0769 -11
5515600 -10.8875 -11
5515700 -10.5768 -11
5515800 -10.4061 -11
5515900 -10.6735 -11
5516000 -11.0051 -11
5516100 -11.1349 -11
5516200 -11.2 -11
5516300 -11.1407 -11
5516400 -11.0687 -11
5516500 -11.2214 -11
5516600 -11.3332 -11
5516700 -11.2156 -11
5516800 -11.1237 -11
5516900 -11.2509 -11
5517000 -11.4005 -11
5517100 -11.2244 -11
5517200 -11.1012 -11
5517300 -11.057 -11
5517400 -11.1383 -11
5517500 -11.4919 -11
5517600 -11.2503 -11
5517700 -10.8316 -11
5517800 -10.703 -11
5517900 -10.7927 -11
5518000 -10.9289 -11
5518100 -11.1811 -11
5518200 -11.1818 -11
5518300 -10.8556 -11
5518400 -10.8064 -11
5518500 -11.1884 -11
5518600 -11.6414 -11
5518700 -11.5909 -11
5518800 -11.3543 -11
5518900 -11.5544 -11
5519000 -11.7925 -11
5519100 -11.496 -11
5519200 -11.1881 -11
5519300 -11.3166 -11
5519400 -11.2257 -11
5519500 -11.0026 -11
5519600 -10.8318 -11
5519700 -10.5863 -11
5519800 -10.6227 -11
5519900 -10.5528 -11
5520000 -10.4888 -11
5520100 -10.4612 -11
5520200 -10.5115 -11
5520300 -10.7494 -11
5520400 -10.9634 -11
5520500 -11.1571 -11
5520600 -11.2648 -11
5520700 -11.314 -11
5520800 -11.1356 -11
5520900 -11.0325 -11
5521000 -11.1268 -11
5521100 -11.3694 -11
5521200 -11.5667 -11
5521300 -11.7906 -11
5521400 -11.596 -11
5521500 -11.787 -11
5521600 -11.5609 -11
5521700 -11.607 -11
5521800 -11.5798 -11
5521900 -11.6128 -11
5522000 -11.7306 -11
5522100 -11.6608 -11
5522200 -11.5594 -11
5522300 -11.527 -11
5522400 -11.3686 -11
5522500 -11.2163 -11
5522600 -11.1217 -11
5522700 -10.7028 -11
5522800 -10.348 -11
5522900 -10.4353 -11
5523000 -10.6582 -11
5523100 -10.7703 -11
5523200 -10.9592 -11
5523300 -11.0592 -11
5523400 -11.1894 -11
5523500 -11.4857 -11
5523600 -11.2111 -11
5523700 -10.8671 -11
5523800 -10.9643 -11
5523900 -10.6448 -11
5524000 -10.5423 -11
5524100 -10.5122 -11
5524200 -10.4769 -11
5524300 -10.4059 -11
5524400 -10.1953 -11
5524500 -10.2873 -11
5524600 -10.6438 -11
5524700 -10.5071 -11
5524800 -10.2402 -11
5524900 -10.3646 -11
5525000 -10.6308 -11
5525100 -10.5437 -11
5525200 -10.3204 -11
5525300 -10.2804 -11
5525400 -10.414 -11
5525500 -10.5348 -11
5525600 -10.7202 -11
5525700 -11.2047 -11
5525800 -11.3443 -11
5525900 -11.2343 -11
5526000 -11.1799 -11
5526100 -10.9475 -11
5526200 -10.8821 -11
5526300 -10.7588 -11
5526400 -10.7939 -11
5526500 -10.6608 -11
5526600 -10.5662 -11
5526700 -10.7511 -11
5526800 -10.7275 -11
5526900 -10.7445 -11
5527000 -10.8423 -11
5527100 -10.8527 -11
5527200 -10.7044 -11
5527300 -10.7512 -11
5527400 -10.5889 -11
5527500 -10.5437 -11
5527600 -10.9075 -11
5527700 -11.2498 -11
5527800 -11.0729 -11
5527900 -10.9578 -11
5528000 -11.2218 -11
5528100 -11.107 -11
5528200 -10.8239 -11
5528300 -10.7835 -11
5528400 -10.697 -11
5528500 -10.7766 -11
5528600 -10.9045 -11
5528700 -10.8504 -11
5528800 -10.5745 -11
5528900 -10.2525 -11
5529000 -10.1277 -11
5529100 -10.0327 -11
5529200 -9.90197 -11
5529300 -10.2682 -11
5529400 -10.4576 -11
5529500 -10.5005 -11
5529600 -10.5347 -11
5529700 -10.648 -11
5529800 -10.8097 -11
5529900 -10.9478 -11
5530000 -10.6074 -11
5530100 -10.7593 -11
5530200 -10.973 -11
5530300 -10.9289 -11
5530400 -10.8835 -11
5530500 -10.6689 -11
5530600 -10.4533 -11
5530700 -10.5721 -11
5530800 -10.6274 -11
5530900 -10.5338 -11
5531000 -10.428 -11
5531100 -10.8752 -11
5531200 -10.8214 -11
5531300 -10.8824 -11
5531400 -11.1326 -11
5531500 -11.1328 -11
5531600 -11.184 -11
5531700 -11.3438 -11
5531800 -11.3732 -11
5531900 -11.3606 -11
5532000 -11.2637 -11
5532100 -11.0797 -11
5532200 -10.9662 -11
5532300 -10.9677 -11
5532400 -10.7735 -11
5532500 -10.7095 -11
5532600 -10.5087 -11
5532700 -10.6689 -11
5532800 -10.8873 -11
5532900 -10.8509 -11
5533000 -10.9439 -11
5533100 -10.8994 -11
5533200 -11.0202 -11
5533300 -10.9504 -11
5533400 -10.9415 -11
5533500 -10.9549 -11
5533600 -10.9323 -11
5533700 -11.1341 -11
5533800 -11.2618 -11
5533900 -11.2328 -11
5534000 -11.3469 -11
5534100 -11.3966 -11
5534200 -11.2304 -11
5534300 -11.3029 -11
5534400 -11.1569 -11
5534500 -11.1874 -11
5534600 -11.3107 -11
5534700 -11.4895 -11
5534800 -11.7056 -11
5534900 -11.8086 -11
5535000 -11.5625 -11
5535100 -11.3998 -11
5535200 -11.4561 -11
5535300 -11.8076 -11
5535400 -11.8197 -11
5535500 -11.4718 -11
5535600 -11.203 -11
5535700 -11.0465 -11
5535800 -11.0479 -11
5535900 -11.0237 -11
5536000 -11.3457 -11
5536100 -11.218 -11
5536200 -11.2611 -11
5536300 -11.1569 -11
5536400 -11.1239 -11
5536500 -11.1856 -11
5536600 -11.3398 -11
5536700 -11.521 -11
5536800 -11.4331 -11
5536900 -11.2207 -11
5537000 -11.1981 -11
5537100 -11.2538 -11
5537200 -11.6031 -11
5537300 -11.5964 -11
5537400 -11.5983 -11
5537500 -11.0197 -11
5537600 -10.8166 -11
5537700 -10.9505 -11
5537800 -11.1564 -11
5537900 -11.3506 -11
5538000 -11.1803 -11
5538100 -11.0736 -11
5538200 -11.3851 -11
5538300 -11.3782 -11
5538400 -11.0911 -11
5538500 -10.8864 -11
5538600 -10.9975 -11
5538700 -11.0927 -11
5538800 -11.2787 -11
5538900 -11.1356 -11
5539000 -11.1034 -11
5539100 -11.291 -11
5539200 -11.3924 -11
5539300 -11.394 -11
5539400 -11.2038 -11
5539500 -11.2091 -11
5539600 -11.5026 -11
5539700 -11.3021 -11
5539800 -11.023 -11
5539900 -10.808 -11
5540000 -10.8214 -11
5540100 -11.0798 -11
5540200 -10.8594 -11
5540300 -10.6987 -11
5540400 -10.881 -11
5540500 -10.9143 -11
5540600 -10.9149 -11
5540700 -10.7342 -11
5540800 -10.885 -11
5540900 -11.4125 -11
5541000 -11.3831 -11
5541100 -11.5069 -11
5541200 -11.1675 -11
5541300 -10.7623 -11
5541400 -10.8099 -11
5541500 -10.7557 -11
5541600 -10.6945 -11
5541700 -10.8788 -11
5541800 -10.9762 -11
5541900 -11.3011 -11
5542000 -11.2995 -11
5542100 -11.1882 -11
5542200 -11.2107 -11
5542300 -11.0162 -11
5542400 -10.9036 -11
5542500 -10.9986 -11
5542600 -10.861 -11
5542700 -10.8805 -11
5542800 -10.695 -11
5542900 -10.8617 -11
5543000 -11.1518 -11
5543100 -11.3561 -11
5543200 -11.1748 -11
5543300 -11.1942 -11
5543400 -11.1887 -11
5543500 -11.0663 -11
5543600 -11.1464 -11
5543700 -11.3064 -11
5543800 -11.2349 -11
5543900 -11.0625 -11
5544000 -11.2579 -11
5544100 -11.608 -11
5544200 -11.7643 -11
5544300 -11.7441 -11
5544400 -11.6608 -11
5544500 -11.8099 -11
5544600 -11.7505 -11
5544700 -11.8309 -11
5544800 -11.7505 -11
5544900 -11.4561 -11
5545000 -11.4169 -11
5545100 -11.3731 -11
5545200 -11.3536 -11
5545300 -11.287 -11
5545400 -11.4551 -11
5545500 -11.1322 -11
5545600 -10.6993 -11
5545700 -10.8532 -11
5545800 -11.0594 -11
5545900 -10.8057 -11
5546000 -10.6844 -11
5546100 -10.6323 -11
5546200 -10.6215 -11
5546300 -10.8343 -11
5546400 -11.1876 -11
5546500 -11.2077 -11
5546600 -10.9215 -11
5546700 -10.7288 -11
5546800 -10.9988 -11
5546900 -10.8823 -11
5547000 -10.6864 -11
5547100 -10.8749 -11
5547200 -11.1131 -11
5547300 -10.9681 -11
5547400 -10.4846 -11
5547500 -10.6035 -11
5547600 -10.8373 -11
5547700 -11.2151 -11
5547800 -11.1732 -11
5547900 -11.064 -11
5548000 -10.9131 -11
5548100 -11.0735 -11
5548200 -10.8324 -11
5548300 -10.7164 -11
5548400 -11.1458 -11
5548500 -11.5631 -11
5548600 -11.6492 -11
5548700 -11.7791 -11
5548800 -11.8011 -11
5548900 -11.5071 -11
5549000 -11.3771 -11
5549100 -11.312 -11
5549200 -10.8767 -11
5549300 -10.7979 -11
5549400 -11.14 -11
5549500 -11.0858 -11
5549600 -10.8184 -11
5549700 -10.8824 -11
5549800 -10.7655 -11
5549900 -10.7079 -11
5550000 -11.0173 -11
5550100 -11.4129 -11
5550200 -11.2632 -11
5550300 -11.3283 -11
5550400 -11.4492 -11
5550500 -11.3207 -11
5550600 -11.1159 -11
5550700 -11.0883 -11
5550800 -10.8784 -11
5550900 -10.7226 -11
5551000 -10.5471 -11
5551100 -10.5644 -11
5551200 -10.6924 -11
5551300 -10.7917 -11
5551400 -10.9036 -11
5551500 -11.0428 -11
5551600 -11.6431 -11
5551700 -11.6825 -11
5551800 -11.6239 -11
5551900 -11.3379 -11
5552000 -11.0065 -11
5552100 -11.3841 -11
5552200 -11.6323 -11
5552300 -11.4517 -11
5552400 -11.4842 -11
5552500 -11.5312 -11
5552600 -11.327 -11
5552700 -10.7131 -11
5552800 -10.4739 -11
5552900 -10.5386 -11
5553000 -11.0064 -11
5553100 -11.0171 -11
5553200 -10.9438 -11
5553300 -10.6388 -11
5553400 -10.4057 -11
5553500 -10.4807 -11
5553600 -10.6665 -11
5553700 -10.7592 -11
5553800 -10.8823 -11
5553900 -10.7366 -11
5554000 -10.6697 -11
5554100 -10.4324 -11
5554200 -10.5958 -11
5554300 -10.736 -11
5554400 -10.9288 -11
5554500 -11.006 -11
5554600 -10.9271 -11
5554700 -10.8463 -11
5554800 -10.9328 -11
5554900 -10.9805 -11
5555000 -10.9218 -11
5555100 -11.1338 -11
5555200 -10.9153 -11
5555300 -10.7726 -11
5555400 -10.9169 -11
5555500 -11.2692 -11
5555600 -11.3977 -11
5555700 -11.3378 -11
5555800 -11.0612 -11
5555900 -11.1445 -11
5556000 -11.0221 -11
5556100 -10.9889 -11
5556200 -10.6783 -11
5556300 -10.4129 -11
5556400 -10.452 -11
5556500 -10.6379 -11
5556600 -10.5182 -11
5556700 -10.217 -11
5556800 -10.2593 -11
5556900 -10.5158 -11
5557000 -11.1078 -11
5557100 -11.5319 -11
5557200 -11.8309 -11
5557300 -12.2228 -11
5557400 -12.1235 -11
5557500 -11.6028 -11
5557600 -11.2608 -11
5557700 -11.1959 -11
5557800 -11.4754 -11
5557900 -11.2705 -11
5558000 -11.094 -11
5558100 -10.9557 -11
5558200 -10.8753 -11
5558300 -10.7384 -11
5558400 -10.6491 -11
5558500 -10.5146 -11
5558600 -10.746 -11
5558700 -10.9872 -11
5558800 -11.1451 -11
5558900 -11.0406 -11
5559000 -10.7573 -11
5559100 -10.5727 -11
5559200 -10.531 -11
5559300 -10.7983 -11
5559400 -11.0096 -11
5559500 -10.9995 -11
5559600 -11.4093 -11
5559700 -11.5094 -11
5559800 -11.7355 -11
5559900 -11.3577 -11
5560000 -11.4057 -11
5560100 -11.6 -11
5560200 -11.3271 -11
5560300 -10.9545 -11
5560400 -10.5353 -11
5560500 -10.47 -11
5560600 -10.8184 -11
5560700 -10.8652 -11
5560800 -10.9261 -11
5560900 -11.0518 -11
5561000 -11.0677 -11
5561100 -11.2328 -11
5561200 -11.6711 -11
5561300 -11.4564 -11
5561400 -11.5132 -11
5561500 -11.5062 -11
5561600 -11.1985 -11
5561700 -10.9968 -11
5561800 -10.7136 -11
5561900 -10.7471 -11
5562000 -10.9737 -11
5562100 -10.9912 -11
5562200 -11.0321 -11
5562300 -10.8449 -11
5562400 -10.6063 -11
5562500 -10.7058 -11
5562600 -11.1926 -11
5562700 -11.4737 -11
5562800 -11.6771 -11
5562900 -11.74 -11
5563000 -11.5655 -11
5563100 -11.1422 -11
5563200 -10.8672 -11
5563300 -10.5584 -11
5563400 -10.4748 -11
5563500 -10.6661 -11
5563600 -10.8396 -11
5563700 -10.8159 -11
5563800 -10.7454 -11
5563900 -10.4858 -11
5564000 -10.7721 -11
5564100 -11.0593 -11
5564200 -10.9447 -11
5564300 -10.6323 -11
5564400 -10.3062 -11
5564500 -10.5752 -11
5564600 -10.7061 -11
5564700 -10.6612 -11
5564800 -10.664 -11
5564900 -10.5184 -11
5565000 -10.9077 -11
5565100 -11.0729 -11
5565200 -11.1379 -11
5565300 -11.3197 -11
5565400 -11.3882 -11
5565500 -11.242 -11
5565600 -11.3476 -11
5565700 -11.4039 -11
5565800 -11.3731 -11
5565900 -11.6097 -11
5566000 -11.4257 -11
5566100 -11.0578 -11
5566200 -11.0211 -11
5566300 -10.8699 -11
5566400 -10.7827 -11
5566500 -10.8913 -11
5566600 -10.8106 -11
5566700 -10.7731 -11
5566800 -11.0258 -11
5566900 -11.2331 -11
5567000 -11.3006 -11
5567100 -11.3588 -11
5567200 -11.0837 -11
5567300 -10.7258 -11
5567400 -10.4881 -11
5567500 -10.2339 -11
5567600 -10.3629 -11
5567700 -10.4723 -11
5567800 -10.4909 -11
5567900 -10.7094 -11
5568000 -10.7852 -11
5568100 -10.6296 -11
5568200 -10.8562 -11
5568300 -11.0874 -11
5568400 -11.0275 -11
5568500 -11.107 -11
5568600 -11.3569 -11
5568700 -11.3388 -11
5568800 -11.276 -11
5568900 -10.963 -11
5569000 -11.0951 -11
5569100 -11.2686 -11
5569200 -11.3166 -11
5569300 -10.9448 -11
5569400 -10.7934 -11
5569500 -10.3969 -11
5569600 -10.2017 -11
5569700 -9.99337 -11
5569800 -10.2547 -11
5569900 -10.0129 -11
5570000 -10.0857 -11
5570100 -10.3986 -11
5570200 -10.6026 -11
5570300 -10.8701 -11
5570400 -11.0759 -11
5570500 -11.0921 -11
5570600 -11.1345 -11
5570700 -11.1371 -11
5570800 -11.049 -11
5570900 -11.1608 -11
5571000 -11.3144 -11
5571100 -11.089 -11
5571200 -10.8905 -11
5571300 -10.9966 -11
5571400 -10.8033 -11
5571500 -10.4855 -11
5571600 -10.528 -11
5571700 -10.6379 -11
5571800 -10.5255 -11
5571900 -10.6643 -11
5572000 -11.1478 -11
5572100 -10.9554 -11
5572200 -10.5351 -11
5572300 -10.3393 -11
5572400 -10.1672 -11
5572500 -10.4 -11
5572600 -10.6915 -11
5572700 -10.4693 -11
5572800 -10.5006 -11
5572900 -10.9047 -11
5573000 -10.7898 -11
5573100 -10.8771 -11
5573200 -10.8302 -11
5573300 -10.6913 -11
5573400 -10.8524 -11
5573500 -10.9901 -11
5573600 -11.1897 -11
5573700 -11.1535 -11
5573800 -11.2792 -11
5573900 -11.5372 -11
5574000 -11.7887 -11
5574100 -11.8362 -11
5574200 -11.8514 -11
5574300 -11.5263 -11
5574400 -11.077 -11
5574500 -10.7447 -11
5574600 -11.0592 -11
5574700 -11.2917 -11
5574800 -11.1967 -11
5574900 -11.3462 -11
5575000 -11.5886 -11
5575100 -11.6114 -11
5575200 -11.4178 -11
5575300 -11.1347 -11
5575400 -11.0224 -11
5575500 -11.2374 -11
5575600 -11.4797 -11
5575700 -11.3162 -11
5575800 -10.764 -11
5575900 -10.6448 -11
5576000 -10.9914 -11
5576100 -11.1502 -11
5576200 -11.2467 -11
5576300 -11.1503 -11
5576400 -11.1399 -11
5576500 -11.2402 -11
5576600 -11.4006 -11
5576700 -11.435 -11
5576800 -11.4558 -11
5576900 -11.3069 -11
5577000 -11.0233 -11
5577100 -10.9108 -11
5577200 -10.8517 -11
5577300 -10.7741 -11
5577400 -10.9186 -11
5577500 -10.9623 -11
5577600 -10.842 -11
5577700 -10.7792 -11
5577800 -11.0171 -11
5577900 -11.0195 -11
5578000 -11.2363 -11
5578100 -11.1606 -11
5578200 -10.9034 -11
5578300 -10.8921 -11
5578400 -11.0538 -11
5578500 -10.9897 -11
5578600 -10.6405 -11
5578700 -10.4597 -11
5578800 -10.4704 -11
5578900 -10.3974 -11
5579000 -10.4854 -11
5579100 -10.3747 -11
5579200 -10.3685 -11
5579300 -10.4417 -11
5579400 -10.4395 -11
5579500 -10.5498 -11
5579600 -10.8962 -11
5579700 -11.2014 -11
5579800 -11.1391 -11
5579900 -10.9156 -11
5580000 -10.8401 -11
5580100 -10.6078 -11
5580200 -10.8205 -11
5580300 -11.1138 -11
5580400 -11.0229 -11
5580500 -10.8028 -11
5580600 -10.6328 -11
5580700 -10.3886 -11
5580800 -10.7507 -11
5580900 -11.1333 -11
5581000 -11.2185 -11
5581100 -11.0442 -11
5581200 -11.1996 -11
5581300 -11.2316 -11
5581400 -11.2384 -11
5581500 -11.6039 -11
5581600 -11.7438 -11
5581700 -11.6867 -11
5581800 -11.6255 -11
5581900 -11.4636 -11
5582000 -11.2653 -11
5582100 -11.3 -11
5582200 -11.2693 -11
5582300 -11.0712 -11
5582400 -11.1106 -11
5582500 -11.0414 -11
5582600 -10.8197 -11
5582700 -10.3504 -11
5582800 -9.99972 -11
5582900 -10.0881 -11
5583000 -10.2741 -11
5583100 -10.5792 -11
5583200 -10.9046 -11
5583300 -11.1062 -11
5583400 -10.9599 -11
5583500 -10.7558 -11
5583600 -10.7883 -11
5583700 -10.9083 -11
5583800 -11.0025 -11
5583900 -11.5231 -11
5584000 -11.4588 -11
5584100 -11.3925 -11
5584200 -11.3992 -11
5584300 -11.433 -11
5584400 -11.365 -11
5584500 -11.3062 -11
5584600 -11.1099 -11
5584700 -10.9492 -11
5584800 -11.0238 -11
5584900 -11.0048 -11
5585000 -10.8918 -11
5585100 -10.7357 -11
5585200 -11.0276 -11
5585300 -10.8604 -11
5585400 -10.3714 -11
5585500 -10.439 -11
5585600 -10.8642 -11
5585700 -10.9624 -11
5585800 -10.9826 -11
5585900 -11.3441 -11
5586000 -11.3228 -11
5586100 -10.9919 -11
5586200 -10.9128 -11
5586300 -10.7176 -11
5586400 -10.5629 -11
5586500 -10.7571 -11
5586600 -10.9782 -11
5586700 -11.0856 -11
5586800 -10.8252 -11
5586900 -10.7784 -11
5587000 -10.9691 -11
5587100 -11.1659 -11
5587200 -11.1278 -11
5587300 -10.9261 -11
5587400 -10.9137 -11
5587500 -11.016 -11
5587600 -11.1496 -11
5587700 -10.9528 -11
5587800 -10.9315 -11
5587900 -10.8391 -11
5588000 -10.4954 -11
5588100 -10.4182 -11
5588200 -11.0712 -11
5588300 -11.8516 -11
5588400 -12.1818 -11
5588500 -12.0875 -11
5588600 -11.9201 -11
5588700 -11.6585 -11
5588800 -11.7013 -11
5588900 -11.9301 -11
5589000 -11.9116 -11
5589100 -11.4444 -11
5589200 -11.1571 -11
5589300 -10.8576 -11
5589400 -10.5477 -11
5589500 -10.2392 -11
5589600 -10.3609 -11
5589700 -10.7484 -11
5589800 -11.0378 -11
5589900 -10.882 -11
5590000 -10.7503 -11
5590100 -10.6577 -11
5590200 -10.6348 -11
5590300 -11.1994 -11
5590400 -11.2919 -11
5590500 -11.136 -11
5590600 -11.2219 -11
5590700 -11.6498 -11
5590800 -11.4498 -11
5590900 -11.1097 -11
5591000 -10.9497 -11
5591100 -10.7813 -11
5591200 -10.8725 -11
5591300 -10.8015 -11
5591400 -10.7049 -11
5591500 -10.8042 -11
5591600 -10.7795 -11
5591700 -10.7219 -11
5591800 -10.8343 -11
5591900 -10.8407 -11
5592000 -10.9963 -11
5592100 -11.133 -11
5592200 -11.129 -11
5592300 -11.0682 -11
5592400 -10.9594 -11
5592500 -11.2436 -11
5592600 -11.7306 -11
5592700 -12.0581 -11
5592800 -11.8553 -11
5592900 -11.4384 -11
5593000 -11.2932 -11
5593100 -10.9633 -11
5593200 -11.1772 -11
5593300 -11.2304 -11
5593400 -11.0174 -11
5593500 -10.9402 -11
5593600 -10.6016 -11
5593700 -10.5364 -11
5593800 -10.5326 -11
5593900 -10.8953 -11
5594000 -11.1703 -11
5594100 -11.0602 -11
5594200 -10.9279 -11
5594300 -11.0045 -11
5594400 -11.1359 -11
5594500 -11.3567 -11
5594600 -11.4013 -11
5594700 -11.1906 -11
5594800 -10.9465 -11
5594900 -10.8086 -11
5595000 -11.1191 -11
5595100 -11.1344 -11
5595200 -10.986 -11
5595300 -10.953 -11
5595400 -10.912 -11
5595500 -10.9022 -11
5595600 -10.6508 -11
5595700 -10.6002 -11
5595800 -10.7358 -11
5595900 -11.1586 -11
5596000 -11.2341 -11
5596100 -11.2762 -11
5596200 -11.292 -11
5596300 -10.8702 -11
5596400 -10.9593 -11
5596500 -11.4909 -11
5596600 -11.6243 -11
5596700 -11.4436 -11
5596800 -11.4343 -11
5596900 -11.4543 -11
5597000 -11.6021 -11
5597100 -11.792 -11
5597200 -11.4167 -11
5597300 -11.038 -11
5597400 -10.808 -11
5597500 -10.9323 -11
5597600 -11.2734 -11
5597700 -11.4235 -11
5597800 -11.2214 -11
5597900 -10.8333 -11
5598000 -10.893 -11
5598100 -10.9168 -11
5598200 -10.8892 -11
5598300 -10.8824 -11
5598400 -10.8193 -11
5598500 -10.9766 -11
5598600 -10.9893 -11
5598700 -10.7588 -11
5598800 -10.5098 -11
5598900 -10.3457 -11
5599000 -10.7099 -11
5599100 -10.978 -11
5599200 -10.6914 -11
5599300 -10.4761 -11
5599400 -10.9615 -11
5599500 -11.0271 -11
5599600 -11.1497 -11
5599700 -10.9655 -11
5599800 -10.7387 -11
5599900 -10.8435 -11
5600000 -10.9903 -11
