# Time-averaged data for fix myat1
# TimeStep v_xave v_xdes
14200100 11.2333 11
14200200 11.3542 11
14200300 11.076 11
14200400 11.0588 11
14200500 11.1178 11
14200600 11.0096 11
14200700 10.6966 11
14200800 10.5768 11
14200900 10.6534 11
14201000 10.6078 11
14201100 10.7875 11
14201200 11.0028 11
14201300 11.0087 11
14201400 11.0931 11
14201500 11.4116 11
14201600 11.4285 11
14201700 11.5108 11
14201800 11.6206 11
14201900 11.843 11
14202000 11.8653 11
14202100 11.6424 11
14202200 11.5686 11
14202300 11.7165 11
14202400 11.7421 11
14202500 11.4897 11
14202600 11.3499 11
14202700 11.3017 11
14202800 11.2744 11
14202900 10.9411 11
14203000 10.7703 11
14203100 10.9317 11
14203200 11.5666 11
14203300 11.7263 11
14203400 11.4142 11
14203500 10.9163 11
14203600 10.515 11
14203700 10.617 11
14203800 10.7914 11
14203900 10.7674 11
14204000 10.85 11
14204100 10.8982 11
14204200 10.8161 11
14204300 10.717 11
14204400 10.5634 11
14204500 10.56 11
14204600 10.7468 11
14204700 11.0593 11
14204800 11.0515 11
14204900 11.0332 11
14205000 11.156 11
14205100 11.3146 11
14205200 11.2646 11
14205300 11.2258 11
14205400 11.4681 11
14205500 11.391 11
14205600 11.3053 11
14205700 10.9188 11
14205800 11.0365 11
14205900 11.2063 11
14206000 11.031 11
14206100 11.1435 11
14206200 10.7351 11
14206300 10.306 11
14206400 10.4539 11
14206500 10.89 11
14206600 11.263 11
14206700 11.2971 11
14206800 11.3284 11
14206900 11.3161 11
14207000 11.2099 11
14207100 11.066 11
14207200 11.286 11
14207300 11.5399 11
14207400 11.5322 11
14207500 11.6238 11
14207600 11.4839 11
14207700 11.4065 11
14207800 11.61 11
14207900 11.7361 11
14208000 11.5191 11
14208100 11.4525 11
14208200 11.7403 11
14208300 11.5044 11
14208400 11.4268 11
14208500 10.9937 11
14208600 10.9093 11
14208700 10.7924 11
14208800 10.2785 11
14208900 10.1402 11
14209000 10.3578 11
14209100 11.0102 11
14209200 11.3792 11
14209300 10.7488 11
14209400 10.3834 11
14209500 10.4672 11
14209600 11.0742 11
14209700 11.1552 11
14209800 11.2303 11
14209900 11.1108 11
14210000 10.7861 11
14210100 11.081 11
14210200 11.4257 11
14210300 11.3998 11
14210400 11.0278 11
14210500 10.8488 11
14210600 10.7903 11
14210700 10.7244 11
14210800 10.674 11
14210900 11.0624 11
14211000 11.4325 11
14211100 11.5722 11
14211200 11.272 11
14211300 10.9223 11
14211400 11.0601 11
14211500 11.1976 11
14211600 10.9682 11
14211700 10.6124 11
14211800 10.4145 11
14211900 10.4327 11
14212000 10.6971 11
14212100 10.8037 11
14212200 10.5964 11
14212300 10.3086 11
14212400 10.6201 11
14212500 11.102 11
14212600 11.2264 11
14212700 11.3927 11
14212800 11.2574 11
14212900 11.3332 11
14213000 11.3517 11
14213100 11.5465 11
14213200 11.5328 11
14213300 11.4229 11
14213400 11.1822 11
14213500 11.0761 11
14213600 10.9622 11
14213700 10.8256 11
14213800 10.9043 11
14213900 11.0634 11
14214000 11.0789 11
14214100 11.1406 11
14214200 10.8099 11
14214300 10.6129 11
14214400 10.5558 11
14214500 10.564 11
14214600 10.638 11
14214700 10.7579 11
14214800 11.094 11
14214900 11.2569 11
14215000 11.435 11
14215100 11.3256 11
14215200 11.2532 11
14215300 10.988 11
14215400 11.0055 11
14215500 10.9849 11
14215600 11.0549 11
14215700 11.2274 11
14215800 11.3876 11
14215900 11.3666 11
14216000 11.227 11
14216100 11.0491 11
14216200 10.9003 11
14216300 10.4885 11
14216400 10.3401 11
14216500 10.3265 11
14216600 10.5712 11
14216700 10.7301 11
14216800 11.2146 11
14216900 11.2792 11
14217000 11.3286 11
14217100 11.3459 11
14217200 11.3953 11
14217300 10.8196 11
14217400 10.8878 11
14217500 11.0157 11
14217600 11.1092 11
14217700 10.9862 11
14217800 11.0937 11
14217900 11.173 11
14218000 10.9734 11
14218100 10.654 11
14218200 10.4763 11
14218300 10.4898 11
14218400 10.3149 11
14218500 10.2069 11
14218600 10.4875 11
14218700 10.8801 11
14218800 11.4816 11
14218900 11.3012 11
14219000 11.1466 11
14219100 11.0151 11
14219200 11.0459 11
14219300 11.0333 11
14219400 10.9292 11
14219500 10.4933 11
14219600 10.5177 11
14219700 10.6656 11
14219800 10.9166 11
14219900 11.3558 11
14220000 11.3871 11
14220100 11.1711 11
14220200 10.9278 11
14220300 10.546 11
14220400 10.337 11
14220500 10.6203 11
14220600 10.7802 11
14220700 10.839 11
14220800 10.8062 11
14220900 10.8929 11
14221000 10.7903 11
14221100 11.0461 11
14221200 11.336 11
14221300 11.4312 11
14221400 11.0586 11
14221500 10.7646 11
14221600 10.7118 11
14221700 10.6229 11
14221800 10.8076 11
14221900 11.0126 11
14222000 11.0025 11
14222100 10.7344 11
14222200 10.8158 11
14222300 10.7647 11
14222400 10.7923 11
14222500 10.8722 11
14222600 10.9867 11
14222700 11.0923 11
14222800 11.1935 11
14222900 11.3678 11
14223000 11.3748 11
14223100 11.7702 11
14223200 11.811 11
14223300 11.7525 11
14223400 11.9598 11
14223500 11.3999 11
14223600 11.0262 11
14223700 11.1339 11
14223800 11.3502 11
14223900 11.3417 11
14224000 11.6939 11
14224100 11.7114 11
14224200 11.3555 11
14224300 11.4291 11
14224400 11.3208 11
14224500 10.8269 11
14224600 10.8731 11
14224700 11.1634 11
14224800 11.2471 11
14224900 11.2474 11
14225000 10.999 11
14225100 10.4429 11
14225200 10.4214 11
14225300 10.5198 11
14225400 11.1665 11
14225500 11.544 11
14225600 11.6626 11
14225700 11.5322 11
14225800 11.4561 11
14225900 11.3517 11
14226000 11.2475 11
14226100 11.1709 11
14226200 11.1555 11
14226300 11.0823 11
14226400 10.901 11
14226500 10.922 11
14226600 11.1037 11
14226700 11.2376 11
14226800 11.2975 11
14226900 11.1499 11
14227000 11.3418 11
14227100 11.1121 11
14227200 10.9163 11
14227300 10.811 11
14227400 10.6894 11
14227500 10.765 11
14227600 10.435 11
14227700 10.413 11
14227800 10.3665 11
14227900 10.565 11
14228000 10.5088 11
14228100 10.5231 11
14228200 10.5779 11
14228300 10.4957 11
14228400 10.5499 11
14228500 10.2786 11
14228600 10.7004 11
14228700 11.3868 11
14228800 11.8291 11
14228900 11.6194 11
14229000 11.1356 11
14229100 10.5097 11
14229200 10.6668 11
14229300 11.0123 11
14229400 10.937 11
14229500 10.9012 11
14229600 10.8979 11
14229700 10.4858 11
14229800 10.261 11
14229900 10.2019 11
14230000 10.3176 11
14230100 10.2804 11
14230200 9.98999 11
14230300 10.2688 11
14230400 10.8865 11
14230500 11.1871 11
14230600 11.3113 11
14230700 11.6529 11
14230800 11.7831 11
14230900 11.8214 11
14231000 11.6011 11
14231100 11.6859 11
14231200 11.8606 11
14231300 11.6642 11
14231400 11.378 11
14231500 11.4397 11
14231600 11.7373 11
14231700 11.9585 11
14231800 11.7869 11
14231900 11.7457 11
14232000 11.4718 11
14232100 11.3428 11
14232200 11.1669 11
14232300 11.264 11
14232400 11.6878 11
14232500 11.5606 11
14232600 11.2952 11
14232700 10.8844 11
14232800 10.5401 11
14232900 10.6578 11
14233000 10.9816 11
14233100 11.0099 11
14233200 10.9856 11
14233300 11.309 11
14233400 11.291 11
14233500 11.1066 11
14233600 11.0039 11
14233700 11.1928 11
14233800 11.4417 11
14233900 11.4438 11
14234000 11.3289 11
14234100 11.2541 11
14234200 11.0995 11
14234300 11.1903 11
14234400 11.0202 11
14234500 11.0313 11
14234600 11.2983 11
14234700 11.3375 11
14234800 11.2313 11
14234900 11.2985 11
14235000 11.3725 11
14235100 11.0186 11
14235200 10.8674 11
14235300 10.9021 11
14235400 10.8426 11
14235500 10.6645 11
14235600 10.3573 11
14235700 10.3468 11
14235800 10.681 11
14235900 10.951 11
14236000 11.1987 11
14236100 11.1696 11
14236200 11.3958 11
14236300 11.6155 11
14236400 11.698 11
14236500 11.7419 11
14236600 11.7464 11
14236700 11.8617 11
14236800 11.9931 11
14236900 11.8323 11
14237000 11.5253 11
14237100 11.1716 11
14237200 11.1009 11
14237300 10.9245 11
14237400 10.5006 11
14237500 10.3385 11
14237600 10.6444 11
14237700 10.9517 11
14237800 11.3 11
14237900 11.1567 11
14238000 10.7132 11
14238100 10.7167 11
14238200 10.4997 11
14238300 10.4392 11
14238400 10.4776 11
14238500 10.4114 11
14238600 10.66 11
14238700 10.6496 11
14238800 10.6001 11
14238900 10.8758 11
14239000 11.2078 11
14239100 10.9907 11
14239200 10.9796 11
14239300 10.9468 11
14239400 10.5026 11
14239500 10.2844 11
14239600 10.3223 11
14239700 10.4912 11
14239800 10.6835 11
14239900 10.9048 11
14240000 10.9236 11
14240100 10.7414 11
14240200 10.531 11
14240300 10.6384 11
14240400 10.4004 11
14240500 10.5926 11
14240600 10.7841 11
14240700 10.9191 11
14240800 11.312 11
14240900 11.5141 11
14241000 11.5492 11
14241100 11.2129 11
14241200 11.0244 11
14241300 10.9706 11
14241400 11.169 11
14241500 11.0507 11
14241600 10.9507 11
14241700 10.9177 11
14241800 10.9291 11
14241900 11.0658 11
14242000 11.2649 11
14242100 11.3297 11
14242200 11.3199 11
14242300 11.4222 11
14242400 11.6108 11
14242500 11.3805 11
14242600 11.0716 11
14242700 10.8333 11
14242800 10.7111 11
14242900 10.8594 11
14243000 11.06 11
14243100 11.1112 11
14243200 11.0805 11
14243300 10.6966 11
14243400 10.7623 11
14243500 10.9633 11
14243600 10.9226 11
14243700 10.8951 11
14243800 10.6632 11
14243900 10.5417 11
14244000 10.4262 11
14244100 10.8688 11
14244200 10.7939 11
14244300 10.6599 11
14244400 10.4562 11
14244500 10.2205 11
14244600 10.1295 11
14244700 10.5071 11
14244800 10.5504 11
14244900 10.4099 11
14245000 10.2945 11
14245100 10.356 11
14245200 10.5616 11
14245300 10.7786 11
14245400 11.233 11
14245500 11.4021 11
14245600 11.2055 11
14245700 10.9961 11
14245800 10.8103 11
14245900 10.8852 11
14246000 11.0705 11
14246100 11.2682 11
14246200 11.3509 11
14246300 11.3277 11
14246400 11.3018 11
14246500 11.3587 11
14246600 11.2983 11
14246700 11.2013 11
14246800 11.0182 11
14246900 10.7831 11
14247000 10.7587 11
14247100 10.9098 11
14247200 11.0187 11
14247300 10.9527 11
14247400 10.5347 11
14247500 10.6037 11
14247600 10.7272 11
14247700 10.9168 11
14247800 11.255 11
14247900 11.3509 11
14248000 11.223 11
14248100 11.1334 11
14248200 11.0852 11
14248300 11.1922 11
14248400 11.2471 11
14248500 11.3949 11
14248600 11.5246 11
14248700 11.5661 11
14248800 11.5448 11
14248900 11.3234 11
14249000 11.1113 11
14249100 11.0813 11
14249200 10.9272 11
14249300 10.67 11
14249400 10.832 11
14249500 11.2453 11
14249600 11.1802 11
14249700 11.0185 11
14249800 10.9056 11
14249900 11.1526 11
14250000 11.0527 11
14250100 10.9715 11
14250200 10.701 11
14250300 10.8451 11
14250400 10.7892 11
14250500 10.9389 11
14250600 10.7222 11
14250700 10.4881 11
14250800 10.5147 11
14250900 10.7091 11
14251000 10.8982 11
14251100 10.778 11
14251200 11.0252 11
14251300 11.2865 11
14251400 11.4843 11
14251500 11.4132 11
14251600 11.269 11
14251700 11.0062 11
14251800 11.2131 11
14251900 11.2584 11
14252000 11.1618 11
14252100 11.0795 11
14252200 11.0572 11
14252300 11.0488 11
14252400 10.9731 11
14252500 10.8647 11
14252600 10.7777 11
14252700 11.0929 11
14252800 11.4283 11
14252900 11.3428 11
14253000 11.0692 11
14253100 11.099 11
14253200 11.0193 11
14253300 10.9088 11
14253400 10.9496 11
14253500 11.1546 11
14253600 11.037 11
14253700 10.7705 11
14253800 10.7356 11
14253900 10.8278 11
14254000 10.6738 11
14254100 10.761 11
14254200 10.9946 11
14254300 11.1905 11
14254400 11.4061 11
14254500 11.624 11
14254600 11.5131 11
14254700 11.2308 11
14254800 11.1446 11
14254900 11.0361 11
14255000 10.9861 11
14255100 11.0895 11
14255200 11.261 11
14255300 11.6782 11
14255400 11.6475 11
14255500 11.2344 11
14255600 11.1262 11
14255700 11.1548 11
14255800 11.2164 11
14255900 11.405 11
14256000 11.2521 11
14256100 10.9432 11
14256200 10.6355 11
14256300 10.4918 11
14256400 10.5844 11
14256500 10.516 11
14256600 10.299 11
14256700 10.6089 11
14256800 10.9069 11
14256900 11.0268 11
14257000 11.3935 11
14257100 11.7865 11
14257200 11.5677 11
14257300 11.1224 11
14257400 11.1166 11
14257500 11.1882 11
14257600 11.3792 11
14257700 11.5246 11
14257800 11.2382 11
14257900 11.1695 11
14258000 11.3618 11
14258100 11.325 11
14258200 11.0778 11
14258300 11.2063 11
14258400 11.332 11
14258500 11.4445 11
14258600 11.5042 11
14258700 11.4503 11
14258800 11.2783 11
14258900 11.0644 11
14259000 10.9247 11
14259100 10.9894 11
14259200 11.3814 11
14259300 11.2016 11
14259400 11.0208 11
14259500 10.9409 11
14259600 11.0856 11
14259700 11.0243 11
14259800 10.9652 11
14259900 11.0277 11
14260000 10.9763 11
14260100 10.8889 11
14260200 10.7018 11
14260300 10.3566 11
14260400 10.4601 11
14260500 10.8446 11
14260600 11.016 11
14260700 11.2428 11
14260800 11.2287 11
14260900 10.8596 11
14261000 10.9241 11
14261100 11.044 11
14261200 11.0273 11
14261300 10.9603 11
14261400 11.1806 11
14261500 11.1858 11
14261600 11.0444 11
14261700 10.9996 11
14261800 11.0555 11
14261900 10.8539 11
14262000 10.6023 11
14262100 10.6682 11
14262200 10.7892 11
14262300 10.8238 11
14262400 10.9831 11
14262500 11.0303 11
14262600 11.0705 11
14262700 10.7947 11
14262800 10.872 11
14262900 11.2423 11
14263000 11.2592 11
14263100 11.2501 11
14263200 11.4442 11
14263300 11.6183 11
14263400 11.5643 11
14263500 11.306 11
14263600 11.033 11
14263700 11.2723 11
14263800 11.3167 11
14263900 11.2145 11
14264000 11.1421 11
14264100 10.9032 11
14264200 10.9204 11
14264300 10.9219 11
14264400 10.9538 11
14264500 11.2119 11
14264600 11.1266 11
14264700 10.8106 11
14264800 10.6388 11
14264900 10.7321 11
14265000 10.6498 11
14265100 10.7892 11
14265200 10.6845 11
14265300 10.6239 11
14265400 10.315 11
14265500 10.1819 11
14265600 10.2837 11
14265700 10.4736 11
14265800 10.2598 11
14265900 10.2183 11
14266000 10.126 11
14266100 10.0189 11
14266200 10.3166 11
14266300 10.3201 11
14266400 10.3227 11
14266500 10.5363 11
14266600 10.8967 11
14266700 11.0756 11
14266800 11.1512 11
14266900 11.2543 11
14267000 11.052 11
14267100 11.0101 11
14267200 11.0129 11
14267300 10.9677 11
14267400 10.8386 11
14267500 11.0786 11
14267600 11.1546 11
14267700 10.9536 11
14267800 10.9353 11
14267900 10.8482 11
14268000 11.049 11
14268100 11.1493 11
14268200 11.0438 11
14268300 10.8831 11
14268400 10.9064 11
14268500 10.8635 11
14268600 11.1507 11
14268700 11.2698 11
14268800 11.1592 11
14268900 10.9474 11
14269000 10.7822 11
14269100 10.7324 11
14269200 10.6484 11
14269300 10.6397 11
14269400 10.6502 11
14269500 10.5387 11
14269600 10.7912 11
14269700 10.9586 11
14269800 10.8894 11
14269900 10.9463 11
14270000 11.241 11
14270100 11.4711 11
14270200 11.5645 11
14270300 11.6566 11
14270400 11.5423 11
14270500 11.3 11
14270600 11.2471 11
14270700 10.8682 11
14270800 10.69 11
14270900 10.4487 11
14271000 10.0937 11
14271100 10.3036 11
14271200 10.688 11
14271300 10.9154 11
14271400 10.9395 11
14271500 11.0212 11
14271600 11.0802 11
14271700 11.2914 11
14271800 11.2878 11
14271900 11.1949 11
14272000 11.1318 11
14272100 11.0683 11
14272200 10.5451 11
14272300 10.7692 11
14272400 10.9539 11
14272500 11.0774 11
14272600 11.118 11
14272700 11.0527 11
14272800 10.7662 11
14272900 10.7788 11
14273000 10.8101 11
14273100 11.1402 11
14273200 11.4664 11
14273300 11.5501 11
14273400 11.3337 11
14273500 11.2631 11
14273600 11.153 11
14273700 10.9762 11
14273800 10.9323 11
14273900 10.7712 11
14274000 10.8097 11
14274100 10.6809 11
14274200 10.7283 11
14274300 10.7 11
14274400 10.7066 11
14274500 10.5683 11
14274600 10.5409 11
14274700 10.5331 11
14274800 10.5927 11
14274900 10.4582 11
14275000 10.2162 11
14275100 10.2892 11
14275200 10.7236 11
14275300 10.9577 11
14275400 10.9476 11
14275500 10.7973 11
14275600 10.9896 11
14275700 10.9485 11
14275800 10.6877 11
14275900 10.9708 11
14276000 11.1891 11
14276100 11.172 11
14276200 11.0998 11
14276300 11.4222 11
14276400 11.8143 11
14276500 11.6142 11
14276600 11.2135 11
14276700 10.9936 11
14276800 10.6328 11
14276900 10.5063 11
14277000 10.5876 11
14277100 10.8827 11
14277200 11.2373 11
14277300 11.5275 11
14277400 11.1678 11
14277500 10.9276 11
14277600 10.9729 11
14277700 10.9685 11
14277800 11.0865 11
14277900 11.0466 11
14278000 10.9823 11
14278100 10.9074 11
14278200 10.9285 11
14278300 11.1249 11
14278400 11.1265 11
14278500 10.7762 11
14278600 10.72 11
14278700 10.8705 11
14278800 10.6122 11
14278900 10.7627 11
14279000 10.9407 11
14279100 10.8802 11
14279200 10.7925 11
14279300 10.6258 11
14279400 10.6844 11
14279500 10.7972 11
14279600 11.251 11
14279700 11.3897 11
14279800 11.3859 11
14279900 11.3247 11
14280000 11.2129 11
14280100 11.1328 11
14280200 10.9879 11
14280300 10.8687 11
14280400 10.779 11
14280500 10.7837 11
14280600 10.8652 11
14280700 10.8261 11
14280800 11.1526 11
14280900 11.4773 11
14281000 11.6905 11
14281100 11.7355 11
14281200 12.0002 11
14281300 11.9682 11
14281400 11.9506 11
14281500 11.72 11
14281600 11.6653 11
14281700 11.9937 11
14281800 11.974 11
14281900 11.7245 11
14282000 11.6246 11
14282100 11.5649 11
14282200 11.5346 11
14282300 11.1256 11
14282400 11.121 11
14282500 11.2922 11
14282600 11.2606 11
14282700 11.149 11
14282800 11.0184 11
14282900 10.9851 11
14283000 10.9621 11
14283100 10.9274 11
14283200 11.2408 11
14283300 11.4162 11
14283400 11.0894 11
14283500 10.7119 11
14283600 10.4431 11
14283700 10.4899 11
14283800 10.6727 11
14283900 10.7634 11
14284000 10.7452 11
14284100 10.8956 11
14284200 11.2233 11
14284300 11.3349 11
14284400 11.342 11
14284500 11.3022 11
14284600 11.1716 11
14284700 11.1565 11
14284800 11.2287 11
14284900 11.1346 11
14285000 10.9258 11
14285100 10.938 11
14285200 11.0528 11
14285300 10.8703 11
14285400 10.9912 11
14285500 11.3916 11
14285600 11.7115 11
14285700 11.4219 11
14285800 11.1281 11
14285900 11.0269 11
14286000 10.9743 11
14286100 10.7306 11
14286200 10.7755 11
14286300 10.8233 11
14286400 10.8911 11
14286500 11.1037 11
14286600 11.3405 11
14286700 11.3303 11
14286800 11.1889 11
14286900 11.2101 11
14287000 11.1976 11
14287100 11.0872 11
14287200 10.9974 11
14287300 10.9382 11
14287400 11.2746 11
14287500 11.6671 11
14287600 11.3847 11
14287700 11.0664 11
14287800 10.9675 11
14287900 10.8701 11
14288000 11.0914 11
14288100 10.9299 11
14288200 10.6481 11
14288300 10.4622 11
14288400 10.1542 11
14288500 10.1519 11
14288600 10.463 11
14288700 10.4801 11
14288800 10.7977 11
14288900 11.1151 11
14289000 11.5323 11
14289100 11.556 11
14289200 11.3478 11
14289300 11.2074 11
14289400 11.3311 11
14289500 11.4197 11
14289600 11.4342 11
14289700 11.213 11
14289800 10.761 11
14289900 10.7463 11
14290000 10.4948 11
14290100 10.2687 11
14290200 10.3763 11
14290300 10.0679 11
14290400 10.1238 11
14290500 10.5791 11
14290600 10.9758 11
14290700 10.9965 11
14290800 11.0882 11
14290900 11.1986 11
14291000 11.1027 11
14291100 10.5603 11
14291200 10.4375 11
14291300 10.5593 11
14291400 10.6065 11
14291500 10.8812 11
14291600 11.032 11
14291700 11.2047 11
14291800 11.1657 11
14291900 11.2835 11
14292000 11.0885 11
14292100 11.0898 11
14292200 10.9721 11
14292300 11.1259 11
14292400 11.3811 11
14292500 11.305 11
14292600 11.4959 11
14292700 11.5763 11
14292800 11.4485 11
14292900 11.4906 11
14293000 11.5079 11
14293100 11.5737 11
14293200 11.6301 11
14293300 11.3823 11
14293400 11.405 11
14293500 11.5482 11
14293600 11.4586 11
14293700 11.3163 11
14293800 11.5073 11
14293900 11.5352 11
14294000 11.5701 11
14294100 11.4294 11
14294200 11.1326 11
14294300 10.7908 11
14294400 10.5902 11
14294500 11.0229 11
14294600 11.619 11
14294700 11.5787 11
14294800 11.4658 11
14294900 11.4868 11
14295000 11.4181 11
14295100 11.6648 11
14295200 11.9035 11
14295300 12.0102 11
14295400 11.6993 11
14295500 11.2112 11
14295600 10.9557 11
14295700 11.1756 11
14295800 11.2983 11
14295900 11.3059 11
14296000 10.8905 11
14296100 10.5561 11
14296200 10.2404 11
14296300 9.98687 11
14296400 10.1202 11
14296500 10.3624 11
14296600 10.3919 11
14296700 10.7495 11
14296800 11.2205 11
14296900 11.3301 11
14297000 11.2897 11
14297100 11.3571 11
14297200 11.4054 11
14297300 11.29 11
14297400 11.2495 11
14297500 11.2232 11
14297600 11.265 11
14297700 11.2717 11
14297800 11.5306 11
14297900 11.6715 11
14298000 11.6854 11
14298100 12.1275 11
14298200 12.0871 11
14298300 11.9196 11
14298400 11.9406 11
14298500 12.0685 11
14298600 11.7879 11
14298700 11.3197 11
14298800 11.1864 11
14298900 11.0361 11
14299000 10.8186 11
14299100 10.8047 11
14299200 11.0706 11
14299300 11.0075 11
14299400 10.9247 11
14299500 10.744 11
14299600 10.6986 11
14299700 10.9259 11
14299800 10.6776 11
14299900 10.6289 11
14300000 10.7048 11
14300100 10.8586 11
14300200 11.2239 11
14300300 11.7728 11
14300400 11.6727 11
14300500 11.5132 11
14300600 11.318 11
14300700 11.3726 11
14300800 11.5702 11
14300900 11.1646 11
14301000 10.9853 11
14301100 10.8171 11
14301200 10.8567 11
14301300 10.6329 11
14301400 10.5627 11
14301500 10.9489 11
14301600 11.1168 11
14301700 11.1568 11
14301800 11.3758 11
14301900 11.2371 11
14302000 10.9476 11
14302100 10.6335 11
14302200 10.6837 11
14302300 11.2388 11
14302400 11.6141 11
14302500 11.3401 11
14302600 11.1354 11
14302700 11.1383 11
14302800 11.5635 11
14302900 11.8389 11
14303000 11.7037 11
14303100 11.4117 11
14303200 11.4475 11
14303300 11.4042 11
14303400 11.4438 11
14303500 11.4944 11
14303600 11.6983 11
14303700 11.4988 11
14303800 11.2171 11
14303900 10.88 11
14304000 10.6436 11
14304100 10.4343 11
14304200 9.75873 11
14304300 9.48501 11
14304400 9.88062 11
14304500 10.1391 11
14304600 10.3756 11
14304700 10.5371 11
14304800 10.6093 11
14304900 10.3964 11
14305000 10.6572 11
14305100 10.7716 11
14305200 10.7339 11
14305300 10.818 11
14305400 10.9398 11
14305500 11.0032 11
14305600 11.3382 11
14305700 11.4111 11
14305800 11.3264 11
14305900 10.9816 11
14306000 10.8359 11
14306100 11.1206 11
14306200 11.1537 11
14306300 11.0578 11
14306400 10.9486 11
14306500 10.9107 11
14306600 11.0937 11
14306700 11.4119 11
14306800 11.2309 11
14306900 11.2306 11
14307000 10.8642 11
14307100 10.6551 11
14307200 10.5212 11
14307300 10.68 11
14307400 10.7123 11
14307500 10.9003 11
14307600 11.1776 11
14307700 11.0408 11
14307800 10.8811 11
14307900 10.6763 11
14308000 10.8513 11
14308100 10.9752 11
14308200 10.8196 11
14308300 10.7575 11
14308400 10.8331 11
14308500 10.9368 11
14308600 10.7916 11
14308700 10.5974 11
14308800 10.7382 11
14308900 10.8405 11
14309000 10.9706 11
14309100 10.8936 11
14309200 10.6672 11
14309300 10.6515 11
14309400 10.9338 11
14309500 11.1818 11
14309600 11.0505 11
14309700 11.0409 11
14309800 11.1116 11
14309900 11.1973 11
14310000 10.8656 11
14310100 10.7519 11
14310200 10.6837 11
14310300 10.7732 11
14310400 11.1148 11
14310500 11.2823 11
14310600 11.2992 11
14310700 11.5408 11
14310800 11.7802 11
14310900 11.901 11
14311000 12.0491 11
14311100 11.9796 11
14311200 11.866 11
14311300 11.667 11
14311400 11.4318 11
14311500 11.2482 11
14311600 11.0698 11
14311700 11.2446 11
14311800 11.2869 11
14311900 11.0483 11
14312000 10.9336 11
14312100 11.0074 11
14312200 10.6505 11
14312300 10.4769 11
14312400 10.6328 11
14312500 10.3543 11
14312600 10.2893 11
14312700 10.5657 11
14312800 10.8231 11
14312900 10.6426 11
14313000 10.6516 11
14313100 11.0488 11
14313200 11.5087 11
14313300 11.7433 11
14313400 11.6175 11
14313500 11.3862 11
14313600 11.3767 11
14313700 11.559 11
14313800 12.0399 11
14313900 12.0627 11
14314000 11.9373 11
14314100 11.8675 11
14314200 11.7161 11
14314300 11.5943 11
14314400 11.5698 11
14314500 11.5369 11
14314600 11.662 11
14314700 11.4252 11
14314800 11.2701 11
14314900 11.4255 11
14315000 11.5588 11
14315100 11.3826 11
14315200 11.2694 11
14315300 10.9987 11
14315400 10.9812 11
14315500 10.6719 11
14315600 10.5377 11
14315700 10.8039 11
14315800 11.1307 11
14315900 11.0763 11
14316000 10.8381 11
14316100 10.4739 11
14316200 10.4027 11
14316300 10.8277 11
14316400 10.9983 11
14316500 11.0161 11
14316600 10.834 11
14316700 10.8679 11
14316800 10.7496 11
14316900 10.6107 11
14317000 10.9231 11
14317100 11.1203 11
14317200 11.0504 11
14317300 11.0611 11
14317400 11.2923 11
14317500 11.4702 11
14317600 11.3787 11
14317700 11.0441 11
14317800 11.2567 11
14317900 11.705 11
14318000 11.5886 11
14318100 11.189 11
14318200 10.9718 11
14318300 11.154 11
14318400 11.2291 11
14318500 11.0926 11
14318600 11.2496 11
14318700 11.5613 11
14318800 11.3983 11
14318900 11.2993 11
14319000 11.3242 11
14319100 11.4607 11
14319200 11.7701 11
14319300 11.8642 11
14319400 11.5473 11
14319500 11.0582 11
14319600 11.0754 11
14319700 11.2004 11
14319800 10.8385 11
14319900 10.8335 11
14320000 10.9002 11
14320100 10.8623 11
14320200 10.8327 11
14320300 10.9265 11
14320400 11.2376 11
14320500 11.3733 11
14320600 11.3532 11
14320700 11.1314 11
14320800 10.9641 11
14320900 10.691 11
14321000 10.4161 11
14321100 10.5714 11
14321200 10.7603 11
14321300 11.0473 11
14321400 11.1157 11
14321500 11.1732 11
14321600 10.857 11
14321700 10.6146 11
14321800 10.776 11
14321900 10.9097 11
14322000 11.0491 11
14322100 11.1138 11
14322200 10.9022 11
14322300 10.9614 11
14322400 10.8664 11
14322500 11.0648 11
14322600 11.1883 11
14322700 11.3202 11
14322800 11.0671 11
14322900 10.7568 11
14323000 10.8293 11
14323100 11.5407 11
14323200 11.9389 11
14323300 11.6694 11
14323400 11.0927 11
14323500 10.5631 11
14323600 10.5103 11
14323700 10.7038 11
14323800 10.7917 11
14323900 11.0239 11
14324000 11.1261 11
14324100 10.9412 11
14324200 10.6831 11
14324300 10.4405 11
14324400 10.2627 11
14324500 10.3816 11
14324600 10.4591 11
14324700 10.2589 11
14324800 10.146 11
14324900 10.0968 11
14325000 10.3768 11
14325100 10.5798 11
14325200 10.8013 11
14325300 10.9848 11
14325400 10.9959 11
14325500 11.2679 11
14325600 11.3015 11
14325700 11.0263 11
14325800 10.8936 11
14325900 10.9381 11
14326000 11.2419 11
14326100 11.3114 11
14326200 11.1657 11
14326300 10.8003 11
14326400 10.3218 11
14326500 10.3799 11
14326600 10.3049 11
14326700 10.2881 11
14326800 10.2338 11
14326900 10.453 11
14327000 10.8303 11
14327100 10.9878 11
14327200 11.1774 11
14327300 11.2499 11
14327400 11.1452 11
14327500 11.097 11
14327600 10.9633 11
14327700 11.1033 11
14327800 10.8652 11
14327900 10.6324 11
14328000 10.4225 11
14328100 10.3758 11
14328200 10.3615 11
14328300 10.4808 11
14328400 10.6437 11
14328500 10.7692 11
14328600 10.7426 11
14328700 10.7726 11
14328800 10.7859 11
14328900 10.725 11
14329000 10.5557 11
14329100 10.8213 11
14329200 10.9529 11
14329300 11.114 11
14329400 11.0121 11
14329500 11.0487 11
14329600 11.0032 11
14329700 11.0082 11
14329800 10.8035 11
14329900 10.7007 11
14330000 10.8313 11
14330100 11.0834 11
14330200 11.3008 11
14330300 11.1018 11
14330400 10.6748 11
14330500 10.8472 11
14330600 11.0605 11
14330700 10.8791 11
14330800 10.6952 11
14330900 10.7519 11
14331000 10.8675 11
14331100 11.2073 11
14331200 11.2959 11
14331300 11.293 11
14331400 11.0665 11
14331500 10.8487 11
14331600 11.0628 11
14331700 11.1915 11
14331800 11.2301 11
14331900 11.1583 11
14332000 10.9742 11
14332100 10.966 11
14332200 10.8328 11
14332300 11.0989 11
14332400 11.5151 11
14332500 11.7793 11
14332600 11.7841 11
14332700 11.6333 11
14332800 11.4211 11
14332900 11.099 11
14333000 11.0282 11
14333100 11.0486 11
14333200 10.8779 11
14333300 10.8072 11
14333400 10.7699 11
14333500 10.9128 11
14333600 10.9083 11
14333700 10.9896 11
14333800 11.0145 11
14333900 10.8357 11
14334000 10.5903 11
14334100 10.8597 11
14334200 11.0899 11
14334300 11.1169 11
14334400 11.017 11
14334500 10.8789 11
14334600 10.7518 11
14334700 11.1282 11
14334800 11.352 11
14334900 11.2669 11
14335000 11.0296 11
14335100 10.8695 11
14335200 10.8278 11
14335300 10.6743 11
14335400 10.9189 11
14335500 11.1307 11
14335600 10.8283 11
14335700 10.6154 11
14335800 10.5187 11
14335900 10.5401 11
14336000 10.5035 11
14336100 10.5997 11
14336200 11.0888 11
14336300 11.123 11
14336400 10.8577 11
14336500 10.4638 11
14336600 10.1371 11
14336700 10.4291 11
14336800 10.8176 11
14336900 11.0994 11
14337000 11.3759 11
14337100 11.4703 11
14337200 11.4885 11
14337300 11.6213 11
14337400 11.6619 11
14337500 11.7545 11
14337600 12.0135 11
14337700 11.6695 11
14337800 11.093 11
14337900 10.9245 11
14338000 10.7384 11
14338100 10.9753 11
14338200 11.1856 11
14338300 11.1363 11
14338400 10.9008 11
14338500 10.9475 11
14338600 11.024 11
14338700 11.0581 11
14338800 10.786 11
14338900 10.6216 11
14339000 10.695 11
14339100 11.0742 11
14339200 11.011 11
14339300 10.8572 11
14339400 10.9415 11
14339500 10.8704 11
14339600 10.7899 11
14339700 11.056 11
14339800 11.3763 11
14339900 11.4979 11
14340000 11.5244 11
14340100 10.9167 11
14340200 10.4484 11
14340300 10.1638 11
14340400 10.1752 11
14340500 10.4022 11
14340600 10.4973 11
14340700 10.5878 11
14340800 10.7594 11
14340900 10.6863 11
14341000 10.3642 11
14341100 10.2942 11
14341200 10.3692 11
14341300 10.4575 11
14341400 10.3028 11
14341500 10.3921 11
14341600 10.0232 11
14341700 10.0342 11
14341800 10.2079 11
14341900 10.3567 11
14342000 10.5199 11
14342100 10.6442 11
14342200 11.1212 11
14342300 11.3518 11
14342400 11.1933 11
14342500 11.4647 11
14342600 11.5683 11
14342700 11.1942 11
14342800 10.8115 11
14342900 10.8484 11
14343000 10.6082 11
14343100 10.4873 11
14343200 10.3631 11
14343300 10.2694 11
14343400 10.2046 11
14343500 10.5147 11
14343600 10.4844 11
14343700 10.5729 11
14343800 10.5873 11
14343900 10.6965 11
14344000 10.8061 11
14344100 10.9986 11
14344200 11.1379 11
14344300 11.1717 11
14344400 11.3414 11
14344500 11.5369 11
14344600 11.5414 11
14344700 11.5305 11
14344800 11.4242 11
14344900 11.1455 11
14345000 10.9699 11
14345100 10.9138 11
14345200 10.4811 11
14345300 10.2154 11
14345400 10.5771 11
14345500 10.9145 11
14345600 11.1095 11
14345700 11.1924 11
14345800 10.9855 11
14345900 10.881 11
14346000 10.6404 11
14346100 10.7022 11
14346200 10.7708 11
14346300 10.8167 11
14346400 10.7886 11
14346500 10.9398 11
14346600 10.9125 11
14346700 10.78 11
14346800 10.5068 11
14346900 10.3644 11
14347000 10.8321 11
14347100 11.1021 11
14347200 11.1156 11
14347300 10.8379 11
14347400 10.9813 11
14347500 11.1694 11
14347600 11.2488 11
14347700 11.2095 11
14347800 11.1026 11
14347900 11.2423 11
14348000 11.2902 11
14348100 11.0549 11
14348200 10.6038 11
14348300 10.3469 11
14348400 10.3247 11
14348500 10.3553 11
14348600 10.3546 11
14348700 10.5521 11
14348800 10.9111 11
14348900 11.1867 11
14349000 11.2532 11
14349100 11.348 11
14349200 11.4621 11
14349300 11.3404 11
14349400 11.238 11
14349500 11.0042 11
14349600 11.0931 11
14349700 10.841 11
14349800 10.7552 11
14349900 10.8469 11
14350000 10.7739 11
14350100 10.7219 11
14350200 10.7411 11
14350300 10.8479 11
14350400 10.9399 11
14350500 11.1377 11
14350600 11.0493 11
14350700 11.1904 11
14350800 11.2947 11
14350900 11.4091 11
14351000 11.1709 11
14351100 10.9143 11
14351200 10.3222 11
14351300 10.4827 11
14351400 10.6377 11
14351500 10.3336 11
14351600 10.4147 11
14351700 10.6583 11
14351800 11.0906 11
14351900 11.4991 11
14352000 11.5446 11
14352100 11.2557 11
14352200 11.4236 11
14352300 11.201 11
14352400 10.8891 11
14352500 11.0165 11
14352600 10.886 11
14352700 10.8624 11
14352800 11.083 11
14352900 11.0912 11
14353000 11.219 11
14353100 11.2 11
14353200 11.2355 11
14353300 11.1751 11
14353400 11.1329 11
14353500 11.157 11
14353600 11.005 11
14353700 10.6045 11
14353800 10.4527 11
14353900 10.732 11
14354000 11.1477 11
14354100 10.9745 11
14354200 11.1826 11
14354300 10.9919 11
14354400 10.55 11
14354500 10.5724 11
14354600 10.8317 11
14354700 10.82 11
14354800 10.6995 11
14354900 10.6399 11
14355000 10.54 11
14355100 10.7683 11
14355200 10.8823 11
14355300 10.9358 11
14355400 11.1391 11
14355500 11.3034 11
14355600 11.1604 11
14355700 10.9239 11
14355800 10.9939 11
14355900 11.1456 11
14356000 11.2793 11
14356100 11.5413 11
14356200 11.3761 11
14356300 11.084 11
14356400 10.8852 11
14356500 11.1003 11
14356600 11.027 11
14356700 10.82 11
14356800 10.6601 11
14356900 10.6161 11
14357000 10.9335 11
14357100 10.9384 11
14357200 10.8025 11
14357300 10.4567 11
14357400 10.4375 11
14357500 10.7321 11
14357600 10.7322 11
14357700 10.549 11
14357800 10.7549 11
14357900 10.9996 11
14358000 10.9914 11
14358100 10.8484 11
14358200 10.8469 11
14358300 10.8977 11
14358400 11.1774 11
14358500 11.2099 11
14358600 11.1968 11
14358700 11.3129 11
14358800 11.1932 11
14358900 10.9344 11
14359000 10.5345 11
14359100 10.382 11
14359200 10.574 11
14359300 10.9095 11
14359400 11.1738 11
14359500 11.3108 11
14359600 11.1304 11
14359700 11.1411 11
14359800 11.1379 11
14359900 11.1392 11
14360000 11.5047 11
14360100 12.06 11
14360200 12.1087 11
14360300 11.8943 11
14360400 11.8204 11
14360500 11.7222 11
14360600 11.2595 11
14360700 11.1346 11
14360800 10.9473 11
14360900 10.8183 11
14361000 10.9159 11
14361100 11.078 11
14361200 10.6376 11
14361300 10.5293 11
14361400 10.8297 11
14361500 11.0444 11
14361600 11.0552 11
14361700 10.6461 11
14361800 10.686 11
14361900 10.7887 11
14362000 10.9164 11
14362100 10.974 11
14362200 11.2563 11
14362300 11.361 11
14362400 11.0552 11
14362500 10.9251 11
14362600 10.9226 11
14362700 10.7385 11
14362800 10.6003 11
14362900 10.6803 11
14363000 10.6129 11
14363100 10.4115 11
14363200 10.339 11
14363300 10.3179 11
14363400 10.5099 11
14363500 10.7892 11
14363600 10.8126 11
14363700 10.7095 11
14363800 10.9735 11
14363900 11.1865 11
14364000 11.2206 11
14364100 11.3421 11
14364200 11.5016 11
14364300 11.621 11
14364400 11.7606 11
14364500 11.9966 11
14364600 11.8834 11
14364700 11.3085 11
14364800 10.755 11
14364900 10.8348 11
14365000 11.0796 11
14365100 11.4461 11
14365200 11.5503 11
14365300 11.8863 11
14365400 11.8966 11
14365500 11.3652 11
14365600 11.102 11
14365700 11.0685 11
14365800 10.9605 11
14365900 10.9072 11
14366000 10.7653 11
14366100 10.9772 11
14366200 11.3528 11
14366300 11.3996 11
14366400 11.2876 11
14366500 11.5658 11
14366600 11.2949 11
14366700 11.0177 11
14366800 10.8469 11
14366900 10.9372 11
14367000 11.1013 11
14367100 11.0803 11
14367200 10.8895 11
14367300 10.6126 11
14367400 10.6862 11
14367500 10.8087 11
14367600 10.8945 11
14367700 10.9197 11
14367800 10.9312 11
14367900 11.039 11
14368000 11.3243 11
14368100 11.3854 11
14368200 11.122 11
14368300 10.9276 11
14368400 10.9322 11
14368500 11.0482 11
14368600 11.3079 11
14368700 11.1933 11
14368800 11.1787 11
14368900 11.1251 11
14369000 10.7823 11
14369100 10.5694 11
14369200 10.8525 11
14369300 11.031 11
14369400 11.1396 11
14369500 11.0933 11
14369600 10.9673 11
14369700 11.1861 11
14369800 11.5483 11
14369900 11.4497 11
14370000 11.1348 11
14370100 11.1498 11
14370200 11.1309 11
14370300 11.2863 11
14370400 11.1502 11
14370500 11.1107 11
14370600 11.2585 11
14370700 11.2365 11
14370800 11.3017 11
14370900 11.7056 11
14371000 11.6237 11
14371100 11.5752 11
14371200 11.6583 11
14371300 11.4503 11
14371400 11.2843 11
14371500 11.0694 11
14371600 11.0717 11
14371700 11.0141 11
14371800 10.8526 11
14371900 10.6604 11
14372000 10.4442 11
14372100 10.7231 11
14372200 10.8779 11
14372300 10.9954 11
14372400 10.9125 11
14372500 10.6331 11
14372600 10.58 11
14372700 10.5463 11
14372800 10.7581 11
14372900 10.9444 11
14373000 10.9273 11
14373100 10.9855 11
14373200 10.832 11
14373300 10.5449 11
14373400 10.9762 11
14373500 11.7157 11
14373600 12.0366 11
14373700 12.199 11
14373800 12.5175 11
14373900 12.2613 11
14374000 11.9478 11
14374100 11.7584 11
14374200 11.2933 11
14374300 10.9866 11
14374400 10.8933 11
14374500 10.8606 11
14374600 10.4497 11
14374700 10.1193 11
14374800 10.4498 11
14374900 10.9147 11
14375000 11.1612 11
14375100 10.8944 11
14375200 10.9229 11
14375300 11.1526 11
14375400 10.9964 11
14375500 10.769 11
14375600 10.4499 11
14375700 10.5673 11
14375800 10.8309 11
14375900 11.0533 11
14376000 11.2612 11
14376100 11.1639 11
14376200 11.3518 11
14376300 11.1821 11
14376400 11.0383 11
14376500 10.93 11
14376600 11.0262 11
14376700 10.996 11
14376800 11.026 11
14376900 11.1503 11
14377000 11.2191 11
14377100 11.197 11
14377200 11.2145 11
14377300 11.2257 11
14377400 11.2547 11
14377500 11.086 11
14377600 10.7639 11
14377700 10.7983 11
14377800 10.8195 11
14377900 10.9266 11
14378000 10.9437 11
14378100 11.1007 11
14378200 11.2124 11
14378300 11.3928 11
14378400 11.2975 11
14378500 11.3024 11
14378600 11.1578 11
14378700 10.7115 11
14378800 10.5101 11
14378900 10.4453 11
14379000 10.3223 11
14379100 10.24 11
14379200 10.7014 11
14379300 10.9686 11
14379400 11.14 11
14379500 11.6398 11
14379600 11.4896 11
14379700 10.8972 11
14379800 10.4139 11
14379900 9.71442 11
14380000 9.60975 11
14380100 9.80459 11
14380200 9.94581 11
14380300 10.0303 11
14380400 10.0908 11
14380500 10.4135 11
14380600 10.8229 11
14380700 11.1972 11
14380800 11.0001 11
14380900 11.0901 11
14381000 11.0072 11
14381100 10.8452 11
14381200 10.745 11
14381300 10.8381 11
14381400 11.2107 11
14381500 11.2988 11
14381600 11.4995 11
14381700 11.456 11
14381800 11.3607 11
14381900 11.0355 11
14382000 10.8763 11
14382100 10.8709 11
14382200 10.8924 11
14382300 10.9604 11
14382400 10.8342 11
14382500 10.8077 11
14382600 10.745 11
14382700 10.7233 11
14382800 11.183 11
14382900 11.2977 11
14383000 11.1528 11
14383100 10.6667 11
14383200 10.4849 11
14383300 10.4621 11
14383400 10.6597 11
14383500 10.7371 11
14383600 11.1643 11
14383700 11.18 11
14383800 10.8289 11
14383900 10.9499 11
14384000 11.2476 11
14384100 11.49 11
14384200 11.4464 11
14384300 11.2756 11
14384400 11.4804 11
14384500 11.7032 11
14384600 11.6359 11
14384700 11.5767 11
14384800 11.8077 11
14384900 11.1804 11
14385000 10.6463 11
14385100 10.2451 11
14385200 10.2818 11
14385300 10.4241 11
14385400 10.7148 11
14385500 10.9634 11
14385600 11.2367 11
14385700 11.3456 11
14385800 11.4281 11
14385900 11.3523 11
14386000 11.2519 11
14386100 10.9343 11
14386200 10.6906 11
14386300 10.6739 11
14386400 10.7796 11
14386500 10.6475 11
14386600 10.78 11
14386700 10.7058 11
14386800 10.8422 11
14386900 11.1134 11
14387000 11.0617 11
14387100 11.1833 11
14387200 11.2463 11
14387300 11.3089 11
14387400 11.452 11
14387500 11.4584 11
14387600 10.9957 11
14387700 10.5123 11
14387800 10.6248 11
14387900 11.0157 11
14388000 11.0382 11
14388100 11.2114 11
14388200 11.1309 11
14388300 10.8533 11
14388400 10.7433 11
14388500 10.9768 11
14388600 11.1846 11
14388700 11.3214 11
14388800 11.3909 11
14388900 11.3824 11
14389000 11.4906 11
14389100 11.5663 11
14389200 11.6093 11
14389300 11.4806 11
14389400 11.3837 11
14389500 11.4666 11
14389600 11.4572 11
14389700 11.3098 11
14389800 11.2519 11
14389900 11.0851 11
14390000 10.8695 11
14390100 10.7172 11
14390200 10.6346 11
14390300 10.5158 11
14390400 10.2606 11
14390500 10.3808 11
14390600 10.4075 11
14390700 10.3685 11
14390800 10.3812 11
14390900 10.5281 11
14391000 10.7551 11
14391100 10.8651 11
14391200 10.9245 11
14391300 10.9707 11
14391400 11.0117 11
14391500 10.8723 11
14391600 10.6976 11
14391700 10.5258 11
14391800 10.56 11
14391900 10.4271 11
14392000 10.4182 11
14392100 10.7573 11
14392200 10.9952 11
14392300 11.053 11
14392400 11.3903 11
14392500 11.4963 11
14392600 10.9412 11
14392700 10.8551 11
14392800 11.0418 11
14392900 11.227 11
14393000 10.8831 11
14393100 10.9062 11
14393200 10.8154 11
14393300 10.7471 11
14393400 11.1419 11
14393500 11.2596 11
14393600 11.1822 11
14393700 11.2281 11
14393800 11.425 11
14393900 11.0643 11
14394000 10.895 11
14394100 11.1043 11
14394200 11.4594 11
14394300 11.9216 11
14394400 12.0805 11
14394500 11.8748 11
14394600 11.5684 11
14394700 11.4733 11
14394800 11.561 11
14394900 11.5153 11
14395000 11.4752 11
14395100 11.5232 11
14395200 11.4047 11
14395300 11.5245 11
14395400 11.9605 11
14395500 11.8007 11
14395600 11.2315 11
14395700 10.6813 11
14395800 10.6565 11
14395900 10.5464 11
14396000 10.6688 11
14396100 11.292 11
14396200 11.3735 11
14396300 11.1181 11
14396400 10.6032 11
14396500 10.0918 11
14396600 10.0134 11
14396700 10.1625 11
14396800 10.6072 11
14396900 10.7682 11
14397000 10.7659 11
14397100 10.7297 11
14397200 10.1939 11
14397300 10.0034 11
14397400 10.1079 11
14397500 10.4295 11
14397600 10.6509 11
14397700 11.0355 11
14397800 11.1813 11
14397900 11.1353 11
14398000 10.896 11
14398100 10.8361 11
14398200 10.9338 11
14398300 10.9976 11
14398400 10.7286 11
14398500 10.2978 11
14398600 10.3064 11
14398700 10.4264 11
14398800 10.2311 11
14398900 10.5463 11
14399000 10.5477 11
14399100 10.6411 11
14399200 10.7474 11
14399300 10.8471 11
14399400 10.9039 11
14399500 11.1662 11
14399600 11.1279 11
14399700 10.9876 11
14399800 10.9468 11
14399900 10.9692 11
14400000 11.0005 11
