# Time-averaged data for fix myat1
# TimeStep v_xave v_xdes
15800100 14.6968 15
15800200 14.7297 15
15800300 14.7371 15
15800400 14.5779 15
15800500 14.5163 15
15800600 14.5515 15
15800700 14.7245 15
15800800 14.8214 15
15800900 14.4168 15
15801000 14.3275 15
15801100 14.6083 15
15801200 14.5217 15
15801300 14.6222 15
15801400 14.9764 15
15801500 14.9285 15
15801600 15.6102 15
15801700 15.6539 15
15801800 15.5283 15
15801900 15.2825 15
15802000 14.8992 15
15802100 14.7316 15
15802200 14.719 15
15802300 14.7086 15
15802400 14.7947 15
15802500 15.0541 15
15802600 15.516 15
15802700 16.0099 15
15802800 16.1312 15
15802900 15.839 15
15803000 15.5066 15
15803100 15.727 15
15803200 15.6943 15
15803300 15.5936 15
15803400 15.3149 15
15803500 14.8639 15
15803600 14.5474 15
15803700 14.4867 15
15803800 14.6626 15
15803900 14.6839 15
15804000 14.6466 15
15804100 14.3857 15
15804200 14.2754 15
15804300 14.5049 15
15804400 14.8101 15
15804500 15.0027 15
15804600 14.6194 15
15804700 14.7317 15
15804800 15.2012 15
15804900 15.2789 15
15805000 15.2114 15
15805100 15.2569 15
15805200 15.5241 15
15805300 15.4871 15
15805400 15.5126 15
15805500 15.2934 15
15805600 15.1548 15
15805700 15.1672 15
15805800 15.2762 15
15805900 15.2535 15
15806000 15.17 15
15806100 15.3221 15
15806200 15.3264 15
15806300 15.1905 15
15806400 14.9295 15
15806500 15.0046 15
15806600 15.1649 15
15806700 15.1656 15
15806800 15.184 15
15806900 14.9463 15
15807000 14.6296 15
15807100 14.6328 15
15807200 14.5535 15
15807300 14.292 15
15807400 14.243 15
15807500 14.2911 15
15807600 14.3867 15
15807700 14.9574 15
15807800 15.0329 15
15807900 14.8997 15
15808000 14.7663 15
15808100 14.8753 15
15808200 15.0066 15
15808300 15.0468 15
15808400 14.882 15
15808500 14.9577 15
15808600 15.3558 15
15808700 15.5663 15
15808800 15.4137 15
15808900 15.0388 15
15809000 14.8257 15
15809100 14.9056 15
15809200 15.0058 15
15809300 15.1529 15
15809400 15.4721 15
15809500 15.5204 15
15809600 15.4319 15
15809700 15.5168 15
15809800 15.5604 15
15809900 15.1634 15
15810000 14.9071 15
15810100 15.0527 15
15810200 14.9894 15
15810300 14.468 15
15810400 14.0103 15
15810500 14.1245 15
15810600 14.4536 15
15810700 14.4834 15
15810800 14.5515 15
15810900 14.4691 15
15811000 14.5815 15
15811100 14.7318 15
15811200 14.7301 15
15811300 14.8024 15
15811400 14.8362 15
15811500 14.7679 15
15811600 14.8027 15
15811700 14.8272 15
15811800 14.9608 15
15811900 15.0086 15
15812000 15.0628 15
15812100 15.4883 15
15812200 15.2788 15
15812300 14.9978 15
15812400 14.8492 15
15812500 14.8822 15
15812600 15.0756 15
15812700 14.9766 15
15812800 14.8033 15
15812900 14.8098 15
15813000 14.9051 15
15813100 14.7671 15
15813200 14.7651 15
15813300 14.9846 15
15813400 15.0916 15
15813500 15.2744 15
15813600 15.2578 15
15813700 14.9535 15
15813800 14.8127 15
15813900 14.8172 15
15814000 14.8987 15
15814100 15.0322 15
15814200 14.82 15
15814300 14.927 15
15814400 14.9387 15
15814500 15.1654 15
15814600 15.6066 15
15814700 15.9096 15
15814800 16.0447 15
15814900 15.9133 15
15815000 15.7423 15
15815100 15.1326 15
15815200 14.5197 15
15815300 14.3432 15
15815400 14.2066 15
15815500 14.3816 15
15815600 14.4684 15
15815700 14.6381 15
15815800 14.8803 15
15815900 15.0793 15
15816000 15.1051 15
15816100 14.8739 15
15816200 14.4636 15
15816300 14.536 15
15816400 14.8781 15
15816500 14.8843 15
15816600 15.0847 15
15816700 15.3027 15
15816800 15.327 15
15816900 15.3936 15
15817000 15.5195 15
15817100 15.8781 15
15817200 15.8359 15
15817300 15.5697 15
15817400 14.9419 15
15817500 14.6756 15
15817600 14.6335 15
15817700 14.9246 15
15817800 14.9804 15
15817900 14.9712 15
15818000 14.9922 15
15818100 15.2089 15
15818200 15.0988 15
15818300 14.9846 15
15818400 14.9231 15
15818500 14.9238 15
15818600 14.9029 15
15818700 15.0621 15
15818800 15.4846 15
15818900 15.7381 15
15819000 15.5061 15
15819100 15.1071 15
15819200 15.1151 15
15819300 14.6336 15
15819400 14.4612 15
15819500 14.6067 15
15819600 14.6082 15
15819700 14.7979 15
15819800 15.0704 15
15819900 15.3187 15
15820000 15.1768 15
15820100 14.745 15
15820200 14.6308 15
15820300 14.8889 15
15820400 15.0809 15
15820500 15.5488 15
15820600 15.4966 15
15820700 15.1739 15
15820800 15.0522 15
15820900 15.1938 15
15821000 15.2375 15
15821100 15.3772 15
15821200 15.5989 15
15821300 15.8654 15
15821400 15.8662 15
15821500 16.01 15
15821600 16.0143 15
15821700 15.8704 15
15821800 15.6456 15
15821900 15.6296 15
15822000 15.5357 15
15822100 15.3773 15
15822200 15.2249 15
15822300 15.172 15
15822400 14.8348 15
15822500 14.7038 15
15822600 14.4086 15
15822700 14.372 15
15822800 14.2596 15
15822900 14.4045 15
15823000 14.3895 15
15823100 14.6032 15
15823200 14.8165 15
15823300 14.8594 15
15823400 14.7443 15
15823500 15.016 15
15823600 15.3677 15
15823700 15.6067 15
15823800 15.8215 15
15823900 15.7672 15
15824000 15.326 15
15824100 15.5734 15
15824200 15.6305 15
15824300 15.3328 15
15824400 15.0781 15
15824500 14.9562 15
15824600 14.8015 15
15824700 14.9072 15
15824800 15.1242 15
15824900 15.4721 15
15825000 15.47 15
15825100 15.0429 15
15825200 15.0633 15
15825300 15.1568 15
15825400 14.917 15
15825500 14.882 15
15825600 15.1549 15
15825700 15.075 15
15825800 15.0734 15
15825900 14.7993 15
15826000 14.7908 15
15826100 14.8093 15
15826200 14.9057 15
15826300 14.6888 15
15826400 14.3081 15
15826500 14.2887 15
15826600 14.4748 15
15826700 14.8668 15
15826800 14.7289 15
15826900 14.3859 15
15827000 14.1147 15
15827100 14.1397 15
15827200 14.131 15
15827300 14.4885 15
15827400 14.64 15
15827500 15.1072 15
15827600 15.6688 15
15827700 15.7753 15
15827800 15.5313 15
15827900 15.4449 15
15828000 15.5238 15
15828100 15.6307 15
15828200 15.7011 15
15828300 15.486 15
15828400 15.1086 15
15828500 15.2707 15
15828600 15.2781 15
15828700 15.3859 15
15828800 15.2019 15
15828900 15.1677 15
15829000 15.2509 15
15829100 15.1518 15
15829200 15.2999 15
15829300 15.0009 15
15829400 14.6444 15
15829500 14.5903 15
15829600 14.9725 15
15829700 15.3271 15
15829800 15.3449 15
15829900 15.3251 15
15830000 15.0452 15
15830100 15.075 15
15830200 14.8701 15
15830300 14.7972 15
15830400 14.7519 15
15830500 15.0485 15
15830600 15.2341 15
15830700 15.5321 15
15830800 15.3595 15
15830900 14.9691 15
15831000 14.6387 15
15831100 14.6565 15
15831200 14.5435 15
15831300 14.4634 15
15831400 14.5387 15
15831500 14.8727 15
15831600 14.8479 15
15831700 14.4934 15
15831800 14.5592 15
15831900 15.0273 15
15832000 15.3273 15
15832100 15.4849 15
15832200 15.5672 15
15832300 15.3565 15
15832400 15.2456 15
15832500 15.2186 15
15832600 14.872 15
15832700 14.8059 15
15832800 14.8411 15
15832900 14.5659 15
15833000 14.4015 15
15833100 14.31 15
15833200 14.6752 15
15833300 14.8388 15
15833400 14.8505 15
15833500 14.9318 15
15833600 15.0063 15
15833700 15.0453 15
15833800 14.874 15
15833900 14.8644 15
15834000 14.7302 15
15834100 14.6283 15
15834200 14.7292 15
15834300 14.7674 15
15834400 14.7738 15
15834500 14.8953 15
15834600 15.0086 15
15834700 15.0622 15
15834800 15.0422 15
15834900 15.195 15
15835000 15.2824 15
15835100 15.1591 15
15835200 15.195 15
15835300 15.0571 15
15835400 15.0281 15
15835500 15.269 15
15835600 15.4855 15
15835700 15.3843 15
15835800 15.174 15
15835900 15.2013 15
15836000 15.1839 15
15836100 14.9559 15
15836200 14.965 15
15836300 14.9841 15
15836400 14.912 15
15836500 14.5594 15
15836600 14.4427 15
15836700 14.7104 15
15836800 14.9605 15
15836900 14.8443 15
15837000 14.8331 15
15837100 14.8529 15
15837200 15.0754 15
15837300 15.4768 15
15837400 15.4497 15
15837500 15.4116 15
15837600 15.2004 15
15837700 15.2222 15
15837800 15.35 15
15837900 15.3622 15
15838000 15.0616 15
15838100 14.9043 15
15838200 14.8615 15
15838300 14.8458 15
15838400 14.9356 15
15838500 15.0873 15
15838600 15.1689 15
15838700 14.8801 15
15838800 14.8525 15
15838900 14.8368 15
15839000 14.633 15
15839100 14.5722 15
15839200 14.8228 15
15839300 14.925 15
15839400 15.055 15
15839500 14.8821 15
15839600 14.6592 15
15839700 14.7251 15
15839800 14.9493 15
15839900 14.996 15
15840000 15.3146 15
15840100 15.1103 15
15840200 14.9641 15
15840300 14.8302 15
15840400 14.68 15
15840500 14.7144 15
15840600 14.8431 15
15840700 15.0327 15
15840800 15.2567 15
15840900 15.1675 15
15841000 14.9052 15
15841100 14.7702 15
15841200 14.9718 15
15841300 15.1349 15
15841400 15.1316 15
15841500 14.9638 15
15841600 15.0475 15
15841700 15.1897 15
15841800 15.2141 15
15841900 14.8028 15
15842000 14.6768 15
15842100 14.5028 15
15842200 14.4013 15
15842300 14.5028 15
15842400 15.019 15
15842500 15.0649 15
15842600 15.0977 15
15842700 15.3006 15
15842800 15.68 15
15842900 15.6821 15
15843000 15.5247 15
15843100 15.3594 15
15843200 15.1742 15
15843300 15.2586 15
15843400 15.193 15
15843500 14.924 15
15843600 15.0172 15
15843700 15.0606 15
15843800 15.0819 15
15843900 15.071 15
15844000 15.0255 15
15844100 15.1995 15
15844200 14.8745 15
15844300 14.9819 15
15844400 15.3454 15
15844500 15.4573 15
15844600 15.252 15
15844700 15.1845 15
15844800 15.2359 15
15844900 14.8978 15
15845000 14.6094 15
15845100 14.7913 15
15845200 15.2509 15
15845300 15.4142 15
15845400 15.0983 15
15845500 14.6483 15
15845600 14.8221 15
15845700 15.2011 15
15845800 15.1942 15
15845900 14.8321 15
15846000 14.4718 15
15846100 14.3735 15
15846200 14.5236 15
15846300 14.5992 15
15846400 14.5762 15
15846500 14.8244 15
15846600 14.8984 15
15846700 14.7357 15
15846800 14.5246 15
15846900 14.8169 15
15847000 15.0135 15
15847100 14.8371 15
15847200 14.7291 15
15847300 14.7791 15
15847400 14.7599 15
15847500 14.5153 15
15847600 14.4983 15
15847700 14.4453 15
15847800 14.3376 15
15847900 14.567 15
15848000 14.7525 15
15848100 15.1784 15
15848200 15.4259 15
15848300 15.3474 15
15848400 15.6992 15
15848500 15.6851 15
15848600 15.6943 15
15848700 15.6988 15
15848800 15.2486 15
15848900 15.111 15
15849000 14.9681 15
15849100 15.0279 15
15849200 15.0043 15
15849300 15.1402 15
15849400 14.9219 15
15849500 14.6566 15
15849600 14.6918 15
15849700 14.9957 15
15849800 15.049 15
15849900 14.9801 15
15850000 15.1899 15
15850100 15.1587 15
15850200 15.2254 15
15850300 15.6694 15
15850400 15.6514 15
15850500 15.3442 15
15850600 15.2809 15
15850700 15.5426 15
15850800 15.5177 15
15850900 15.1796 15
15851000 14.9047 15
15851100 14.6209 15
15851200 14.8226 15
15851300 15.3182 15
15851400 15.1607 15
15851500 14.9815 15
15851600 14.6618 15
15851700 14.4079 15
15851800 14.3891 15
15851900 14.7773 15
15852000 15.2286 15
15852100 15.2774 15
15852200 14.858 15
15852300 14.4265 15
15852400 14.6496 15
15852500 14.8168 15
15852600 14.74 15
15852700 14.5257 15
15852800 14.3913 15
15852900 14.5215 15
15853000 14.8131 15
15853100 15.087 15
15853200 14.9653 15
15853300 14.4298 15
15853400 14.3061 15
15853500 14.3566 15
15853600 14.7023 15
15853700 15.0487 15
15853800 15.2286 15
15853900 15.016 15
15854000 14.9212 15
15854100 15.3516 15
15854200 15.5111 15
15854300 15.3466 15
15854400 15.0244 15
15854500 15.0176 15
15854600 14.8914 15
15854700 14.7818 15
15854800 14.7797 15
15854900 14.7351 15
15855000 14.766 15
15855100 14.9567 15
15855200 15.1951 15
15855300 14.9446 15
15855400 14.8442 15
15855500 14.7673 15
15855600 14.6601 15
15855700 15.1103 15
15855800 15.3461 15
15855900 15.1453 15
15856000 14.8558 15
15856100 14.6888 15
15856200 14.2477 15
15856300 14.2554 15
15856400 14.4994 15
15856500 14.7083 15
15856600 14.6291 15
15856700 14.4216 15
15856800 14.4985 15
15856900 14.8766 15
15857000 15.1227 15
15857100 14.9453 15
15857200 14.7993 15
15857300 15.0354 15
15857400 15.4226 15
15857500 15.2999 15
15857600 15.2248 15
15857700 15.3885 15
15857800 15.4931 15
15857900 15.3932 15
15858000 15.2334 15
15858100 15.0167 15
15858200 14.8099 15
15858300 14.7843 15
15858400 14.9993 15
15858500 14.8266 15
15858600 14.7667 15
15858700 14.9361 15
15858800 15.3001 15
15858900 15.5697 15
15859000 15.5808 15
15859100 15.6552 15
15859200 15.6159 15
15859300 15.4425 15
15859400 15.2478 15
15859500 15.174 15
15859600 15.1723 15
15859700 14.8951 15
15859800 14.7093 15
15859900 14.8972 15
15860000 14.9953 15
15860100 15.0911 15
15860200 15.6454 15
15860300 15.6786 15
15860400 15.2871 15
15860500 15.0768 15
15860600 14.5635 15
15860700 14.3077 15
15860800 14.5898 15
15860900 14.5899 15
15861000 14.6324 15
15861100 14.8328 15
15861200 15.0307 15
15861300 15.118 15
15861400 15.0092 15
15861500 15.0135 15
15861600 14.9902 15
15861700 14.7443 15
15861800 14.3709 15
15861900 14.5714 15
15862000 14.7325 15
15862100 14.8879 15
15862200 15.4102 15
15862300 15.5691 15
15862400 15.4264 15
15862500 15.4876 15
15862600 15.0805 15
15862700 14.8382 15
15862800 14.8721 15
15862900 14.8319 15
15863000 14.8664 15
15863100 14.8984 15
15863200 14.9689 15
15863300 14.9903 15
15863400 15.2148 15
15863500 15.2341 15
15863600 15.1035 15
15863700 15.2749 15
15863800 15.1595 15
15863900 15.2473 15
15864000 15.0013 15
15864100 14.8272 15
15864200 14.6915 15
15864300 14.6083 15
15864400 14.8182 15
15864500 14.6231 15
15864600 14.748 15
15864700 14.9749 15
15864800 15.0366 15
15864900 15.2199 15
15865000 15.3495 15
15865100 15.0825 15
15865200 14.7805 15
15865300 14.9188 15
15865400 14.9896 15
15865500 15.1039 15
15865600 15.0189 15
15865700 14.9628 15
15865800 15.0858 15
15865900 14.8237 15
15866000 14.4713 15
15866100 14.583 15
15866200 14.7716 15
15866300 15.0086 15
15866400 15.2984 15
15866500 15.5302 15
15866600 15.7688 15
15866700 15.5382 15
15866800 15.4003 15
15866900 15.287 15
15867000 15.3441 15
15867100 15.1618 15
15867200 15.293 15
15867300 15.4552 15
15867400 15.3397 15
15867500 15.3015 15
15867600 15.4673 15
15867700 15.7477 15
15867800 15.8292 15
15867900 15.6754 15
15868000 15.4707 15
15868100 15.5099 15
15868200 15.2579 15
15868300 15.0074 15
15868400 15.0151 15
15868500 14.8434 15
15868600 14.8729 15
15868700 15.0167 15
15868800 14.9604 15
15868900 14.8909 15
15869000 14.9813 15
15869100 14.7577 15
15869200 14.851 15
15869300 15.1532 15
15869400 15.2602 15
15869500 14.9612 15
15869600 14.8692 15
15869700 14.9298 15
15869800 15.1704 15
15869900 15.2739 15
15870000 15.2152 15
15870100 15.0026 15
15870200 14.7607 15
15870300 14.9904 15
15870400 15.1265 15
15870500 15.1126 15
15870600 15.277 15
15870700 15.1364 15
15870800 14.989 15
15870900 14.7487 15
15871000 14.7076 15
15871100 15.1102 15
15871200 15.1936 15
15871300 15.2868 15
15871400 14.9688 15
15871500 14.8091 15
15871600 14.9602 15
15871700 14.8489 15
15871800 14.7798 15
15871900 14.9342 15
15872000 14.9274 15
15872100 14.7762 15
15872200 14.8452 15
15872300 14.9122 15
15872400 14.8769 15
15872500 15.0001 15
15872600 14.9106 15
15872700 15.0108 15
15872800 14.9818 15
15872900 14.7348 15
15873000 14.915 15
15873100 15.2831 15
15873200 15.3778 15
15873300 15.5173 15
15873400 15.4039 15
15873500 15.1512 15
15873600 15.0601 15
15873700 15.3856 15
15873800 15.7155 15
15873900 15.7679 15
15874000 15.7647 15
15874100 15.5631 15
15874200 15.4082 15
15874300 15.1113 15
15874400 14.6686 15
15874500 14.6374 15
15874600 14.726 15
15874700 15.0385 15
15874800 15.1324 15
15874900 14.8922 15
15875000 14.8941 15
15875100 14.9464 15
15875200 15.12 15
15875300 15.44 15
15875400 15.5218 15
15875500 15.116 15
15875600 15.0567 15
15875700 14.9846 15
15875800 14.866 15
15875900 14.6352 15
15876000 14.5242 15
15876100 14.4434 15
15876200 14.6164 15
15876300 14.9375 15
15876400 14.8195 15
15876500 14.6966 15
15876600 14.8504 15
15876700 15.1058 15
15876800 15.179 15
15876900 14.9032 15
15877000 14.6289 15
15877100 14.6632 15
15877200 14.629 15
15877300 14.6868 15
15877400 14.9466 15
15877500 14.936 15
15877600 14.8888 15
15877700 14.8565 15
15877800 14.6151 15
15877900 14.5618 15
15878000 14.4283 15
15878100 14.4882 15
15878200 14.7343 15
15878300 14.79 15
15878400 15.0873 15
15878500 15.2356 15
15878600 15.4377 15
15878700 15.4756 15
15878800 15.1631 15
15878900 14.8478 15
15879000 14.8448 15
15879100 14.9075 15
15879200 14.7747 15
15879300 14.8191 15
15879400 14.8128 15
15879500 14.8475 15
15879600 14.9013 15
15879700 14.5388 15
15879800 14.568 15
15879900 14.5863 15
15880000 14.8448 15
15880100 15.1493 15
15880200 14.7158 15
15880300 14.3207 15
15880400 14.4687 15
15880500 14.6404 15
15880600 14.6592 15
15880700 14.8146 15
15880800 14.7479 15
15880900 14.9599 15
15881000 15.3184 15
15881100 15.1662 15
15881200 15.0803 15
15881300 15.3311 15
15881400 15.3751 15
15881500 15.0478 15
15881600 14.4192 15
15881700 14.1549 15
15881800 14.296 15
15881900 14.4181 15
15882000 14.5589 15
15882100 14.7911 15
15882200 14.9428 15
15882300 15.0565 15
15882400 15.1739 15
15882500 15.2113 15
15882600 15.0824 15
15882700 14.9334 15
15882800 15.2433 15
15882900 15.5925 15
15883000 15.9469 15
15883100 15.8805 15
15883200 15.5352 15
15883300 15.2008 15
15883400 14.9426 15
15883500 15.238 15
15883600 15.2954 15
15883700 15.2206 15
15883800 15.1379 15
15883900 14.6686 15
15884000 14.4804 15
15884100 14.746 15
15884200 14.9198 15
15884300 15.1725 15
15884400 15.6297 15
15884500 15.6641 15
15884600 15.8732 15
15884700 15.8107 15
15884800 15.773 15
15884900 15.2797 15
15885000 14.6448 15
15885100 14.5892 15
15885200 15.1525 15
15885300 15.4666 15
15885400 15.7327 15
15885500 15.8205 15
15885600 15.6942 15
15885700 15.8447 15
15885800 15.6818 15
15885900 15.7707 15
15886000 15.8122 15
15886100 15.5395 15
15886200 15.3471 15
15886300 15.3527 15
15886400 15.2246 15
15886500 15.4052 15
15886600 15.5396 15
15886700 15.6934 15
15886800 15.5655 15
15886900 15.4755 15
15887000 15.4173 15
15887100 15.5162 15
15887200 15.5357 15
15887300 15.5975 15
15887400 15.5507 15
15887500 15.2718 15
15887600 15.0941 15
15887700 15.2918 15
15887800 15.4427 15
15887900 15.1792 15
15888000 14.8372 15
15888100 14.7121 15
15888200 14.9123 15
15888300 14.9915 15
15888400 14.8166 15
15888500 14.7554 15
15888600 14.7678 15
15888700 15.1348 15
15888800 15.2543 15
15888900 15.2786 15
15889000 15.0299 15
15889100 14.7756 15
15889200 15.1291 15
15889300 15.3737 15
15889400 15.2012 15
15889500 14.8974 15
15889600 14.7417 15
15889700 14.6261 15
15889800 14.5724 15
15889900 14.4279 15
15890000 14.3832 15
15890100 14.3379 15
15890200 14.2844 15
15890300 14.4083 15
15890400 14.89 15
15890500 15.2798 15
15890600 15.4873 15
15890700 15.1564 15
15890800 15.0968 15
15890900 14.8665 15
15891000 14.9163 15
15891100 14.7111 15
15891200 14.7493 15
15891300 14.772 15
15891400 14.8037 15
15891500 14.7962 15
15891600 14.6869 15
15891700 14.8171 15
15891800 15.1648 15
15891900 15.5101 15
15892000 15.3373 15
15892100 15.1303 15
15892200 14.6933 15
15892300 14.4389 15
15892400 14.7147 15
15892500 14.7944 15
15892600 15.244 15
15892700 15.7204 15
15892800 15.6634 15
15892900 15.7469 15
15893000 16.0599 15
15893100 16.1121 15
15893200 15.9279 15
15893300 15.8248 15
15893400 15.2907 15
15893500 14.8655 15
15893600 14.9158 15
15893700 15.2724 15
15893800 15.29 15
15893900 15.213 15
15894000 15.4223 15
15894100 15.4739 15
15894200 15.5529 15
15894300 15.537 15
15894400 15.5168 15
15894500 15.3601 15
15894600 15.0691 15
15894700 14.8628 15
15894800 14.9148 15
15894900 15.0302 15
15895000 15.2773 15
15895100 15.4377 15
15895200 15.1006 15
15895300 14.9457 15
15895400 15.0503 15
15895500 15.2962 15
15895600 15.3455 15
15895700 15.2523 15
15895800 15.3955 15
15895900 15.2229 15
15896000 14.9868 15
15896100 14.6659 15
15896200 14.1599 15
15896300 14.444 15
15896400 14.7898 15
15896500 14.9223 15
15896600 15.1091 15
15896700 15.3507 15
15896800 15.3499 15
15896900 15.1066 15
15897000 14.8904 15
15897100 14.6727 15
15897200 15.0577 15
15897300 15.2748 15
15897400 15.1698 15
15897500 15.0117 15
15897600 14.8535 15
15897700 15.018 15
15897800 14.8516 15
15897900 14.7784 15
15898000 14.7947 15
15898100 14.6479 15
15898200 14.6043 15
15898300 14.6372 15
15898400 14.5896 15
15898500 14.5597 15
15898600 14.7038 15
15898700 15.2562 15
15898800 15.4027 15
15898900 15.1511 15
15899000 14.9865 15
15899100 14.9774 15
15899200 14.9468 15
15899300 15.0441 15
15899400 15.4244 15
15899500 15.3145 15
15899600 15.3464 15
15899700 15.2809 15
15899800 15.2879 15
15899900 15.2598 15
15900000 15.0479 15
15900100 14.7246 15
15900200 14.4487 15
15900300 14.6215 15
15900400 15.3384 15
15900500 15.6685 15
15900600 15.7477 15
15900700 15.5489 15
15900800 15.4039 15
15900900 15.1194 15
15901000 14.9729 15
15901100 14.9134 15
15901200 15.0424 15
15901300 14.6205 15
15901400 14.4446 15
15901500 14.4895 15
15901600 14.7224 15
15901700 14.5774 15
15901800 14.2555 15
15901900 14.0162 15
15902000 14.5278 15
15902100 14.8233 15
15902200 14.9055 15
15902300 14.9302 15
15902400 14.5254 15
15902500 14.5598 15
15902600 14.5243 15
15902700 14.7765 15
15902800 15.1476 15
15902900 15.4898 15
15903000 15.8463 15
15903100 15.8443 15
15903200 15.0582 15
15903300 14.7421 15
15903400 14.9188 15
15903500 15.196 15
15903600 15.2062 15
15903700 15.0453 15
15903800 14.5048 15
15903900 14.4406 15
15904000 14.6882 15
15904100 14.6709 15
15904200 14.72 15
15904300 14.905 15
15904400 14.9288 15
15904500 14.7421 15
15904600 14.8814 15
15904700 14.801 15
15904800 14.5943 15
15904900 14.3515 15
15905000 14.2928 15
15905100 14.7258 15
15905200 14.8433 15
15905300 14.5238 15
15905400 14.2721 15
15905500 14.4826 15
15905600 14.4548 15
15905700 14.3386 15
15905800 14.0944 15
15905900 14.2549 15
15906000 14.6698 15
15906100 14.6095 15
15906200 14.6446 15
15906300 14.7642 15
15906400 14.8031 15
15906500 14.7244 15
15906600 14.7836 15
15906700 14.6164 15
15906800 14.2828 15
15906900 14.1895 15
15907000 14.3485 15
15907100 14.5647 15
15907200 14.8949 15
15907300 15.3034 15
15907400 15.3162 15
15907500 15.1816 15
15907600 15.0655 15
15907700 15.1731 15
15907800 15.3658 15
15907900 15.3922 15
15908000 15.1815 15
15908100 15.2716 15
15908200 15.174 15
15908300 15.3638 15
15908400 15.64 15
15908500 15.8205 15
15908600 15.5169 15
15908700 15.155 15
15908800 14.9738 15
15908900 15.0733 15
15909000 15.1214 15
15909100 15.0809 15
15909200 15.2113 15
15909300 15.272 15
15909400 14.8019 15
15909500 14.3927 15
15909600 14.5371 15
15909700 14.8333 15
15909800 14.9863 15
15909900 15.2575 15
15910000 15.3468 15
15910100 15.2342 15
15910200 14.9569 15
15910300 14.6086 15
15910400 14.4054 15
15910500 14.6676 15
15910600 15.0656 15
15910700 15.0698 15
15910800 15.0221 15
15910900 15.0748 15
15911000 14.9985 15
15911100 15.0684 15
15911200 15.2596 15
15911300 15.8246 15
15911400 15.5488 15
15911500 15.0003 15
15911600 14.8469 15
15911700 14.7981 15
15911800 14.793 15
15911900 14.6241 15
15912000 14.5004 15
15912100 14.7211 15
15912200 14.883 15
15912300 15.354 15
15912400 15.6445 15
15912500 15.7349 15
15912600 15.5694 15
15912700 15.5134 15
15912800 15.1186 15
15912900 14.9855 15
15913000 15.4455 15
15913100 15.6614 15
15913200 15.5145 15
15913300 15.1611 15
15913400 15.1029 15
15913500 14.9054 15
15913600 14.9397 15
15913700 15.1707 15
15913800 15.0464 15
15913900 14.9242 15
15914000 14.9821 15
15914100 15.1484 15
15914200 15.2966 15
15914300 15.2075 15
15914400 15.2261 15
15914500 15.1502 15
15914600 15.0897 15
15914700 15.0723 15
15914800 15.0356 15
15914900 14.5993 15
15915000 14.5999 15
15915100 14.7902 15
15915200 14.9957 15
15915300 15.1655 15
15915400 15.2122 15
15915500 15.0387 15
15915600 14.9545 15
15915700 14.9934 15
15915800 15.1605 15
15915900 15.3918 15
15916000 15.1391 15
15916100 14.967 15
15916200 15.0553 15
15916300 15.528 15
15916400 15.5355 15
15916500 15.2111 15
15916600 15.0552 15
15916700 14.9057 15
15916800 15.0705 15
15916900 15.4405 15
15917000 15.4259 15
15917100 15.0559 15
15917200 14.5496 15
15917300 14.2916 15
15917400 14.3906 15
15917500 14.3188 15
15917600 14.4025 15
15917700 14.4473 15
15917800 14.415 15
15917900 14.6086 15
15918000 14.7121 15
15918100 14.7433 15
15918200 14.6057 15
15918300 14.6594 15
15918400 14.5572 15
15918500 14.5836 15
15918600 14.8485 15
15918700 15.252 15
15918800 15.3218 15
15918900 15.2383 15
15919000 14.896 15
15919100 14.9008 15
15919200 14.9651 15
15919300 15.6391 15
15919400 15.3726 15
15919500 15.0523 15
15919600 15.2353 15
15919700 15.1869 15
15919800 15.3159 15
15919900 15.2665 15
15920000 15.4583 15
15920100 15.4758 15
15920200 15.5585 15
15920300 15.5242 15
15920400 15.1658 15
15920500 15.3408 15
15920600 15.2202 15
15920700 15.0358 15
15920800 14.7601 15
15920900 14.7373 15
15921000 14.7572 15
15921100 14.8149 15
15921200 14.9759 15
15921300 15.0821 15
15921400 14.8038 15
15921500 14.6698 15
15921600 14.7786 15
15921700 14.5867 15
15921800 14.6499 15
15921900 14.7669 15
15922000 14.986 15
15922100 15.0039 15
15922200 14.9377 15
15922300 15.2659 15
15922400 15.2728 15
15922500 15.478 15
15922600 15.4114 15
15922700 15.2191 15
15922800 15.341 15
15922900 15.3218 15
15923000 15.2779 15
15923100 15.2883 15
15923200 15.2302 15
15923300 15.5557 15
15923400 15.3633 15
15923500 14.9689 15
15923600 14.8626 15
15923700 14.6148 15
15923800 14.6819 15
15923900 14.6721 15
15924000 14.4756 15
15924100 14.3343 15
15924200 14.5082 15
15924300 14.6979 15
15924400 14.6111 15
15924500 14.9114 15
15924600 15.2434 15
15924700 15.0958 15
15924800 14.8647 15
15924900 14.4426 15
15925000 14.1916 15
15925100 14.2582 15
15925200 14.5826 15
15925300 14.8577 15
15925400 14.813 15
15925500 14.7461 15
15925600 14.8429 15
15925700 14.8896 15
15925800 14.7862 15
15925900 14.7231 15
15926000 15.0703 15
15926100 15.58 15
15926200 15.2786 15
15926300 14.9835 15
15926400 15.0311 15
15926500 15.1036 15
15926600 15.3512 15
15926700 15.2425 15
15926800 15.2766 15
15926900 15.4692 15
15927000 15.4796 15
15927100 15.1856 15
15927200 15.4775 15
15927300 15.9415 15
15927400 15.9203 15
15927500 16.0096 15
15927600 16.0046 15
15927700 15.3845 15
15927800 15.0622 15
15927900 14.9797 15
15928000 15.0566 15
15928100 15.0439 15
15928200 15.235 15
15928300 15.3574 15
15928400 15.2162 15
15928500 14.884 15
15928600 14.7937 15
15928700 14.9661 15
15928800 14.9048 15
15928900 14.8933 15
15929000 14.7654 15
15929100 14.6539 15
15929200 14.7197 15
15929300 14.7987 15
15929400 14.976 15
15929500 15.3111 15
15929600 15.3301 15
15929700 15.7148 15
15929800 15.7191 15
15929900 15.5954 15
15930000 15.5048 15
15930100 15.4046 15
15930200 15.0246 15
15930300 14.9481 15
15930400 15.0524 15
15930500 14.7783 15
15930600 14.7175 15
15930700 15.1514 15
15930800 15.4267 15
15930900 15.3488 15
15931000 14.9691 15
15931100 15.0502 15
15931200 15.2904 15
15931300 15.5817 15
15931400 15.4497 15
15931500 15.1946 15
15931600 15.0003 15
15931700 15.1746 15
15931800 15.2175 15
15931900 15.0266 15
15932000 14.7805 15
15932100 14.4131 15
15932200 14.4904 15
15932300 14.6299 15
15932400 14.777 15
15932500 14.8973 15
15932600 15.0691 15
15932700 15.1299 15
15932800 15.0541 15
15932900 15.1937 15
15933000 15.521 15
15933100 15.5834 15
15933200 15.4079 15
15933300 15.5163 15
15933400 15.449 15
15933500 15.1272 15
15933600 14.9797 15
15933700 15.1405 15
15933800 15.4815 15
15933900 15.9201 15
15934000 15.6789 15
15934100 15.238 15
15934200 15.0559 15
15934300 15.0927 15
15934400 15.6998 15
15934500 15.7966 15
15934600 15.7484 15
15934700 15.7491 15
15934800 15.5326 15
15934900 15.5581 15
15935000 15.3378 15
15935100 15.2328 15
15935200 15.0008 15
15935300 14.9896 15
15935400 15.0504 15
15935500 14.8472 15
15935600 15.0782 15
15935700 15.3032 15
15935800 15.358 15
15935900 15.1434 15
15936000 14.9652 15
15936100 15.139 15
15936200 15.1264 15
15936300 15.1609 15
15936400 15.4463 15
15936500 15.2789 15
15936600 15.3011 15
15936700 15.3661 15
15936800 15.1575 15
15936900 15.1402 15
15937000 15.0145 15
15937100 14.7678 15
15937200 14.688 15
15937300 14.9513 15
15937400 15.1608 15
15937500 15.3095 15
15937600 15.4307 15
15937700 15.3029 15
15937800 15.4708 15
15937900 15.563 15
15938000 15.5969 15
15938100 15.6986 15
15938200 15.7014 15
15938300 15.5536 15
15938400 15.2195 15
15938500 15.2845 15
15938600 15.1886 15
15938700 15.0278 15
15938800 14.8856 15
15938900 14.9508 15
15939000 14.7461 15
15939100 14.936 15
15939200 15.0643 15
15939300 15.1474 15
15939400 15.0417 15
15939500 14.9552 15
15939600 14.8515 15
15939700 14.9803 15
15939800 15.0957 15
15939900 15.0594 15
15940000 15.0015 15
15940100 14.9229 15
15940200 14.8464 15
15940300 14.8068 15
15940400 14.627 15
15940500 14.7453 15
15940600 14.8947 15
15940700 15.0074 15
15940800 14.9792 15
15940900 15.042 15
15941000 15.1563 15
15941100 15.4501 15
15941200 15.4701 15
15941300 15.3982 15
15941400 15.6239 15
15941500 15.4291 15
15941600 15.4243 15
15941700 15.2684 15
15941800 15.1803 15
15941900 15.0403 15
15942000 14.8711 15
15942100 14.4462 15
15942200 14.3818 15
15942300 14.8553 15
15942400 14.9121 15
15942500 14.7498 15
15942600 14.7396 15
15942700 14.6309 15
15942800 14.3316 15
15942900 14.463 15
15943000 14.7051 15
15943100 14.8208 15
15943200 14.6509 15
15943300 15.1228 15
15943400 15.3133 15
15943500 15.3854 15
15943600 15.0381 15
15943700 15.0521 15
15943800 15.3053 15
15943900 15.1489 15
15944000 15.0008 15
15944100 15.1837 15
15944200 15.391 15
15944300 15.3728 15
15944400 15.4401 15
15944500 15.2933 15
15944600 15.0697 15
15944700 15.124 15
15944800 14.9587 15
15944900 15.1106 15
15945000 14.9837 15
15945100 15.1576 15
15945200 15.0926 15
15945300 14.8943 15
15945400 15.0177 15
15945500 15.1168 15
15945600 14.7913 15
15945700 14.7618 15
15945800 14.9018 15
15945900 14.9988 15
15946000 14.818 15
15946100 14.8384 15
15946200 14.9221 15
15946300 14.9249 15
15946400 15.1751 15
15946500 15.0012 15
15946600 14.8648 15
15946700 14.7567 15
15946800 14.948 15
15946900 15.0731 15
15947000 14.9691 15
15947100 14.9125 15
15947200 14.9657 15
15947300 14.8733 15
15947400 14.5396 15
15947500 14.3733 15
15947600 14.3657 15
15947700 14.3564 15
15947800 14.5586 15
15947900 15.0336 15
15948000 15.2966 15
15948100 15.2398 15
15948200 15.5848 15
15948300 15.7188 15
15948400 15.5259 15
15948500 15.324 15
15948600 15.1475 15
15948700 15.0302 15
15948800 15.1641 15
15948900 15.418 15
15949000 15.1063 15
15949100 14.6793 15
15949200 14.8666 15
15949300 14.9339 15
15949400 14.826 15
15949500 14.8824 15
15949600 14.8289 15
15949700 14.6995 15
15949800 14.8247 15
15949900 14.6721 15
15950000 14.4694 15
15950100 14.3595 15
15950200 14.4577 15
15950300 14.5873 15
15950400 14.3706 15
15950500 14.2958 15
15950600 14.1918 15
15950700 14.2826 15
15950800 14.5956 15
15950900 15.2084 15
15951000 15.5125 15
15951100 15.2995 15
15951200 15.1732 15
15951300 15.1419 15
15951400 15.0135 15
15951500 14.7839 15
15951600 14.7397 15
15951700 14.9625 15
15951800 15.228 15
15951900 15.0271 15
15952000 14.864 15
15952100 14.8601 15
15952200 14.7038 15
15952300 14.7803 15
15952400 14.8128 15
15952500 14.8965 15
15952600 15.0039 15
15952700 15.0023 15
15952800 15.1569 15
15952900 15.1594 15
15953000 15.1021 15
15953100 15.0489 15
15953200 14.8829 15
15953300 14.8139 15
15953400 15.0025 15
15953500 14.9167 15
15953600 15.2729 15
15953700 15.1574 15
15953800 14.9235 15
15953900 15.262 15
15954000 15.5796 15
15954100 15.4071 15
15954200 15.0152 15
15954300 15.1645 15
15954400 15.4291 15
15954500 15.6485 15
15954600 15.9236 15
15954700 16.0255 15
15954800 15.9906 15
15954900 15.8237 15
15955000 15.5452 15
15955100 15.3483 15
15955200 15.06 15
15955300 14.8934 15
15955400 14.9075 15
15955500 15.1769 15
15955600 15.1802 15
15955700 14.9678 15
15955800 14.7873 15
15955900 14.8481 15
15956000 14.8553 15
15956100 14.798 15
15956200 14.6038 15
15956300 14.9254 15
15956400 15.0213 15
15956500 14.9165 15
15956600 14.6521 15
15956700 14.6875 15
15956800 14.7746 15
15956900 14.4664 15
15957000 14.4194 15
15957100 14.5325 15
15957200 14.8108 15
15957300 14.8545 15
15957400 15.3247 15
15957500 15.6298 15
15957600 15.6148 15
15957700 15.3452 15
15957800 15.063 15
15957900 15.1729 15
15958000 15.0572 15
15958100 14.9095 15
15958200 14.7789 15
15958300 14.6742 15
15958400 14.4041 15
15958500 14.1877 15
15958600 14.286 15
15958700 14.3839 15
15958800 14.6684 15
15958900 14.7777 15
15959000 14.7033 15
15959100 14.4356 15
15959200 14.4847 15
15959300 14.7503 15
15959400 14.6627 15
15959500 14.6684 15
15959600 14.4162 15
15959700 14.2501 15
15959800 14.4344 15
15959900 14.8191 15
15960000 15.2422 15
15960100 14.8568 15
15960200 14.7726 15
15960300 14.7821 15
15960400 14.7231 15
15960500 14.6894 15
15960600 14.8156 15
15960700 14.8321 15
15960800 14.971 15
15960900 14.7704 15
15961000 14.7228 15
15961100 14.4503 15
15961200 14.3044 15
15961300 14.4613 15
15961400 14.5936 15
15961500 15.0117 15
15961600 15.2418 15
15961700 15.2156 15
15961800 15.3318 15
15961900 15.5163 15
15962000 15.5151 15
15962100 15.3332 15
15962200 14.8204 15
15962300 14.7146 15
15962400 15.0197 15
15962500 15.366 15
15962600 15.5674 15
15962700 15.5561 15
15962800 15.5694 15
15962900 15.5823 15
15963000 15.1268 15
15963100 14.9078 15
15963200 14.8606 15
15963300 14.9715 15
15963400 14.7493 15
15963500 14.7408 15
15963600 14.7231 15
15963700 14.7758 15
15963800 14.73 15
15963900 14.7711 15
15964000 14.88 15
15964100 14.7711 15
15964200 15.024 15
15964300 15.2734 15
15964400 15.1975 15
15964500 15.1701 15
15964600 14.9745 15
15964700 14.8868 15
15964800 14.987 15
15964900 14.899 15
15965000 14.9561 15
15965100 15.0021 15
15965200 14.9414 15
15965300 14.9394 15
15965400 15.1105 15
15965500 14.9646 15
15965600 14.6928 15
15965700 14.6457 15
15965800 14.6157 15
15965900 14.7792 15
15966000 14.7902 15
15966100 14.728 15
15966200 14.7624 15
15966300 14.8237 15
15966400 14.6495 15
15966500 14.4942 15
15966600 14.5736 15
15966700 15.0669 15
15966800 15.2598 15
15966900 15.282 15
15967000 15.1632 15
15967100 15.0758 15
15967200 15.0458 15
15967300 14.7944 15
15967400 14.7331 15
15967500 14.9446 15
15967600 14.7983 15
15967700 14.6925 15
15967800 14.7398 15
15967900 15.0259 15
15968000 15.0953 15
15968100 14.9727 15
15968200 14.729 15
15968300 14.8179 15
15968400 14.7494 15
15968500 14.7335 15
15968600 14.6169 15
15968700 14.5726 15
15968800 14.7234 15
15968900 14.9351 15
15969000 14.9726 15
15969100 15.0434 15
15969200 14.8333 15
15969300 14.9441 15
15969400 14.9605 15
15969500 14.8139 15
15969600 14.9828 15
15969700 15.2517 15
15969800 15.2435 15
15969900 14.7815 15
15970000 14.5793 15
15970100 14.6785 15
15970200 14.7845 15
15970300 15.3054 15
15970400 15.4067 15
15970500 15.1359 15
15970600 15.4129 15
15970700 15.4198 15
15970800 15.243 15
15970900 15.3145 15
15971000 15.1952 15
15971100 15.1383 15
15971200 15.0814 15
15971300 15.0537 15
15971400 15.0632 15
15971500 15.1721 15
15971600 15.2401 15
15971700 15.3147 15
15971800 15.1092 15
15971900 14.8178 15
15972000 14.4713 15
15972100 14.4021 15
15972200 14.6559 15
15972300 14.5455 15
15972400 14.422 15
15972500 14.4959 15
15972600 14.4814 15
15972700 14.5625 15
15972800 14.4726 15
15972900 14.3742 15
15973000 14.4395 15
15973100 14.6571 15
15973200 14.793 15
15973300 14.7983 15
15973400 14.8055 15
15973500 15.01 15
15973600 15.3496 15
15973700 15.4435 15
15973800 15.4449 15
15973900 15.4996 15
15974000 15.2736 15
15974100 15.2455 15
15974200 15.0744 15
15974300 14.9021 15
15974400 14.6133 15
15974500 14.1453 15
15974600 13.8899 15
15974700 14.0374 15
15974800 14.3318 15
15974900 14.5843 15
15975000 14.7226 15
15975100 14.4809 15
15975200 14.3597 15
15975300 14.3899 15
15975400 14.5285 15
15975500 14.9626 15
15975600 15.0923 15
15975700 15.4045 15
15975800 15.0666 15
15975900 14.8631 15
15976000 14.9811 15
15976100 15.2039 15
15976200 15.2905 15
15976300 15.0849 15
15976400 15.117 15
15976500 15.3978 15
15976600 15.4977 15
15976700 15.6738 15
15976800 15.7946 15
15976900 15.9684 15
15977000 15.8288 15
15977100 15.6852 15
15977200 15.4053 15
15977300 15.2707 15
15977400 15.0899 15
15977500 14.9425 15
15977600 14.83 15
15977700 14.8495 15
15977800 15.2417 15
15977900 15.4758 15
15978000 15.3782 15
15978100 15.4506 15
15978200 15.6501 15
15978300 15.5341 15
15978400 15.2937 15
15978500 14.8668 15
15978600 14.6969 15
15978700 14.9319 15
15978800 14.9032 15
15978900 14.6221 15
15979000 14.2283 15
15979100 14.1131 15
15979200 14.2893 15
15979300 14.1264 15
15979400 14.2994 15
15979500 14.5122 15
15979600 14.4903 15
15979700 14.5305 15
15979800 14.4063 15
15979900 14.4344 15
15980000 14.8296 15
15980100 14.9322 15
15980200 14.6894 15
15980300 14.366 15
15980400 14.2929 15
15980500 14.7 15
15980600 14.8651 15
15980700 14.8471 15
15980800 14.787 15
15980900 15.1258 15
15981000 15.496 15
15981100 15.6342 15
15981200 16.085 15
15981300 16.1134 15
15981400 15.8071 15
15981500 15.7406 15
15981600 15.7869 15
15981700 15.5952 15
15981800 15.275 15
15981900 15.1093 15
15982000 15.1872 15
15982100 15.3857 15
15982200 15.4356 15
15982300 15.1232 15
15982400 14.8277 15
15982500 14.593 15
15982600 14.7752 15
15982700 14.7288 15
15982800 14.5675 15
15982900 14.5116 15
15983000 14.3303 15
15983100 14.2721 15
15983200 14.2679 15
15983300 14.4155 15
15983400 14.5559 15
15983500 14.7044 15
15983600 14.9209 15
15983700 15.1154 15
15983800 15.108 15
15983900 14.9796 15
15984000 14.9802 15
15984100 15.0179 15
15984200 15.0888 15
15984300 14.8306 15
15984400 14.5136 15
15984500 14.5428 15
15984600 14.678 15
15984700 14.8564 15
15984800 14.7652 15
15984900 14.4583 15
15985000 14.6544 15
15985100 14.8525 15
15985200 14.9064 15
15985300 14.9391 15
15985400 15.13 15
15985500 15.155 15
15985600 14.9646 15
15985700 14.6918 15
15985800 14.7206 15
15985900 14.8077 15
15986000 14.8203 15
15986100 14.8913 15
15986200 14.7711 15
15986300 14.4416 15
15986400 14.4599 15
15986500 14.568 15
15986600 14.8642 15
15986700 15.3626 15
15986800 15.2159 15
15986900 14.9435 15
15987000 14.6764 15
15987100 14.5935 15
15987200 14.57 15
15987300 14.4425 15
15987400 14.4618 15
15987500 14.2444 15
15987600 14.4819 15
15987700 14.6601 15
15987800 14.8292 15
15987900 15.0824 15
15988000 15.1708 15
15988100 14.8213 15
15988200 14.9344 15
15988300 15.1113 15
15988400 15.0428 15
15988500 14.9603 15
15988600 14.6813 15
15988700 14.2906 15
15988800 14.2315 15
15988900 14.6081 15
15989000 14.4867 15
15989100 14.633 15
15989200 15.0545 15
15989300 15.2664 15
15989400 15.1049 15
15989500 14.8285 15
15989600 14.7625 15
15989700 14.9251 15
15989800 15.6109 15
15989900 15.6261 15
15990000 15.358 15
15990100 15.2484 15
15990200 15.2434 15
15990300 15.1497 15
15990400 14.8783 15
15990500 14.8211 15
15990600 14.9038 15
15990700 15.0391 15
15990800 15.3027 15
15990900 15.313 15
15991000 15.3 15
15991100 15.1399 15
15991200 14.6607 15
15991300 14.739 15
15991400 15.0773 15
15991500 15.5038 15
15991600 15.5806 15
15991700 15.2308 15
15991800 15.105 15
15991900 15.3303 15
15992000 15.5997 15
15992100 15.5627 15
15992200 15.4455 15
15992300 15.1905 15
15992400 15.0647 15
15992500 15.255 15
15992600 15.288 15
15992700 15.4774 15
15992800 15.6032 15
15992900 15.5936 15
15993000 15.3337 15
15993100 15.1938 15
15993200 15.4303 15
15993300 15.6487 15
15993400 15.5874 15
15993500 15.24 15
15993600 15.2697 15
15993700 15.1674 15
15993800 14.9454 15
15993900 14.9189 15
15994000 14.9502 15
15994100 14.8688 15
15994200 14.6163 15
15994300 14.783 15
15994400 14.6224 15
15994500 14.5312 15
15994600 14.3449 15
15994700 14.0728 15
15994800 14.084 15
15994900 14.2765 15
15995000 14.6193 15
15995100 14.9665 15
15995200 14.9219 15
15995300 14.7528 15
15995400 14.7449 15
15995500 14.9485 15
15995600 14.8335 15
15995700 14.6031 15
15995800 14.8226 15
15995900 14.6789 15
15996000 14.5852 15
15996100 14.7692 15
15996200 14.8871 15
15996300 15.0494 15
15996400 14.8552 15
15996500 14.8834 15
15996600 15.0199 15
15996700 15.1293 15
15996800 15.1551 15
15996900 14.6395 15
15997000 14.4121 15
15997100 14.289 15
15997200 14.293 15
15997300 14.5033 15
15997400 15.0051 15
15997500 15.0095 15
15997600 14.8692 15
15997700 14.8488 15
15997800 14.7866 15
15997900 14.4896 15
15998000 14.6657 15
15998100 14.783 15
15998200 14.8731 15
15998300 15.1403 15
15998400 15.2531 15
15998500 15.3107 15
15998600 15.2255 15
15998700 15.3441 15
15998800 15.5352 15
15998900 15.5173 15
15999000 15.6377 15
15999100 15.491 15
15999200 15.4657 15
15999300 15.0057 15
15999400 14.8727 15
15999500 15.0998 15
15999600 14.9976 15
15999700 15.0676 15
15999800 14.9326 15
15999900 14.6292 15
16000000 14.7908 15
