# Time-averaged data for fix myat1
# TimeStep v_xave v_xdes
17800100 20.1152 20
17800200 20.4217 20
17800300 20.6572 20
17800400 20.4307 20
17800500 20.3688 20
17800600 20.2936 20
17800700 20.3876 20
17800800 20.5543 20
17800900 20.8284 20
17801000 21.1501 20
17801100 20.9505 20
17801200 20.8164 20
17801300 20.6477 20
17801400 20.2289 20
17801500 19.9958 20
17801600 20.0128 20
17801700 20.07 20
17801800 19.887 20
17801900 19.9492 20
17802000 20.3224 20
17802100 20.4022 20
17802200 20.0599 20
17802300 19.9061 20
17802400 20.1012 20
17802500 20.2394 20
17802600 20.0418 20
17802700 20.0285 20
17802800 20.1117 20
17802900 19.9551 20
17803000 20.2041 20
17803100 20.3621 20
17803200 20.5392 20
17803300 20.6787 20
17803400 20.4908 20
17803500 20.578 20
17803600 20.5047 20
17803700 20.4112 20
17803800 20.2284 20
17803900 20.1536 20
17804000 20.154 20
17804100 20.5014 20
17804200 20.5957 20
17804300 20.4197 20
17804400 20.1688 20
17804500 19.972 20
17804600 19.8674 20
17804700 19.9715 20
17804800 20.0644 20
17804900 20.1439 20
17805000 20.0529 20
17805100 19.7085 20
17805200 19.7391 20
17805300 19.9153 20
17805400 19.8112 20
17805500 19.8906 20
17805600 20.0008 20
17805700 19.8594 20
17805800 19.8629 20
17805900 19.6229 20
17806000 19.7125 20
17806100 20.2265 20
17806200 20.3139 20
17806300 20.2778 20
17806400 20.2963 20
17806500 20.2105 20
17806600 19.9347 20
17806700 19.8439 20
17806800 19.8141 20
17806900 19.7045 20
17807000 19.7388 20
17807100 19.8287 20
17807200 20.1107 20
17807300 20.4049 20
17807400 20.2833 20
17807500 20.2671 20
17807600 20.3673 20
17807700 19.9529 20
17807800 19.5896 20
17807900 19.5213 20
17808000 19.8601 20
17808100 20.1797 20
17808200 20.4383 20
17808300 20.4845 20
17808400 20.3532 20
17808500 20.4496 20
17808600 20.5727 20
17808700 20.6146 20
17808800 20.4393 20
17808900 20.4394 20
17809000 20.3717 20
17809100 20.2822 20
17809200 20.0026 20
17809300 20.0166 20
17809400 19.8316 20
17809500 19.7836 20
17809600 19.7549 20
17809700 19.6304 20
17809800 19.2641 20
17809900 19.2206 20
17810000 19.7792 20
17810100 20.0006 20
17810200 20.0161 20
17810300 19.9538 20
17810400 19.8571 20
17810500 20.1773 20
17810600 20.2929 20
17810700 20.3096 20
17810800 20.1666 20
17810900 20.1537 20
17811000 20.2614 20
17811100 20.8106 20
17811200 21.1373 20
17811300 21.221 20
17811400 20.854 20
17811500 20.3609 20
17811600 19.9752 20
17811700 19.9149 20
17811800 20.0044 20
17811900 20.067 20
17812000 20.021 20
17812100 19.7147 20
17812200 19.7122 20
17812300 19.6367 20
17812400 19.3686 20
17812500 19.4469 20
17812600 19.4424 20
17812700 19.5698 20
17812800 19.7495 20
17812900 20.0231 20
17813000 20.0879 20
17813100 19.9848 20
17813200 19.9607 20
17813300 19.7507 20
17813400 19.7741 20
17813500 19.6158 20
17813600 19.3734 20
17813700 19.2391 20
17813800 19.1194 20
17813900 19.2922 20
17814000 19.1929 20
17814100 19.2672 20
17814200 19.5556 20
17814300 19.6548 20
17814400 19.5829 20
17814500 19.6108 20
17814600 19.7566 20
17814700 20.091 20
17814800 20.0332 20
17814900 19.9846 20
17815000 20.0396 20
17815100 19.9352 20
17815200 20.0046 20
17815300 19.9312 20
17815400 19.7185 20
17815500 19.4254 20
17815600 19.8287 20
17815700 20.2801 20
17815800 20.6209 20
17815900 20.7574 20
17816000 20.6356 20
17816100 20.0289 20
17816200 19.8551 20
17816300 20.151 20
17816400 19.9996 20
17816500 19.6013 20
17816600 19.3787 20
17816700 19.494 20
17816800 19.443 20
17816900 19.5474 20
17817000 19.8917 20
17817100 19.7125 20
17817200 19.6879 20
17817300 20.0641 20
17817400 20.4582 20
17817500 20.4997 20
17817600 20.8658 20
17817700 21.2377 20
17817800 21.0375 20
17817900 20.7798 20
17818000 20.5514 20
17818100 20.5122 20
17818200 20.2633 20
17818300 20.1316 20
17818400 19.9202 20
17818500 19.7521 20
17818600 19.7694 20
17818700 20.2 20
17818800 20.24 20
17818900 20.0922 20
17819000 20.3435 20
17819100 20.2783 20
17819200 20.1564 20
17819300 19.9735 20
17819400 19.8486 20
17819500 20.1229 20
17819600 19.9573 20
17819700 19.8924 20
17819800 19.9751 20
17819900 19.6052 20
17820000 19.5177 20
17820100 19.5639 20
17820200 19.5515 20
17820300 19.6486 20
17820400 19.5614 20
17820500 19.4544 20
17820600 19.343 20
17820700 19.4113 20
17820800 19.4845 20
17820900 19.663 20
17821000 19.8521 20
17821100 19.8501 20
17821200 19.8683 20
17821300 19.8792 20
17821400 19.8503 20
17821500 19.9638 20
17821600 19.9451 20
17821700 19.6445 20
17821800 19.6292 20
17821900 19.7411 20
17822000 19.8005 20
17822100 19.8443 20
17822200 20.0852 20
17822300 20.0739 20
17822400 19.9761 20
17822500 19.9602 20
17822600 19.8403 20
17822700 19.5145 20
17822800 19.1495 20
17822900 19.1223 20
17823000 19.1575 20
17823100 19.1692 20
17823200 19.1143 20
17823300 19.306 20
17823400 19.6153 20
17823500 19.9066 20
17823600 19.6867 20
17823700 19.5473 20
17823800 19.5246 20
17823900 19.5907 20
17824000 19.8594 20
17824100 20.0936 20
17824200 20.1373 20
17824300 19.9174 20
17824400 19.9677 20
17824500 20.2744 20
17824600 20.2922 20
17824700 20.3418 20
17824800 20.5365 20
17824900 20.0529 20
17825000 19.9127 20
17825100 20.1024 20
17825200 20.1632 20
17825300 19.8367 20
17825400 19.4316 20
17825500 19.3534 20
17825600 19.3689 20
17825700 19.6358 20
17825800 19.9855 20
17825900 20.3888 20
17826000 20.4708 20
17826100 20.4123 20
17826200 20.2387 20
17826300 20.0649 20
17826400 19.6941 20
17826500 19.8465 20
17826600 19.9533 20
17826700 20.2256 20
17826800 20.1947 20
17826900 19.9619 20
17827000 20.0406 20
17827100 20.194 20
17827200 20.3133 20
17827300 20.4825 20
17827400 20.3765 20
17827500 20.2391 20
17827600 19.9926 20
17827700 19.6799 20
17827800 19.9705 20
17827900 20.5531 20
17828000 20.7298 20
17828100 20.5157 20
17828200 20.3622 20
17828300 20.5605 20
17828400 20.502 20
17828500 20.3497 20
17828600 20.3631 20
17828700 20.1978 20
17828800 20.1766 20
17828900 19.856 20
17829000 19.9094 20
17829100 20.0972 20
17829200 20.2936 20
17829300 20.4004 20
17829400 20.2456 20
17829500 20.1428 20
17829600 20.2052 20
17829700 19.9846 20
17829800 19.7804 20
17829900 19.7587 20
17830000 19.9029 20
17830100 19.9401 20
17830200 19.8937 20
17830300 20.0042 20
17830400 19.9809 20
17830500 19.8747 20
17830600 19.6734 20
17830700 19.6962 20
17830800 19.7599 20
17830900 19.8208 20
17831000 20.006 20
17831100 20.128 20
17831200 20.001 20
17831300 20.0189 20
17831400 19.9879 20
17831500 19.7468 20
17831600 19.9416 20
17831700 20.1433 20
17831800 20.2681 20
17831900 20.3475 20
17832000 20.3407 20
17832100 20.3718 20
17832200 20.1388 20
17832300 19.9131 20
17832400 20.1795 20
17832500 20.3045 20
17832600 20.289 20
17832700 20.3455 20
17832800 20.6214 20
17832900 20.7405 20
17833000 20.503 20
17833100 20.1354 20
17833200 19.8271 20
17833300 19.7955 20
17833400 20.042 20
17833500 20.2784 20
17833600 20.4965 20
17833700 20.4854 20
17833800 20.539 20
17833900 20.6601 20
17834000 20.7316 20
17834100 20.4131 20
17834200 20.4716 20
17834300 20.2522 20
17834400 19.8131 20
17834500 19.8797 20
17834600 20.0372 20
17834700 19.8888 20
17834800 19.7151 20
17834900 19.7686 20
17835000 19.9828 20
17835100 20.1541 20
17835200 20.0481 20
17835300 19.9252 20
17835400 19.9178 20
17835500 20.0118 20
17835600 20.4378 20
17835700 20.3979 20
17835800 20.4423 20
17835900 20.6989 20
17836000 20.7774 20
17836100 20.8469 20
17836200 20.4858 20
17836300 19.9961 20
17836400 19.8884 20
17836500 19.9696 20
17836600 19.8585 20
17836700 19.6244 20
17836800 19.7261 20
17836900 20.0179 20
17837000 20.1495 20
17837100 20.4744 20
17837200 20.1857 20
17837300 20.1987 20
17837400 20.1304 20
17837500 19.8877 20
17837600 19.8087 20
17837700 19.6501 20
17837800 19.792 20
17837900 20.0225 20
17838000 20.2465 20
17838100 20.0846 20
17838200 19.7024 20
17838300 19.4286 20
17838400 19.3868 20
17838500 19.2513 20
17838600 19.4031 20
17838700 19.7472 20
17838800 19.9649 20
17838900 20.0104 20
17839000 19.9135 20
17839100 19.8332 20
17839200 20.3285 20
17839300 20.7322 20
17839400 20.6841 20
17839500 20.758 20
17839600 20.506 20
17839700 19.7573 20
17839800 19.3856 20
17839900 19.4048 20
17840000 19.7686 20
17840100 19.7729 20
17840200 19.7903 20
17840300 19.5787 20
17840400 19.5032 20
17840500 19.5191 20
17840600 19.6307 20
17840700 19.8659 20
17840800 19.6777 20
17840900 19.6183 20
17841000 20.2358 20
17841100 20.3891 20
17841200 20.7017 20
17841300 20.826 20
17841400 20.6069 20
17841500 20.76 20
17841600 20.4177 20
17841700 19.8805 20
17841800 19.7303 20
17841900 20.15 20
17842000 20.4497 20
17842100 20.4004 20
17842200 20.3796 20
17842300 20.0342 20
17842400 19.9919 20
17842500 19.915 20
17842600 19.5933 20
17842700 19.7085 20
17842800 20.0334 20
17842900 20.2183 20
17843000 20.7313 20
17843100 20.8506 20
17843200 20.8127 20
17843300 20.3345 20
17843400 19.8599 20
17843500 20.022 20
17843600 19.9685 20
17843700 19.8811 20
17843800 20.1145 20
17843900 20.0706 20
17844000 20.3192 20
17844100 20.5021 20
17844200 20.5682 20
17844300 20.4078 20
17844400 20.4387 20
17844500 20.4985 20
17844600 20.2934 20
17844700 20.2303 20
17844800 19.8837 20
17844900 19.9158 20
17845000 19.7886 20
17845100 19.8488 20
17845200 20.1283 20
17845300 20.1688 20
17845400 19.878 20
17845500 19.7488 20
17845600 19.6366 20
17845700 19.4933 20
17845800 19.5912 20
17845900 19.9471 20
17846000 19.986 20
17846100 20.003 20
17846200 19.7689 20
17846300 19.7238 20
17846400 19.943 20
17846500 20.0971 20
17846600 19.958 20
17846700 19.911 20
17846800 19.4641 20
17846900 18.9017 20
17847000 18.9527 20
17847100 19.0904 20
17847200 19.0651 20
17847300 19.2073 20
17847400 19.5915 20
17847500 20.0889 20
17847600 20.2706 20
17847700 20.2944 20
17847800 20.4008 20
17847900 20.1482 20
17848000 20.2833 20
17848100 20.6054 20
17848200 20.797 20
17848300 20.7603 20
17848400 20.9886 20
17848500 20.9154 20
17848600 20.5736 20
17848700 20.1181 20
17848800 19.8582 20
17848900 19.8142 20
17849000 19.6687 20
17849100 19.8469 20
17849200 20.1264 20
17849300 20.1617 20
17849400 20.1733 20
17849500 19.8817 20
17849600 19.9776 20
17849700 20.0671 20
17849800 20.1175 20
17849900 20.3563 20
17850000 20.518 20
17850100 20.7616 20
17850200 20.9689 20
17850300 20.9823 20
17850400 20.7809 20
17850500 20.519 20
17850600 20.1209 20
17850700 19.4537 20
17850800 19.5293 20
17850900 19.6753 20
17851000 19.3496 20
17851100 19.47 20
17851200 19.6768 20
17851300 19.9118 20
17851400 20.1762 20
17851500 20.3125 20
17851600 20.4066 20
17851700 20.3837 20
17851800 20.1927 20
17851900 19.916 20
17852000 19.5748 20
17852100 19.4666 20
17852200 19.8983 20
17852300 20.3159 20
17852400 20.143 20
17852500 19.9974 20
17852600 19.6065 20
17852700 19.4886 20
17852800 19.451 20
17852900 19.6338 20
17853000 19.82 20
17853100 20.1745 20
17853200 20.2089 20
17853300 20.264 20
17853400 20.2658 20
17853500 20.5738 20
17853600 20.4768 20
17853700 20.3102 20
17853800 20.3398 20
17853900 20.4374 20
17854000 20.4016 20
17854100 19.8665 20
17854200 19.5193 20
17854300 19.5889 20
17854400 19.6257 20
17854500 19.4536 20
17854600 19.4186 20
17854700 19.531 20
17854800 19.5464 20
17854900 19.3937 20
17855000 19.2 20
17855100 19.1436 20
17855200 19.2845 20
17855300 19.3782 20
17855400 19.606 20
17855500 20.0007 20
17855600 20.1349 20
17855700 20.0585 20
17855800 19.8542 20
17855900 19.6973 20
17856000 19.8103 20
17856100 19.7335 20
17856200 19.5727 20
17856300 19.2795 20
17856400 19.0228 20
17856500 19.2864 20
17856600 19.3856 20
17856700 19.173 20
17856800 19.3987 20
17856900 19.5322 20
17857000 19.5812 20
17857100 19.7464 20
17857200 19.996 20
17857300 20.2688 20
17857400 20.6206 20
17857500 20.7374 20
17857600 20.6422 20
17857700 20.417 20
17857800 20.2782 20
17857900 20.2295 20
17858000 20.4401 20
17858100 20.6201 20
17858200 20.4092 20
17858300 19.7805 20
17858400 19.2929 20
17858500 19.3156 20
17858600 19.9285 20
17858700 19.9476 20
17858800 19.9877 20
17858900 19.8582 20
17859000 19.5735 20
17859100 19.4966 20
17859200 19.6616 20
17859300 19.7783 20
17859400 20.0785 20
17859500 20.4488 20
17859600 20.3432 20
17859700 20.2491 20
17859800 19.7207 20
17859900 19.5396 20
17860000 19.6846 20
17860100 19.5829 20
17860200 19.4157 20
17860300 19.122 20
17860400 19.2154 20
17860500 19.3705 20
17860600 19.6483 20
17860700 19.7856 20
17860800 19.9715 20
17860900 19.944 20
17861000 20.0735 20
17861100 20.3309 20
17861200 20.6118 20
17861300 20.5984 20
17861400 19.9078 20
17861500 19.397 20
17861600 19.5475 20
17861700 19.7868 20
17861800 19.6774 20
17861900 19.3677 20
17862000 19.4077 20
17862100 19.2058 20
17862200 18.9084 20
17862300 19.094 20
17862400 19.2854 20
17862500 19.2414 20
17862600 19.6944 20
17862700 19.9249 20
17862800 19.851 20
17862900 19.8339 20
17863000 19.9854 20
17863100 20.4747 20
17863200 20.4342 20
17863300 19.9727 20
17863400 19.9131 20
17863500 19.9745 20
17863600 19.8144 20
17863700 19.9212 20
17863800 19.9932 20
17863900 20.0177 20
17864000 19.8763 20
17864100 19.9015 20
17864200 19.9822 20
17864300 19.7552 20
17864400 19.5883 20
17864500 19.5246 20
17864600 19.6538 20
17864700 19.8781 20
17864800 19.8412 20
17864900 20.0497 20
17865000 20.1049 20
17865100 20.1066 20
17865200 19.909 20
17865300 19.6765 20
17865400 19.7929 20
17865500 19.7215 20
17865600 19.7515 20
17865700 19.5448 20
17865800 19.721 20
17865900 19.8355 20
17866000 19.9426 20
17866100 20.0719 20
17866200 20.4127 20
17866300 20.3816 20
17866400 20.3123 20
17866500 20.5244 20
17866600 20.6395 20
17866700 20.585 20
17866800 20.4251 20
17866900 20.0778 20
17867000 20.0362 20
17867100 20.1967 20
17867200 20.1538 20
17867300 20.3455 20
17867400 20.1443 20
17867500 19.9592 20
17867600 20.0641 20
17867700 20.1342 20
17867800 20.1548 20
17867900 20.0651 20
17868000 19.923 20
17868100 19.8667 20
17868200 19.9 20
17868300 19.9349 20
17868400 19.8395 20
17868500 19.9834 20
17868600 20.3076 20
17868700 20.3021 20
17868800 20.3198 20
17868900 20.3069 20
17869000 20.2664 20
17869100 20.2507 20
17869200 20.6355 20
17869300 20.8302 20
17869400 20.5809 20
17869500 20.4492 20
17869600 20.2823 20
17869700 19.9201 20
17869800 19.8373 20
17869900 20.0194 20
17870000 20.0226 20
17870100 19.7392 20
17870200 19.6184 20
17870300 19.5452 20
17870400 19.6364 20
17870500 19.4974 20
17870600 19.7784 20
17870700 19.5416 20
17870800 19.4883 20
17870900 19.6528 20
17871000 19.9734 20
17871100 20.1746 20
17871200 20.0654 20
17871300 19.9575 20
17871400 19.7549 20
17871500 19.8059 20
17871600 19.9081 20
17871700 19.671 20
17871800 19.5716 20
17871900 19.5739 20
17872000 19.9869 20
17872100 20.0361 20
17872200 19.9223 20
17872300 20.0449 20
17872400 20.1247 20
17872500 19.8903 20
17872600 19.7706 20
17872700 19.5725 20
17872800 19.3972 20
17872900 19.0794 20
17873000 18.8989 20
17873100 19.2437 20
17873200 19.5227 20
17873300 19.6255 20
17873400 19.6226 20
17873500 19.7965 20
17873600 20.3451 20
17873700 20.5587 20
17873800 20.4333 20
17873900 20.1571 20
17874000 20.3517 20
17874100 20.551 20
17874200 20.5153 20
17874300 20.4944 20
17874400 20.6162 20
17874500 20.7095 20
17874600 20.6815 20
17874700 20.656 20
17874800 20.7088 20
17874900 20.8499 20
17875000 20.8728 20
17875100 20.8248 20
17875200 20.6664 20
17875300 20.1966 20
17875400 20.0944 20
17875500 20.4291 20
17875600 20.3875 20
17875700 20.2021 20
17875800 19.859 20
17875900 19.6292 20
17876000 19.6812 20
17876100 19.7986 20
17876200 19.7589 20
17876300 19.5342 20
17876400 19.5768 20
17876500 19.543 20
17876600 19.669 20
17876700 20.1117 20
17876800 20.3243 20
17876900 20.391 20
17877000 20.3669 20
17877100 20.1522 20
17877200 19.9946 20
17877300 19.8173 20
17877400 19.5931 20
17877500 19.9371 20
17877600 20.3108 20
17877700 20.3948 20
17877800 19.9659 20
17877900 19.5803 20
17878000 19.3996 20
17878100 19.5115 20
17878200 19.7449 20
17878300 19.8574 20
17878400 20.0428 20
17878500 19.9642 20
17878600 19.8845 20
17878700 20.0476 20
17878800 20.1447 20
17878900 19.8269 20
17879000 19.6826 20
17879100 19.5711 20
17879200 19.5469 20
17879300 19.8201 20
17879400 19.6509 20
17879500 19.4856 20
17879600 19.8484 20
17879700 20.051 20
17879800 19.9686 20
17879900 19.7318 20
17880000 20.0982 20
17880100 20.5993 20
17880200 20.707 20
17880300 20.843 20
17880400 20.6382 20
17880500 20.4389 20
17880600 20.3748 20
17880700 20.4183 20
17880800 20.323 20
17880900 20.1051 20
17881000 20.1257 20
17881100 19.9293 20
17881200 19.9596 20
17881300 19.6321 20
17881400 19.4827 20
17881500 19.587 20
17881600 19.8821 20
17881700 20.029 20
17881800 20.0171 20
17881900 19.9135 20
17882000 19.7906 20
17882100 19.8258 20
17882200 20.0858 20
17882300 20.4422 20
17882400 20.1669 20
17882500 20.1723 20
17882600 20.3891 20
17882700 20.3604 20
17882800 20.3574 20
17882900 20.1985 20
17883000 20.2087 20
17883100 20.2635 20
17883200 20.4195 20
17883300 20.4657 20
17883400 20.3778 20
17883500 20.4517 20
17883600 20.3464 20
17883700 20.1367 20
17883800 20.1895 20
17883900 20.2065 20
17884000 19.9204 20
17884100 19.9925 20
17884200 19.8394 20
17884300 19.5681 20
17884400 19.773 20
17884500 19.8866 20
17884600 20.1005 20
17884700 20.3503 20
17884800 20.1487 20
17884900 20.0547 20
17885000 20.0494 20
17885100 19.7073 20
17885200 19.5681 20
17885300 19.6422 20
17885400 19.745 20
17885500 19.8249 20
17885600 20.1799 20
17885700 20.2954 20
17885800 20.5074 20
17885900 19.9298 20
17886000 19.8201 20
17886100 20.2243 20
17886200 20.4165 20
17886300 20.2883 20
17886400 20.4363 20
17886500 20.5674 20
17886600 20.7237 20
17886700 20.6274 20
17886800 20.3241 20
17886900 20.073 20
17887000 19.9033 20
17887100 19.8559 20
17887200 19.9915 20
17887300 20.2689 20
17887400 20.2843 20
17887500 20.2008 20
17887600 20.3386 20
17887700 20.5844 20
17887800 20.4138 20
17887900 20.2568 20
17888000 20.0837 20
17888100 20.2512 20
17888200 20.4566 20
17888300 20.6136 20
17888400 20.7531 20
17888500 20.7096 20
17888600 20.6558 20
17888700 20.6759 20
17888800 20.5236 20
17888900 20.5606 20
17889000 20.4544 20
17889100 20.3414 20
17889200 20.0264 20
17889300 20.0157 20
17889400 20.1186 20
17889500 20.1259 20
17889600 20.0773 20
17889700 20.0471 20
17889800 20.2662 20
17889900 20.377 20
17890000 20.5073 20
17890100 20.1874 20
17890200 19.8136 20
17890300 19.6069 20
17890400 20.1147 20
17890500 20.5564 20
17890600 20.5165 20
17890700 20.5964 20
17890800 20.4043 20
17890900 20.4093 20
17891000 20.7592 20
17891100 20.6914 20
17891200 20.5372 20
17891300 20.3359 20
17891400 20.1471 20
17891500 19.9562 20
17891600 19.7842 20
17891700 19.9398 20
17891800 19.9091 20
17891900 19.7034 20
17892000 19.4905 20
17892100 19.3093 20
17892200 19.3424 20
17892300 19.3969 20
17892400 19.7054 20
17892500 19.7179 20
17892600 19.8108 20
17892700 19.7768 20
17892800 19.625 20
17892900 19.4569 20
17893000 19.5535 20
17893100 19.7034 20
17893200 19.8405 20
17893300 19.9328 20
17893400 19.624 20
17893500 19.4777 20
17893600 19.7347 20
17893700 19.5404 20
17893800 19.7739 20
17893900 20.0584 20
17894000 19.9961 20
17894100 19.7906 20
17894200 19.8872 20
17894300 20.1653 20
17894400 20.1645 20
17894500 19.9113 20
17894600 20.0697 20
17894700 20.1748 20
17894800 19.6829 20
17894900 19.4948 20
17895000 19.6713 20
17895100 19.8406 20
17895200 19.6864 20
17895300 19.62 20
17895400 19.9352 20
17895500 20.1945 20
17895600 20.1908 20
17895700 20.1841 20
17895800 20.498 20
17895900 20.8358 20
17896000 20.7829 20
17896100 20.4574 20
17896200 20.531 20
17896300 20.8994 20
17896400 20.8212 20
17896500 20.3467 20
17896600 19.9866 20
17896700 19.9467 20
17896800 20.1597 20
17896900 20.1359 20
17897000 19.7926 20
17897100 19.2381 20
17897200 19.7069 20
17897300 20.2293 20
17897400 20.1103 20
17897500 19.9883 20
17897600 19.8101 20
17897700 19.6564 20
17897800 19.7805 20
17897900 20.1727 20
17898000 20.1911 20
17898100 20.4901 20
17898200 20.5212 20
17898300 20.4669 20
17898400 20.2924 20
17898500 19.8731 20
17898600 19.8494 20
17898700 19.8731 20
17898800 20.0073 20
17898900 20.0918 20
17899000 19.7119 20
17899100 19.54 20
17899200 19.4751 20
17899300 19.6744 20
17899400 19.9598 20
17899500 19.7936 20
17899600 19.6937 20
17899700 19.3854 20
17899800 18.922 20
17899900 19.0827 20
17900000 19.371 20
17900100 19.5122 20
17900200 19.6208 20
17900300 19.6171 20
17900400 19.6841 20
17900500 20.0484 20
17900600 20.1761 20
17900700 19.7892 20
17900800 19.5127 20
17900900 19.2802 20
17901000 19.4767 20
17901100 19.9604 20
17901200 20.0788 20
17901300 19.8988 20
17901400 19.8181 20
17901500 19.7764 20
17901600 19.5002 20
17901700 19.4719 20
17901800 19.7089 20
17901900 19.8121 20
17902000 20.1361 20
17902100 20.467 20
17902200 20.8003 20
17902300 20.8184 20
17902400 20.7125 20
17902500 20.6212 20
17902600 20.3418 20
17902700 20.162 20
17902800 19.9198 20
17902900 19.7652 20
17903000 19.8455 20
17903100 20.0006 20
17903200 19.9435 20
17903300 19.7958 20
17903400 19.6059 20
17903500 19.3145 20
17903600 19.3255 20
17903700 19.6939 20
17903800 19.929 20
17903900 20.2875 20
17904000 20.075 20
17904100 19.6265 20
17904200 19.5859 20
17904300 19.447 20
17904400 19.3382 20
17904500 19.4697 20
17904600 19.5132 20
17904700 19.8833 20
17904800 19.9786 20
17904900 19.9565 20
17905000 20.1829 20
17905100 20.4619 20
17905200 20.683 20
17905300 20.4271 20
17905400 19.9872 20
17905500 19.843 20
17905600 19.9651 20
17905700 19.934 20
17905800 19.7881 20
17905900 19.7316 20
17906000 19.8101 20
17906100 19.9479 20
17906200 20.1842 20
17906300 20.1844 20
17906400 20.5603 20
17906500 20.9296 20
17906600 20.5813 20
17906700 20.2189 20
17906800 19.9942 20
17906900 19.7377 20
17907000 19.8717 20
17907100 20.2485 20
17907200 20.4807 20
17907300 20.453 20
17907400 20.3416 20
17907500 20.19 20
17907600 20.0482 20
17907700 20.2039 20
17907800 20.1995 20
17907900 20.5047 20
17908000 20.4598 20
17908100 20.3049 20
17908200 20.4685 20
17908300 20.4164 20
17908400 20.027 20
17908500 19.7984 20
17908600 19.8298 20
17908700 20.0829 20
17908800 20.2658 20
17908900 20.3257 20
17909000 19.8584 20
17909100 19.7122 20
17909200 19.9715 20
17909300 20.1643 20
17909400 20.191 20
17909500 20.0501 20
17909600 20.082 20
17909700 20.2217 20
17909800 20.0694 20
17909900 20.1307 20
17910000 20.2448 20
17910100 20.6332 20
17910200 20.7672 20
17910300 20.406 20
17910400 20.4433 20
17910500 20.5618 20
17910600 20.4526 20
17910700 19.8863 20
17910800 19.3161 20
17910900 19.1874 20
17911000 18.9802 20
17911100 19.0382 20
17911200 19.3323 20
17911300 19.4776 20
17911400 19.6603 20
17911500 19.5239 20
17911600 19.5985 20
17911700 19.638 20
17911800 19.9529 20
17911900 19.9461 20
17912000 20.0436 20
17912100 20.0922 20
17912200 19.7129 20
17912300 19.4899 20
17912400 19.5715 20
17912500 19.8191 20
17912600 19.7786 20
17912700 19.6407 20
17912800 19.7497 20
17912900 20.0506 20
17913000 20.4324 20
17913100 20.7016 20
17913200 20.5749 20
17913300 20.1961 20
17913400 20.0797 20
17913500 20.2634 20
17913600 20.1885 20
17913700 20.0389 20
17913800 19.9762 20
17913900 20.1765 20
17914000 20.3065 20
17914100 20.1762 20
17914200 20.0212 20
17914300 19.869 20
17914400 19.9623 20
17914500 19.9632 20
17914600 19.8284 20
17914700 19.5976 20
17914800 19.6689 20
17914900 19.796 20
17915000 19.8885 20
17915100 20.0698 20
17915200 20.1289 20
17915300 19.89 20
17915400 19.9496 20
17915500 19.9171 20
17915600 19.7891 20
17915700 19.8385 20
17915800 20.0448 20
17915900 20.0184 20
17916000 20.2543 20
17916100 20.3707 20
17916200 20.1401 20
17916300 19.9368 20
17916400 20.0939 20
17916500 20.2905 20
17916600 20.055 20
17916700 19.9272 20
17916800 19.9874 20
17916900 20.0859 20
17917000 20.2474 20
17917100 20.3222 20
17917200 20.3226 20
17917300 20.53 20
17917400 20.5277 20
17917500 20.4364 20
17917600 20.3498 20
17917700 19.9169 20
17917800 20.1481 20
17917900 20.1541 20
17918000 19.9904 20
17918100 20.001 20
17918200 19.856 20
17918300 19.6744 20
17918400 19.7761 20
17918500 19.8797 20
17918600 20.3269 20
17918700 20.4194 20
17918800 20.5385 20
17918900 20.3213 20
17919000 20.0948 20
17919100 19.9328 20
17919200 19.9948 20
17919300 20.2135 20
17919400 19.904 20
17919500 19.6343 20
17919600 19.7769 20
17919700 19.7802 20
17919800 19.7696 20
17919900 19.7086 20
17920000 19.9844 20
17920100 20.0619 20
17920200 20.1608 20
17920300 19.7478 20
17920400 19.5419 20
17920500 19.9457 20
17920600 19.9285 20
17920700 19.8301 20
17920800 19.8521 20
17920900 19.5577 20
17921000 19.3451 20
17921100 19.2181 20
17921200 19.5309 20
17921300 19.6833 20
17921400 19.911 20
17921500 20.4531 20
17921600 20.7259 20
17921700 20.4722 20
17921800 19.9537 20
17921900 20.0097 20
17922000 19.9998 20
17922100 19.5051 20
17922200 19.1549 20
17922300 19.1119 20
17922400 19.0916 20
17922500 19.0267 20
17922600 19.1324 20
17922700 19.4123 20
17922800 19.5409 20
17922900 19.5764 20
17923000 19.7221 20
17923100 19.5673 20
17923200 19.546 20
17923300 19.7013 20
17923400 19.8794 20
17923500 19.8956 20
17923600 19.7803 20
17923700 19.6088 20
17923800 19.4553 20
17923900 19.8612 20
17924000 20.031 20
17924100 19.7248 20
17924200 19.6883 20
17924300 20.0108 20
17924400 20.2371 20
17924500 19.9992 20
17924600 19.7569 20
17924700 19.62 20
17924800 19.4891 20
17924900 19.7125 20
17925000 19.9647 20
17925100 19.9349 20
17925200 19.9895 20
17925300 20.3976 20
17925400 20.4543 20
17925500 20.4608 20
17925600 20.1844 20
17925700 19.9391 20
17925800 19.9271 20
17925900 20.0494 20
17926000 19.7865 20
17926100 19.9613 20
17926200 20.2626 20
17926300 20.4601 20
17926400 20.4554 20
17926500 20.0915 20
17926600 19.7272 20
17926700 19.3373 20
17926800 18.9383 20
17926900 19.0132 20
17927000 19.3741 20
17927100 19.5816 20
17927200 19.7889 20
17927300 19.8651 20
17927400 19.809 20
17927500 20.0127 20
17927600 20.0435 20
17927700 20.1855 20
17927800 20.1209 20
17927900 19.7281 20
17928000 19.5239 20
17928100 19.4293 20
17928200 19.1982 20
17928300 19.3081 20
17928400 19.5686 20
17928500 19.6102 20
17928600 19.6966 20
17928700 19.8705 20
17928800 19.714 20
17928900 19.7893 20
17929000 19.7865 20
17929100 19.9362 20
17929200 20.0393 20
17929300 20.3313 20
17929400 20.3014 20
17929500 20.0366 20
17929600 19.6898 20
17929700 19.3697 20
17929800 19.5074 20
17929900 19.6175 20
17930000 19.4907 20
17930100 19.3774 20
17930200 19.8174 20
17930300 19.8903 20
17930400 19.9619 20
17930500 19.8112 20
17930600 19.5894 20
17930700 19.8786 20
17930800 20.2993 20
17930900 20.1996 20
17931000 20.171 20
17931100 20.5313 20
17931200 21.0672 20
17931300 21.1463 20
17931400 20.7935 20
17931500 20.5549 20
17931600 20.3888 20
17931700 19.9576 20
17931800 19.8349 20
17931900 19.8169 20
17932000 19.9099 20
17932100 20.1692 20
17932200 19.942 20
17932300 19.8438 20
17932400 20.1459 20
17932500 20.3289 20
17932600 20.3099 20
17932700 20.315 20
17932800 20.2464 20
17932900 20.2348 20
17933000 20.0736 20
17933100 19.9529 20
17933200 19.4467 20
17933300 19.0949 20
17933400 19.3647 20
17933500 19.3526 20
17933600 19.0801 20
17933700 19.2623 20
17933800 19.7915 20
17933900 20.44 20
17934000 20.4357 20
17934100 20.4784 20
17934200 20.785 20
17934300 20.6514 20
17934400 20.3579 20
17934500 19.9965 20
17934600 19.8838 20
17934700 20.2864 20
17934800 20.7447 20
17934900 20.9174 20
17935000 20.6694 20
17935100 20.8744 20
17935200 20.707 20
17935300 20.1746 20
17935400 20.0137 20
17935500 20.0612 20
17935600 20.1318 20
17935700 20.4625 20
17935800 20.4202 20
17935900 20.277 20
17936000 20.1093 20
17936100 19.7587 20
17936200 19.4207 20
17936300 19.2848 20
17936400 19.5127 20
17936500 19.1806 20
17936600 18.6721 20
17936700 18.8538 20
17936800 19.3117 20
17936900 19.6029 20
17937000 20.0153 20
17937100 20.0227 20
17937200 20.2416 20
17937300 20.1362 20
17937400 19.7949 20
17937500 19.6017 20
17937600 19.5574 20
17937700 19.8335 20
17937800 20.3713 20
17937900 20.2431 20
17938000 20.0452 20
17938100 20.1254 20
17938200 20.1388 20
17938300 20.1436 20
17938400 20.5743 20
17938500 20.5015 20
17938600 20.1623 20
17938700 20.0573 20
17938800 19.7584 20
17938900 19.6871 20
17939000 20.0311 20
17939100 20.2234 20
17939200 20.0661 20
17939300 20.038 20
17939400 20.2375 20
17939500 20.2104 20
17939600 20.2307 20
17939700 20.0382 20
17939800 19.6893 20
17939900 19.5461 20
17940000 19.6195 20
17940100 19.9015 20
17940200 20.0543 20
17940300 20.0228 20
17940400 20.2559 20
17940500 20.1921 20
17940600 20.0798 20
17940700 19.988 20
17940800 20.0247 20
17940900 19.9094 20
17941000 19.8257 20
17941100 20.0207 20
17941200 20.2591 20
17941300 20.2217 20
17941400 20.2202 20
17941500 20.1177 20
17941600 20.3003 20
17941700 20.0886 20
17941800 19.9825 20
17941900 19.6419 20
17942000 19.5596 20
17942100 19.271 20
17942200 19.3304 20
17942300 19.9377 20
17942400 20.35 20
17942500 20.696 20
17942600 20.6855 20
17942700 21.0896 20
17942800 20.8897 20
17942900 20.8352 20
17943000 20.524 20
17943100 20.2847 20
17943200 20.089 20
17943300 19.8802 20
17943400 19.6131 20
17943500 19.7576 20
17943600 20.0277 20
17943700 20.249 20
17943800 20.3394 20
17943900 20.6741 20
17944000 20.9008 20
17944100 20.3838 20
17944200 20.1391 20
17944300 20.2186 20
17944400 20.1383 20
17944500 20.1117 20
17944600 19.8312 20
17944700 19.8576 20
17944800 20.0139 20
17944900 20.1929 20
17945000 20.1299 20
17945100 20.1632 20
17945200 20.2081 20
17945300 19.9221 20
17945400 19.5478 20
17945500 19.2965 20
17945600 19.3487 20
17945700 19.4398 20
17945800 19.7182 20
17945900 19.6939 20
17946000 19.4969 20
17946100 19.4303 20
17946200 19.7959 20
17946300 19.8857 20
17946400 19.2992 20
17946500 19.1804 20
17946600 19.6104 20
17946700 19.8568 20
17946800 19.9732 20
17946900 20.3145 20
17947000 20.4878 20
17947100 20.4942 20
17947200 20.3653 20
17947300 20.1854 20
17947400 20.2423 20
17947500 20.223 20
17947600 20.1965 20
17947700 20.1361 20
17947800 20.2173 20
17947900 20.4185 20
17948000 20.6296 20
17948100 20.0679 20
17948200 19.5685 20
17948300 19.506 20
17948400 19.5086 20
17948500 19.6881 20
17948600 19.7537 20
17948700 19.7867 20
17948800 19.5976 20
17948900 19.7327 20
17949000 20.0845 20
17949100 19.9457 20
17949200 19.9651 20
17949300 20.2081 20
17949400 20.3455 20
17949500 20.6536 20
17949600 20.5105 20
17949700 20.3158 20
17949800 20.1825 20
17949900 19.9844 20
17950000 19.846 20
17950100 19.7239 20
17950200 19.6486 20
17950300 19.6217 20
17950400 19.4918 20
17950500 19.5398 20
17950600 19.8052 20
17950700 20.3539 20
17950800 20.4559 20
17950900 20.2839 20
17951000 20.2439 20
17951100 20.0186 20
17951200 19.8043 20
17951300 19.6839 20
17951400 20.0756 20
17951500 20.2798 20
17951600 19.9419 20
17951700 20.0047 20
17951800 20.2151 20
17951900 19.9501 20
17952000 19.8525 20
17952100 19.6454 20
17952200 19.5579 20
17952300 19.3483 20
17952400 19.5291 20
17952500 19.6294 20
17952600 19.3858 20
17952700 19.0051 20
17952800 19.1392 20
17952900 19.5435 20
17953000 19.9997 20
17953100 19.9609 20
17953200 19.7841 20
17953300 19.6791 20
17953400 19.5858 20
17953500 19.4369 20
17953600 19.2788 20
17953700 19.4181 20
17953800 19.4487 20
17953900 19.4539 20
17954000 19.2722 20
17954100 19.3508 20
17954200 19.6978 20
17954300 19.875 20
17954400 20.0552 20
17954500 20.4608 20
17954600 20.6761 20
17954700 20.5718 20
17954800 20.2447 20
17954900 19.9829 20
17955000 19.8201 20
17955100 19.6489 20
17955200 19.4382 20
17955300 19.2706 20
17955400 19.5184 20
17955500 19.8298 20
17955600 20.025 20
17955700 20.3054 20
17955800 20.141 20
17955900 19.8543 20
17956000 19.5803 20
17956100 19.3943 20
17956200 19.6082 20
17956300 19.7887 20
17956400 19.9387 20
17956500 19.9 20
17956600 19.8192 20
17956700 19.7522 20
17956800 19.4836 20
17956900 19.5468 20
17957000 19.807 20
17957100 19.7965 20
17957200 19.7192 20
17957300 20.0018 20
17957400 19.9759 20
17957500 20.0161 20
17957600 20.4237 20
17957700 20.3754 20
17957800 20.2629 20
17957900 20.1272 20
17958000 20.2409 20
17958100 20.5093 20
17958200 20.5888 20
17958300 20.6428 20
17958400 20.894 20
17958500 21.0236 20
17958600 20.9066 20
17958700 20.5123 20
17958800 20.4639 20
17958900 20.4375 20
17959000 20.0223 20
17959100 19.8572 20
17959200 19.7751 20
17959300 19.6003 20
17959400 19.3761 20
17959500 19.3524 20
17959600 19.5439 20
17959700 19.8556 20
17959800 19.8755 20
17959900 19.8388 20
17960000 19.815 20
17960100 19.6178 20
17960200 19.5168 20
17960300 19.6047 20
17960400 20.0571 20
17960500 19.9927 20
17960600 19.9297 20
17960700 19.7634 20
17960800 19.7725 20
17960900 19.9131 20
17961000 19.7103 20
17961100 19.6679 20
17961200 19.8848 20
17961300 20.2066 20
17961400 20.1211 20
17961500 19.781 20
17961600 19.6037 20
17961700 19.8392 20
17961800 20.0368 20
17961900 20.4748 20
17962000 20.6517 20
17962100 20.4618 20
17962200 20.2583 20
17962300 20.065 20
17962400 19.9568 20
17962500 19.9949 20
17962600 20.2801 20
17962700 20.6118 20
17962800 20.6459 20
17962900 20.6117 20
17963000 20.6937 20
17963100 20.543 20
17963200 20.391 20
17963300 20.2872 20
17963400 20.2011 20
17963500 19.8965 20
17963600 19.5623 20
17963700 19.4344 20
17963800 19.3342 20
17963900 19.3573 20
17964000 19.329 20
17964100 19.4209 20
17964200 19.5687 20
17964300 19.7286 20
17964400 19.9187 20
17964500 20.3322 20
17964600 20.6023 20
17964700 20.7012 20
17964800 20.823 20
17964900 20.9305 20
17965000 20.8992 20
17965100 20.6596 20
17965200 20.5178 20
17965300 20.4221 20
17965400 20.5195 20
17965500 20.2745 20
17965600 20.4503 20
17965700 20.234 20
17965800 20.232 20
17965900 20.1659 20
17966000 19.709 20
17966100 19.3382 20
17966200 19.4658 20
17966300 19.6733 20
17966400 19.9234 20
17966500 19.8698 20
17966600 19.6346 20
17966700 19.6744 20
17966800 19.7262 20
17966900 20.004 20
17967000 19.9243 20
17967100 20.0499 20
17967200 20.2394 20
17967300 20.1135 20
17967400 20.0613 20
17967500 19.9556 20
17967600 19.6755 20
17967700 19.7963 20
17967800 19.9262 20
17967900 20.3443 20
17968000 20.3969 20
17968100 20.1895 20
17968200 19.8627 20
17968300 19.8672 20
17968400 19.7868 20
17968500 19.7289 20
17968600 19.8789 20
17968700 19.9544 20
17968800 19.7783 20
17968900 19.9026 20
17969000 19.9762 20
17969100 20.1211 20
17969200 20.1903 20
17969300 19.9886 20
17969400 19.7771 20
17969500 19.964 20
17969600 20.2107 20
17969700 20.3435 20
17969800 20.3629 20
17969900 20.0244 20
17970000 19.5785 20
17970100 19.2774 20
17970200 19.0408 20
17970300 19.2033 20
17970400 19.8111 20
17970500 19.91 20
17970600 19.7852 20
17970700 19.7282 20
17970800 19.7459 20
17970900 19.8647 20
17971000 19.7897 20
17971100 19.6678 20
17971200 20.0883 20
17971300 20.1954 20
17971400 20.5653 20
17971500 20.7193 20
17971600 20.6422 20
17971700 20.5687 20
17971800 20.2768 20
17971900 20.0828 20
17972000 19.9561 20
17972100 19.9033 20
17972200 19.7269 20
17972300 19.7881 20
17972400 19.8911 20
17972500 20.0921 20
17972600 20.1393 20
17972700 20.408 20
17972800 20.3865 20
17972900 20.5652 20
17973000 20.6129 20
17973100 20.5117 20
17973200 20.7513 20
17973300 20.8464 20
17973400 20.4442 20
17973500 20.0554 20
17973600 19.7288 20
17973700 19.9185 20
17973800 19.7354 20
17973900 19.3953 20
17974000 19.3137 20
17974100 19.1745 20
17974200 19.1042 20
17974300 19.3231 20
17974400 19.6669 20
17974500 19.3287 20
17974600 19.072 20
17974700 19.397 20
17974800 19.7485 20
17974900 19.5841 20
17975000 19.6034 20
17975100 19.6702 20
17975200 19.6552 20
17975300 19.5216 20
17975400 19.4631 20
17975500 19.5878 20
17975600 19.5564 20
17975700 19.7841 20
17975800 20.0022 20
17975900 20.1685 20
17976000 20.2076 20
17976100 20.1256 20
17976200 20.0721 20
17976300 20.0408 20
17976400 20.0434 20
17976500 20.174 20
17976600 20.0729 20
17976700 20.0435 20
17976800 20.1457 20
17976900 20.131 20
17977000 20.198 20
17977100 20.0522 20
17977200 20.0955 20
17977300 19.996 20
17977400 19.4495 20
17977500 19.5845 20
17977600 19.8765 20
17977700 19.8882 20
17977800 20.0842 20
17977900 20.421 20
17978000 20.2399 20
17978100 20.2259 20
17978200 20.4967 20
17978300 20.7096 20
17978400 20.4136 20
17978500 19.9078 20
17978600 19.6792 20
17978700 19.5103 20
17978800 19.3239 20
17978900 19.4955 20
17979000 19.4603 20
17979100 19.4854 20
17979200 19.4441 20
17979300 19.4348 20
17979400 19.3474 20
17979500 19.5171 20
17979600 19.6725 20
17979700 19.6648 20
17979800 19.5917 20
17979900 19.6953 20
17980000 19.7533 20
17980100 19.8261 20
17980200 19.8448 20
17980300 19.8363 20
17980400 19.9301 20
17980500 20.1205 20
17980600 20.1814 20
17980700 20.1982 20
17980800 20.3875 20
17980900 20.4526 20
17981000 19.9586 20
17981100 19.6751 20
17981200 19.6515 20
17981300 19.6344 20
17981400 19.9133 20
17981500 19.9972 20
17981600 19.9794 20
17981700 20.1596 20
17981800 20.1384 20
17981900 19.9621 20
17982000 19.8506 20
17982100 19.8824 20
17982200 19.6669 20
17982300 19.6914 20
17982400 19.5372 20
17982500 19.413 20
17982600 19.6212 20
17982700 19.7723 20
17982800 20.1679 20
17982900 20.5256 20
17983000 20.5265 20
17983100 20.5159 20
17983200 20.4989 20
17983300 20.536 20
17983400 20.386 20
17983500 20.3068 20
17983600 20.1042 20
17983700 19.6697 20
17983800 19.4214 20
17983900 19.6807 20
17984000 19.9147 20
17984100 20.1128 20
17984200 20.184 20
17984300 20.2173 20
17984400 20.0265 20
17984500 20.0482 20
17984600 20.4026 20
17984700 20.6444 20
17984800 20.5003 20
17984900 20.6933 20
17985000 20.326 20
17985100 20.0934 20
17985200 20.1298 20
17985300 20.1612 20
17985400 20.5319 20
17985500 20.9187 20
17985600 20.9658 20
17985700 20.8314 20
17985800 20.2695 20
17985900 20.1052 20
17986000 19.9599 20
17986100 19.6727 20
17986200 19.8117 20
17986300 20.0997 20
17986400 20.0611 20
17986500 20.229 20
17986600 20.3685 20
17986700 20.264 20
17986800 20.2602 20
17986900 20.1343 20
17987000 19.8498 20
17987100 19.6206 20
17987200 19.6369 20
17987300 19.7352 20
17987400 19.752 20
17987500 19.9621 20
17987600 20.0498 20
17987700 19.8499 20
17987800 19.8681 20
17987900 19.8963 20
17988000 20.2834 20
17988100 20.4055 20
17988200 20.1545 20
17988300 20.0818 20
17988400 20.4369 20
17988500 20.4598 20
17988600 20.5615 20
17988700 20.3301 20
17988800 20.0591 20
17988900 20.1287 20
17989000 20.1338 20
17989100 20.0537 20
17989200 19.7634 20
17989300 20.0102 20
17989400 20.1692 20
17989500 19.9946 20
17989600 19.856 20
17989700 19.9193 20
17989800 19.8712 20
17989900 20.0012 20
17990000 20.07 20
17990100 19.887 20
17990200 19.7571 20
17990300 20.0344 20
17990400 20.3177 20
17990500 20.4211 20
17990600 20.3542 20
17990700 20.5271 20
17990800 20.1527 20
17990900 19.6508 20
17991000 19.8018 20
17991100 19.6867 20
17991200 19.394 20
17991300 19.6474 20
17991400 19.9412 20
17991500 19.8907 20
17991600 19.7833 20
17991700 19.8874 20
17991800 20.0709 20
17991900 19.8569 20
17992000 19.7532 20
17992100 19.7042 20
17992200 19.8281 20
17992300 19.6658 20
17992400 19.7558 20
17992500 19.5465 20
17992600 19.6141 20
17992700 19.7497 20
17992800 19.7648 20
17992900 19.6648 20
17993000 19.9256 20
17993100 20.0034 20
17993200 19.9468 20
17993300 19.9288 20
17993400 19.8293 20
17993500 19.9648 20
17993600 20.1935 20
17993700 20.401 20
17993800 20.6131 20
17993900 20.8856 20
17994000 20.7207 20
17994100 20.3764 20
17994200 19.9075 20
17994300 19.7343 20
17994400 20.0216 20
17994500 19.9905 20
17994600 19.9432 20
17994700 20.0409 20
17994800 20.0609 20
17994900 19.8757 20
17995000 19.6457 20
17995100 19.7221 20
17995200 19.7635 20
17995300 19.7111 20
17995400 19.6422 20
17995500 19.5738 20
17995600 19.4845 20
17995700 19.6474 20
17995800 19.7632 20
17995900 19.5692 20
17996000 19.4858 20
17996100 19.3818 20
17996200 19.5012 20
17996300 20.0992 20
17996400 20.1687 20
17996500 19.6899 20
17996600 19.5964 20
17996700 19.7935 20
17996800 19.972 20
17996900 20.1826 20
17997000 20.2085 20
17997100 20.0502 20
17997200 19.8393 20
17997300 19.6898 20
17997400 19.5772 20
17997500 19.7946 20
17997600 19.869 20
17997700 20.0793 20
17997800 20.0731 20
17997900 20.103 20
17998000 20.1629 20
17998100 20.1155 20
17998200 20.0613 20
17998300 19.9838 20
17998400 19.9283 20
17998500 19.5832 20
17998600 19.2769 20
17998700 19.4581 20
17998800 19.8 20
17998900 20.2773 20
17999000 20.4672 20
17999100 20.3305 20
17999200 20.2865 20
17999300 20.3561 20
17999400 20.1837 20
17999500 19.7417 20
17999600 19.8107 20
17999700 20.0807 20
17999800 20.2863 20
17999900 20.6882 20
18000000 20.6298 20
