# Time-averaged data for fix myat1
# TimeStep v_xave v_xdes
16200100 17.1003 16
16200200 16.8634 16
16200300 16.7483 16
16200400 16.5351 16
16200500 16.376 16
16200600 16.1779 16
16200700 16.2419 16
16200800 15.9855 16
16200900 15.7207 16
16201000 15.3996 16
16201100 15.2579 16
16201200 15.2048 16
16201300 15.4162 16
16201400 15.4297 16
16201500 15.2977 16
16201600 15.5249 16
16201700 15.9422 16
16201800 16.1718 16
16201900 16.4059 16
16202000 16.5365 16
16202100 16.4467 16
16202200 16.2812 16
16202300 16.0666 16
16202400 16.1439 16
16202500 16.2497 16
16202600 16.2752 16
16202700 16.3574 16
16202800 16.2727 16
16202900 15.9429 16
16203000 15.7648 16
16203100 15.7066 16
16203200 15.9305 16
16203300 16.1117 16
16203400 16.2557 16
16203500 16.0461 16
16203600 15.6778 16
16203700 15.3917 16
16203800 15.3219 16
16203900 15.1721 16
16204000 15.1575 16
16204100 15.2433 16
16204200 15.5387 16
16204300 16.0698 16
16204400 16.3495 16
16204500 16.4734 16
16204600 16.5069 16
16204700 16.2184 16
16204800 16.1396 16
16204900 16.2328 16
16205000 16.4722 16
16205100 16.522 16
16205200 16.6932 16
16205300 16.9764 16
16205400 16.7165 16
16205500 16.2557 16
16205600 16.1544 16
16205700 15.7321 16
16205800 15.6241 16
16205900 16.0034 16
16206000 16.1204 16
16206100 16.2174 16
16206200 16.1505 16
16206300 16.1422 16
16206400 15.8609 16
16206500 15.6275 16
16206600 15.1121 16
16206700 15.0014 16
16206800 15.1081 16
16206900 15.2422 16
16207000 15.3047 16
16207100 15.1242 16
16207200 15.4337 16
16207300 15.6679 16
16207400 16.1292 16
16207500 16.5489 16
16207600 16.4174 16
16207700 16.4244 16
16207800 16.1881 16
16207900 16.2049 16
16208000 15.9744 16
16208100 15.5957 16
16208200 15.4066 16
16208300 15.3752 16
16208400 15.7517 16
16208500 16.1956 16
16208600 16.1683 16
16208700 16.0157 16
16208800 15.8261 16
16208900 15.9957 16
16209000 16.3252 16
16209100 16.1708 16
16209200 16.0058 16
16209300 15.7272 16
16209400 15.8053 16
16209500 15.7518 16
16209600 15.5724 16
16209700 15.7132 16
16209800 16.2551 16
16209900 16.5795 16
16210000 16.4801 16
16210100 16.208 16
16210200 15.9077 16
16210300 16.043 16
16210400 15.9673 16
16210500 15.9324 16
16210600 15.8629 16
16210700 15.9168 16
16210800 16.2454 16
16210900 16.4864 16
16211000 16.5781 16
16211100 16.6615 16
16211200 16.5642 16
16211300 16.2344 16
16211400 15.9687 16
16211500 16.0165 16
16211600 16.1563 16
16211700 16.2436 16
16211800 16.2699 16
16211900 15.8327 16
16212000 15.6043 16
16212100 15.8106 16
16212200 15.7884 16
16212300 16.0376 16
16212400 16.2441 16
16212500 16.2401 16
16212600 16.4031 16
16212700 16.4145 16
16212800 16.396 16
16212900 16.6669 16
16213000 16.9466 16
16213100 16.5404 16
16213200 16.2476 16
16213300 15.8467 16
16213400 15.7764 16
16213500 15.991 16
16213600 16.041 16
16213700 15.8087 16
16213800 15.697 16
16213900 16.0026 16
16214000 16.1538 16
16214100 16.0621 16
16214200 15.946 16
16214300 15.8347 16
16214400 16.1382 16
16214500 16.223 16
16214600 16.1324 16
16214700 16.0215 16
16214800 16.0625 16
16214900 16.004 16
16215000 15.6308 16
16215100 15.7672 16
16215200 15.7077 16
16215300 15.7425 16
16215400 16.353 16
16215500 16.7684 16
16215600 16.8257 16
16215700 16.6032 16
16215800 16.6051 16
16215900 16.2819 16
16216000 15.8055 16
16216100 16.0362 16
16216200 16.3135 16
16216300 16.3147 16
16216400 16.5768 16
16216500 16.7016 16
16216600 16.3969 16
16216700 16.4641 16
16216800 16.321 16
16216900 15.9293 16
16217000 15.7111 16
16217100 15.7712 16
16217200 15.8042 16
16217300 15.9879 16
16217400 16.0273 16
16217500 15.8361 16
16217600 15.9414 16
16217700 16.0748 16
16217800 16.1253 16
16217900 16.1097 16
16218000 16.0163 16
16218100 15.871 16
16218200 16.1293 16
16218300 16.361 16
16218400 16.5214 16
16218500 16.2807 16
16218600 16.2559 16
16218700 16.2442 16
16218800 16.1551 16
16218900 16.1229 16
16219000 15.9935 16
16219100 15.9704 16
16219200 15.9487 16
16219300 15.8104 16
16219400 15.7124 16
16219500 15.566 16
16219600 15.5543 16
16219700 15.5801 16
16219800 15.5585 16
16219900 15.904 16
16220000 16.2892 16
16220100 16.2784 16
16220200 16.471 16
16220300 16.3969 16
16220400 16.0475 16
16220500 15.659 16
16220600 15.4596 16
16220700 15.4441 16
16220800 15.7045 16
16220900 15.5417 16
16221000 15.3023 16
16221100 15.1418 16
16221200 15.1461 16
16221300 15.3954 16
16221400 15.9786 16
16221500 16.2085 16
16221600 16.3728 16
16221700 16.2682 16
16221800 16.0225 16
16221900 16.0685 16
16222000 16.0402 16
16222100 15.9446 16
16222200 15.9744 16
16222300 15.8862 16
16222400 15.6021 16
16222500 15.5979 16
16222600 15.8509 16
16222700 16.1219 16
16222800 16.3048 16
16222900 16.2218 16
16223000 16.4035 16
16223100 16.4699 16
16223200 16.4568 16
16223300 16.2437 16
16223400 16.1672 16
16223500 15.903 16
16223600 16.0059 16
16223700 15.9903 16
16223800 15.9263 16
16223900 16.0057 16
16224000 16.0433 16
16224100 15.791 16
16224200 15.6888 16
16224300 15.7282 16
16224400 15.7062 16
16224500 15.3947 16
16224600 14.9643 16
16224700 14.6997 16
16224800 14.946 16
16224900 14.9294 16
16225000 15.2426 16
16225100 15.4541 16
16225200 15.5655 16
16225300 16.028 16
16225400 16.0777 16
16225500 16.0554 16
16225600 16.4123 16
16225700 16.3163 16
16225800 16.1194 16
16225900 15.9938 16
16226000 16.0308 16
16226100 16.0563 16
16226200 15.796 16
16226300 15.7825 16
16226400 15.6482 16
16226500 15.5828 16
16226600 15.603 16
16226700 15.7532 16
16226800 15.7545 16
16226900 15.8326 16
16227000 15.8417 16
16227100 15.8234 16
16227200 16.001 16
16227300 15.7416 16
16227400 15.5099 16
16227500 15.4125 16
16227600 15.4906 16
16227700 15.7676 16
16227800 15.862 16
16227900 15.6814 16
16228000 15.9724 16
16228100 16.3912 16
16228200 16.4049 16
16228300 16.4636 16
16228400 16.2538 16
16228500 15.9478 16
16228600 15.9612 16
16228700 16.0212 16
16228800 16.3395 16
16228900 16.6077 16
16229000 16.5072 16
16229100 16.51 16
16229200 16.7002 16
16229300 16.6251 16
16229400 16.4134 16
16229500 16.5886 16
16229600 16.7868 16
16229700 16.8243 16
16229800 16.511 16
16229900 16.2832 16
16230000 16.1958 16
16230100 16.2298 16
16230200 16.0601 16
16230300 15.7897 16
16230400 15.8211 16
16230500 15.6993 16
16230600 15.8139 16
16230700 15.6597 16
16230800 15.7319 16
16230900 16.0132 16
16231000 16.0601 16
16231100 16.1313 16
16231200 15.9168 16
16231300 15.8195 16
16231400 15.9688 16
16231500 16.2251 16
16231600 16.3157 16
16231700 16.2632 16
16231800 16.3516 16
16231900 16.2805 16
16232000 16.189 16
16232100 16.0492 16
16232200 16.1859 16
16232300 16.194 16
16232400 16.0033 16
16232500 16.2025 16
16232600 16.0901 16
16232700 15.9953 16
16232800 15.8305 16
16232900 15.5012 16
16233000 15.4536 16
16233100 15.425 16
16233200 15.325 16
16233300 15.2993 16
16233400 14.9693 16
16233500 15.1071 16
16233600 15.473 16
16233700 15.6398 16
16233800 15.7685 16
16233900 15.7268 16
16234000 15.7283 16
16234100 15.986 16
16234200 16.2083 16
16234300 16.1472 16
16234400 16.2862 16
16234500 16.4307 16
16234600 16.609 16
16234700 16.5443 16
16234800 16.2938 16
16234900 16.1378 16
16235000 16.0258 16
16235100 16.0438 16
16235200 15.9639 16
16235300 15.9881 16
16235400 15.9612 16
16235500 16.1222 16
16235600 16.148 16
16235700 15.8315 16
16235800 15.6092 16
16235900 15.407 16
16236000 15.371 16
16236100 15.3668 16
16236200 15.2972 16
16236300 15.2604 16
16236400 15.3944 16
16236500 15.4685 16
16236600 15.6915 16
16236700 15.9358 16
16236800 15.6398 16
16236900 15.4385 16
16237000 15.4209 16
16237100 15.408 16
16237200 15.469 16
16237300 15.5246 16
16237400 15.4471 16
16237500 15.5103 16
16237600 15.716 16
16237700 15.8639 16
16237800 15.9733 16
16237900 16.2547 16
16238000 16.3879 16
16238100 16.2641 16
16238200 15.867 16
16238300 15.5037 16
16238400 15.3597 16
16238500 15.6077 16
16238600 16.0458 16
16238700 16.0446 16
16238800 16.0499 16
16238900 16.2001 16
16239000 16.0632 16
16239100 16.1596 16
16239200 16.4457 16
16239300 16.3173 16
16239400 16.1398 16
16239500 16.0571 16
16239600 16.0045 16
16239700 16.0089 16
16239800 16.3428 16
16239900 16.1507 16
16240000 16.0146 16
16240100 15.8336 16
16240200 15.7193 16
16240300 15.5411 16
16240400 15.6554 16
16240500 15.7716 16
16240600 15.8933 16
16240700 15.9506 16
16240800 15.9288 16
16240900 15.7888 16
16241000 15.6868 16
16241100 15.7696 16
16241200 15.6693 16
16241300 15.5323 16
16241400 15.8054 16
16241500 16.0542 16
16241600 16.1878 16
16241700 16.1451 16
16241800 16.1152 16
16241900 16.2141 16
16242000 16.2083 16
16242100 16.255 16
16242200 16.3546 16
16242300 16.3545 16
16242400 16.0492 16
16242500 15.2771 16
16242600 15.2015 16
16242700 15.2931 16
16242800 15.8152 16
16242900 16.071 16
16243000 16.0365 16
16243100 16.2213 16
16243200 16.3952 16
16243300 16.1028 16
16243400 16.0067 16
16243500 15.9157 16
16243600 15.6776 16
16243700 15.7872 16
16243800 15.7821 16
16243900 15.6982 16
16244000 15.3488 16
16244100 15.3731 16
16244200 15.3582 16
16244300 15.4565 16
16244400 15.6617 16
16244500 15.5816 16
16244600 15.5245 16
16244700 15.4681 16
16244800 15.4762 16
16244900 15.6411 16
16245000 15.9611 16
16245100 16.1034 16
16245200 16.1591 16
16245300 16.1473 16
16245400 16.2882 16
16245500 16.0801 16
16245600 16.2778 16
16245700 16.4198 16
16245800 16.5373 16
16245900 16.1942 16
16246000 15.6735 16
16246100 15.6658 16
16246200 15.9725 16
16246300 16.0192 16
16246400 15.9426 16
16246500 15.9145 16
16246600 16.1592 16
16246700 16.0588 16
16246800 16.0272 16
16246900 15.8798 16
16247000 15.8124 16
16247100 15.5478 16
16247200 15.5178 16
16247300 15.6054 16
16247400 15.5872 16
16247500 15.4294 16
16247600 15.4021 16
16247700 15.4904 16
16247800 15.7483 16
16247900 16.0075 16
16248000 16.4818 16
16248100 16.5084 16
16248200 16.4663 16
16248300 16.1905 16
16248400 16.0451 16
16248500 15.9413 16
16248600 15.7995 16
16248700 15.6205 16
16248800 15.4792 16
16248900 15.6687 16
16249000 15.8694 16
16249100 16.5431 16
16249200 16.6805 16
16249300 16.3862 16
16249400 16.0125 16
16249500 15.615 16
16249600 15.5526 16
16249700 15.5455 16
16249800 15.4941 16
16249900 15.4544 16
16250000 15.9552 16
16250100 16.2628 16
16250200 16.1644 16
16250300 15.9243 16
16250400 15.863 16
16250500 15.8707 16
16250600 16.1501 16
16250700 15.9979 16
16250800 16.0565 16
16250900 16.0497 16
16251000 15.8291 16
16251100 15.6363 16
16251200 15.5177 16
16251300 15.6475 16
16251400 16.0086 16
16251500 16.108 16
16251600 16.031 16
16251700 16.0559 16
16251800 16.3593 16
16251900 16.478 16
16252000 16.3504 16
16252100 16.2469 16
16252200 16.1451 16
16252300 16.25 16
16252400 16.1937 16
16252500 15.7859 16
16252600 15.7106 16
16252700 15.6003 16
16252800 15.5082 16
16252900 15.6849 16
16253000 15.9116 16
16253100 15.8356 16
16253200 15.7923 16
16253300 15.8503 16
16253400 15.7613 16
16253500 15.8932 16
16253600 15.6735 16
16253700 15.7096 16
16253800 15.65 16
16253900 15.3656 16
16254000 15.2846 16
16254100 15.55 16
16254200 15.6295 16
16254300 15.4399 16
16254400 15.8261 16
16254500 16.0089 16
16254600 15.6333 16
16254700 15.5187 16
16254800 15.5472 16
16254900 15.4149 16
16255000 15.3849 16
16255100 15.7074 16
16255200 15.9244 16
16255300 16.3338 16
16255400 16.3684 16
16255500 16.0662 16
16255600 16.167 16
16255700 16.0847 16
16255800 16.0396 16
16255900 15.9148 16
16256000 16.3326 16
16256100 16.4862 16
16256200 16.7762 16
16256300 16.8624 16
16256400 16.6486 16
16256500 16.353 16
16256600 15.9727 16
16256700 15.7565 16
16256800 15.7341 16
16256900 15.8027 16
16257000 16.0047 16
16257100 15.9841 16
16257200 16.1795 16
16257300 16.3615 16
16257400 16.4166 16
16257500 16.892 16
16257600 16.7278 16
16257700 16.3725 16
16257800 16.2942 16
16257900 16.3461 16
16258000 16.0623 16
16258100 15.8844 16
16258200 15.682 16
16258300 15.7597 16
16258400 15.4481 16
16258500 15.3079 16
16258600 15.0872 16
16258700 14.9334 16
16258800 15.0492 16
16258900 15.1825 16
16259000 15.4158 16
16259100 15.5923 16
16259200 15.3805 16
16259300 15.5166 16
16259400 15.7695 16
16259500 15.825 16
16259600 15.785 16
16259700 16.0843 16
16259800 16.3141 16
16259900 16.02 16
16260000 15.8862 16
16260100 16.1299 16
16260200 16.2223 16
16260300 16.0843 16
16260400 16.0285 16
16260500 16.1404 16
16260600 16.1768 16
16260700 16.222 16
16260800 15.9768 16
16260900 16.0932 16
16261000 15.8773 16
16261100 15.5422 16
16261200 15.4962 16
16261300 15.7229 16
16261400 15.8862 16
16261500 15.7512 16
16261600 16.1052 16
16261700 16.0729 16
16261800 16.0882 16
16261900 16.3965 16
16262000 16.4503 16
16262100 16.3714 16
16262200 16.4168 16
16262300 16.1328 16
16262400 16.2427 16
16262500 16.1475 16
16262600 16.1916 16
16262700 16.1008 16
16262800 15.9452 16
16262900 16.0645 16
16263000 15.9865 16
16263100 16.0106 16
16263200 15.9442 16
16263300 15.653 16
16263400 15.8274 16
16263500 16.0377 16
16263600 16.0684 16
16263700 15.8593 16
16263800 16.1898 16
16263900 16.428 16
16264000 16.2026 16
16264100 15.9638 16
16264200 15.8781 16
16264300 15.7966 16
16264400 15.7666 16
16264500 16.004 16
16264600 16.4105 16
16264700 16.7265 16
16264800 16.482 16
16264900 16.1793 16
16265000 16.2533 16
16265100 16.0911 16
16265200 15.7781 16
16265300 15.5887 16
16265400 15.7583 16
16265500 15.7831 16
16265600 15.6614 16
16265700 15.6188 16
16265800 15.8508 16
16265900 16.1361 16
16266000 16.272 16
16266100 16.0677 16
16266200 16.3069 16
16266300 16.7159 16
16266400 16.8644 16
16266500 16.5271 16
16266600 16.232 16
16266700 16.2243 16
16266800 15.977 16
16266900 15.6581 16
16267000 15.5238 16
16267100 15.5747 16
16267200 15.6513 16
16267300 15.8006 16
16267400 16.1096 16
16267500 16.5178 16
16267600 16.6299 16
16267700 16.7814 16
16267800 16.9348 16
16267900 16.8454 16
16268000 16.3162 16
16268100 15.7852 16
16268200 15.5359 16
16268300 15.5815 16
16268400 15.556 16
16268500 15.6767 16
16268600 16.0296 16
16268700 16.31 16
16268800 16.3737 16
16268900 16.0589 16
16269000 15.7563 16
16269100 15.7673 16
16269200 15.6588 16
16269300 15.3491 16
16269400 15.2294 16
16269500 15.3828 16
16269600 15.5802 16
16269700 15.5848 16
16269800 15.5873 16
16269900 15.591 16
16270000 15.5126 16
16270100 15.8166 16
16270200 16.0866 16
16270300 16.1643 16
16270400 16.3452 16
16270500 16.6057 16
16270600 16.7155 16
16270700 16.8438 16
16270800 16.9612 16
16270900 16.6097 16
16271000 16.1786 16
16271100 15.7892 16
16271200 15.3776 16
16271300 15.6651 16
16271400 15.8229 16
16271500 15.8127 16
16271600 16.0269 16
16271700 16.0946 16
16271800 16.2101 16
16271900 16.454 16
16272000 16.8183 16
16272100 16.7779 16
16272200 16.6182 16
16272300 16.209 16
16272400 16.0771 16
16272500 15.9679 16
16272600 15.7139 16
16272700 15.7813 16
16272800 15.8898 16
16272900 16.0334 16
16273000 16.2243 16
16273100 16.0582 16
16273200 15.8601 16
16273300 15.6383 16
16273400 15.5293 16
16273500 15.6832 16
16273600 15.8442 16
16273700 15.7115 16
16273800 16.1006 16
16273900 16.3723 16
16274000 16.2486 16
16274100 16.5027 16
16274200 16.8597 16
16274300 16.9438 16
16274400 16.5186 16
16274500 16.1345 16
16274600 15.8691 16
16274700 15.5221 16
16274800 15.6086 16
16274900 15.6064 16
16275000 15.478 16
16275100 15.6903 16
16275200 15.9747 16
16275300 15.9806 16
16275400 16.0568 16
16275500 16.1625 16
16275600 16.244 16
16275700 16.4102 16
16275800 16.3368 16
16275900 16.2078 16
16276000 15.8845 16
16276100 16.0149 16
16276200 16.1003 16
16276300 16.1325 16
16276400 16.1897 16
16276500 16.2605 16
16276600 16.046 16
16276700 15.9535 16
16276800 16.0231 16
16276900 16.1284 16
16277000 16.1745 16
16277100 16.3286 16
16277200 16.5461 16
16277300 16.77 16
16277400 16.9484 16
16277500 16.7861 16
16277600 16.3275 16
16277700 16.4374 16
16277800 16.633 16
16277900 16.4887 16
16278000 16.2587 16
16278100 16.4155 16
16278200 16.3411 16
16278300 16.4686 16
16278400 16.1323 16
16278500 15.7413 16
16278600 15.9147 16
16278700 16.287 16
16278800 16.335 16
16278900 16.2972 16
16279000 16.0377 16
16279100 15.9838 16
16279200 16.2773 16
16279300 16.2031 16
16279400 16.0427 16
16279500 15.92 16
16279600 15.847 16
16279700 15.702 16
16279800 15.3158 16
16279900 15.3268 16
16280000 15.3877 16
16280100 15.3748 16
16280200 15.7234 16
16280300 16.0716 16
16280400 16.0679 16
16280500 16.2298 16
16280600 16.4776 16
16280700 16.1746 16
16280800 15.7892 16
16280900 15.7171 16
16281000 15.7776 16
16281100 16.175 16
16281200 16.1768 16
16281300 15.6997 16
16281400 15.6679 16
16281500 16.093 16
16281600 16.3038 16
16281700 16.1624 16
16281800 16.3136 16
16281900 16.353 16
16282000 16.5522 16
16282100 16.8164 16
16282200 16.4142 16
16282300 15.9001 16
16282400 15.5137 16
16282500 15.3222 16
16282600 15.4952 16
16282700 15.7591 16
16282800 15.8483 16
16282900 16.1684 16
16283000 16.1498 16
16283100 16.0031 16
16283200 15.9936 16
16283300 16.1426 16
16283400 16.3054 16
16283500 16.2755 16
16283600 16.2823 16
16283700 16.2506 16
16283800 16.0136 16
16283900 15.6134 16
16284000 15.4421 16
16284100 15.5951 16
16284200 16.0181 16
16284300 16.3789 16
16284400 16.2554 16
16284500 16.1961 16
16284600 16.2604 16
16284700 16.5844 16
16284800 16.7952 16
16284900 16.4913 16
16285000 16.4804 16
16285100 16.3423 16
16285200 16.3074 16
16285300 15.9579 16
16285400 15.7282 16
16285500 15.2412 16
16285600 15.2909 16
16285700 15.6294 16
16285800 15.821 16
16285900 16.0499 16
16286000 16.1806 16
16286100 16.2054 16
16286200 16.3728 16
16286300 16.0966 16
16286400 16.1678 16
16286500 16.2659 16
16286600 16.2959 16
16286700 16.2859 16
16286800 16.3848 16
16286900 16.4625 16
16287000 16.4558 16
16287100 16.6969 16
16287200 16.4945 16
16287300 16.2107 16
16287400 16.0535 16
16287500 16.2664 16
16287600 16.4369 16
16287700 16.2087 16
16287800 15.9301 16
16287900 15.6446 16
16288000 15.5355 16
16288100 15.8399 16
16288200 15.893 16
16288300 15.8867 16
16288400 15.9391 16
16288500 15.9595 16
16288600 16.0288 16
16288700 16.3534 16
16288800 16.7075 16
16288900 16.824 16
16289000 16.7493 16
16289100 16.6567 16
16289200 16.685 16
16289300 16.423 16
16289400 16.0188 16
16289500 15.5376 16
16289600 15.3885 16
16289700 15.4523 16
16289800 15.4503 16
16289900 15.5505 16
16290000 15.7142 16
16290100 15.696 16
16290200 15.5274 16
16290300 15.6908 16
16290400 16.0868 16
16290500 16.1657 16
16290600 16.2265 16
16290700 15.8646 16
16290800 15.5924 16
16290900 15.5088 16
16291000 15.5091 16
16291100 15.4535 16
16291200 15.6709 16
16291300 15.7975 16
16291400 15.7784 16
16291500 15.5876 16
16291600 15.6004 16
16291700 15.7352 16
16291800 15.8166 16
16291900 15.5651 16
16292000 15.4663 16
16292100 15.775 16
16292200 15.8036 16
16292300 16.0862 16
16292400 15.9994 16
16292500 16.0363 16
16292600 16.4588 16
16292700 16.864 16
16292800 16.8612 16
16292900 16.4222 16
16293000 16.395 16
16293100 16.4077 16
16293200 16.2673 16
16293300 16.1364 16
16293400 16.0047 16
16293500 16.2481 16
16293600 16.1603 16
16293700 16.3491 16
16293800 16.6496 16
16293900 16.6659 16
16294000 16.5143 16
16294100 16.0854 16
16294200 15.8764 16
16294300 15.913 16
16294400 15.6711 16
16294500 15.9791 16
16294600 16.0513 16
16294700 16.0924 16
16294800 15.8454 16
16294900 15.4344 16
16295000 15.4426 16
16295100 15.7332 16
16295200 16.0542 16
16295300 16.2169 16
16295400 16.3251 16
16295500 16.2543 16
16295600 16.4588 16
16295700 16.5757 16
16295800 16.5973 16
16295900 16.7444 16
16296000 16.6757 16
16296100 16.5475 16
16296200 16.4279 16
16296300 15.986 16
16296400 15.8583 16
16296500 15.8842 16
16296600 15.9834 16
16296700 16.0314 16
16296800 15.9802 16
16296900 15.8043 16
16297000 15.9246 16
16297100 15.8432 16
16297200 15.6965 16
16297300 15.634 16
16297400 15.7973 16
16297500 15.7794 16
16297600 15.765 16
16297700 15.549 16
16297800 15.4147 16
16297900 15.5499 16
16298000 15.6005 16
16298100 15.8526 16
16298200 16.0286 16
16298300 16.2977 16
16298400 16.1714 16
16298500 16.3045 16
16298600 16.3154 16
16298700 16.3996 16
16298800 16.3758 16
16298900 16.3524 16
16299000 15.9289 16
16299100 15.7298 16
16299200 15.7466 16
16299300 16.0076 16
16299400 16.2698 16
16299500 16.2788 16
16299600 16.2621 16
16299700 16.2666 16
16299800 16.061 16
16299900 16.1511 16
16300000 15.9206 16
16300100 15.8138 16
16300200 15.5789 16
16300300 15.5756 16
16300400 15.5522 16
16300500 15.8601 16
16300600 16.015 16
16300700 16.1074 16
16300800 16.054 16
16300900 16.221 16
16301000 16.2095 16
16301100 16.5572 16
16301200 16.753 16
16301300 16.8536 16
16301400 16.7608 16
16301500 16.7073 16
16301600 16.328 16
16301700 16.3811 16
16301800 16.2569 16
16301900 15.9946 16
16302000 15.9098 16
16302100 16.1439 16
16302200 16.3343 16
16302300 16.1528 16
16302400 15.9432 16
16302500 15.8561 16
16302600 16.0157 16
16302700 16.0431 16
16302800 16.3397 16
16302900 16.6217 16
16303000 16.6908 16
16303100 16.553 16
16303200 16.5541 16
16303300 16.5071 16
16303400 16.2678 16
16303500 16.2489 16
16303600 16.4411 16
16303700 16.5219 16
16303800 16.5408 16
16303900 16.483 16
16304000 16.387 16
16304100 16.3648 16
16304200 16.2005 16
16304300 16.206 16
16304400 16.1641 16
16304500 16.0961 16
16304600 16.1276 16
16304700 16.1918 16
16304800 16.2286 16
16304900 16.0733 16
16305000 16.0951 16
16305100 16.0929 16
16305200 16.1707 16
16305300 16.2988 16
16305400 16.6015 16
16305500 17.2095 16
16305600 17.3677 16
16305700 16.9951 16
16305800 16.8143 16
16305900 16.4286 16
16306000 16.1544 16
16306100 16.2964 16
16306200 16.3708 16
16306300 16.0542 16
16306400 16.1156 16
16306500 15.9118 16
16306600 15.9802 16
16306700 16.4307 16
16306800 15.9407 16
16306900 15.792 16
16307000 15.7915 16
16307100 15.8447 16
16307200 15.9327 16
16307300 16.0286 16
16307400 15.7223 16
16307500 15.5742 16
16307600 15.7286 16
16307700 16.0969 16
16307800 16.1709 16
16307900 16.1662 16
16308000 16.2587 16
16308100 16.0598 16
16308200 15.9332 16
16308300 15.6097 16
16308400 15.3361 16
16308500 15.0807 16
16308600 15.2421 16
16308700 15.6316 16
16308800 15.7528 16
16308900 15.7422 16
16309000 15.5335 16
16309100 15.5056 16
16309200 15.4102 16
16309300 15.2466 16
16309400 15.0342 16
16309500 15.0701 16
16309600 15.0695 16
16309700 14.9757 16
16309800 15.4025 16
16309900 15.5355 16
16310000 15.8441 16
16310100 15.9212 16
16310200 15.7519 16
16310300 15.6471 16
16310400 15.6582 16
16310500 15.6736 16
16310600 15.8437 16
16310700 16.2968 16
16310800 16.4296 16
16310900 16.231 16
16311000 16.0521 16
16311100 16.053 16
16311200 15.9429 16
16311300 15.8752 16
16311400 16.0349 16
16311500 16.3648 16
16311600 16.5069 16
16311700 16.6872 16
16311800 16.2302 16
16311900 15.8058 16
16312000 15.654 16
16312100 15.2015 16
16312200 15.2172 16
16312300 15.3481 16
16312400 15.5702 16
16312500 15.5555 16
16312600 15.8179 16
16312700 15.7861 16
16312800 15.9186 16
16312900 16.1411 16
16313000 16.362 16
16313100 16.4009 16
16313200 16.4225 16
16313300 16.3743 16
16313400 16.4494 16
16313500 16.5049 16
16313600 16.4125 16
16313700 15.9622 16
16313800 15.5676 16
16313900 15.2784 16
16314000 15.1269 16
16314100 15.358 16
16314200 15.5336 16
16314300 15.7975 16
16314400 16.0135 16
16314500 16.0961 16
16314600 16.0315 16
16314700 15.8772 16
16314800 15.9142 16
16314900 15.891 16
16315000 16.0114 16
16315100 16.0967 16
16315200 16.2291 16
16315300 16.5885 16
16315400 16.7699 16
16315500 16.973 16
16315600 17.1183 16
16315700 16.72 16
16315800 16.4221 16
16315900 16.4758 16
16316000 16.4447 16
16316100 16.162 16
16316200 15.9146 16
16316300 15.8335 16
16316400 16.1755 16
16316500 16.3012 16
16316600 16.2376 16
16316700 16.2717 16
16316800 16.1128 16
16316900 15.6561 16
16317000 15.4156 16
16317100 15.7459 16
16317200 16.1052 16
16317300 16.6173 16
16317400 16.5144 16
16317500 16.2975 16
16317600 16.6537 16
16317700 16.5917 16
16317800 16.5036 16
16317900 16.7715 16
16318000 16.5725 16
16318100 16.495 16
16318200 16.4248 16
16318300 16.423 16
16318400 16.3568 16
16318500 16.1664 16
16318600 15.864 16
16318700 15.8132 16
16318800 15.8437 16
16318900 15.8629 16
16319000 15.9201 16
16319100 16.4661 16
16319200 16.6958 16
16319300 16.5674 16
16319400 16.0618 16
16319500 15.5199 16
16319600 15.532 16
16319700 15.8281 16
16319800 16.0246 16
16319900 16.2361 16
16320000 16.0293 16
16320100 16.1109 16
16320200 16.0217 16
16320300 15.8333 16
16320400 15.9274 16
16320500 16.3485 16
16320600 16.8744 16
16320700 17.044 16
16320800 16.4183 16
16320900 16.38 16
16321000 16.765 16
16321100 17.0549 16
16321200 17.1644 16
16321300 16.7973 16
16321400 16.3816 16
16321500 16.3525 16
16321600 16.2068 16
16321700 16.1603 16
16321800 16.0558 16
16321900 15.936 16
16322000 15.9309 16
16322100 15.7745 16
16322200 15.6994 16
16322300 15.9591 16
16322400 15.6573 16
16322500 15.3188 16
16322600 15.3832 16
16322700 15.9075 16
16322800 16.217 16
16322900 16.0447 16
16323000 15.9069 16
16323100 15.7454 16
16323200 15.7533 16
16323300 15.588 16
16323400 15.8047 16
16323500 16.0918 16
16323600 16.0804 16
16323700 16.121 16
16323800 16.0916 16
16323900 16.1924 16
16324000 16.4151 16
16324100 16.447 16
16324200 16.2159 16
16324300 15.9546 16
16324400 16.0222 16
16324500 16.2272 16
16324600 16.3196 16
16324700 16.2646 16
16324800 16.3109 16
16324900 16.0061 16
16325000 15.9344 16
16325100 15.8093 16
16325200 16.0259 16
16325300 16.324 16
16325400 16.2796 16
16325500 16.1954 16
16325600 16.254 16
16325700 16.3722 16
16325800 16.2414 16
16325900 15.7835 16
16326000 15.4603 16
16326100 15.165 16
16326200 14.9861 16
16326300 15.292 16
16326400 15.7395 16
16326500 16.1401 16
16326600 16.1603 16
16326700 15.7981 16
16326800 15.592 16
16326900 15.4608 16
16327000 15.0067 16
16327100 14.8767 16
16327200 15.1227 16
16327300 15.7326 16
16327400 16.0304 16
16327500 16.2667 16
16327600 16.2395 16
16327700 16.4202 16
16327800 16.1092 16
16327900 15.749 16
16328000 16.1088 16
16328100 16.3034 16
16328200 16.3099 16
16328300 16.1685 16
16328400 16.5096 16
16328500 16.9209 16
16328600 17.0024 16
16328700 16.8332 16
16328800 16.4649 16
16328900 16.2493 16
16329000 15.8691 16
16329100 15.4986 16
16329200 15.5984 16
16329300 15.5263 16
16329400 15.5016 16
16329500 15.6367 16
16329600 15.7357 16
16329700 15.8672 16
16329800 15.744 16
16329900 15.8022 16
16330000 15.8014 16
16330100 15.8477 16
16330200 16.0644 16
16330300 16.3784 16
16330400 16.4178 16
16330500 16.2767 16
16330600 16.374 16
16330700 16.6806 16
16330800 16.5013 16
16330900 16.3469 16
16331000 16.2381 16
16331100 16.0931 16
16331200 15.96 16
16331300 16.114 16
16331400 16.5228 16
16331500 16.9013 16
16331600 17.1672 16
16331700 16.7777 16
16331800 16.5625 16
16331900 16.3538 16
16332000 16.0338 16
16332100 15.7531 16
16332200 15.6872 16
16332300 15.6096 16
16332400 15.6029 16
16332500 15.617 16
16332600 15.4682 16
16332700 15.36 16
16332800 15.2496 16
16332900 15.4958 16
16333000 15.9454 16
16333100 16.4589 16
16333200 16.7993 16
16333300 17.1762 16
16333400 17.0023 16
16333500 16.6596 16
16333600 16.7228 16
16333700 16.7371 16
16333800 16.3821 16
16333900 16.0919 16
16334000 15.971 16
16334100 15.9937 16
16334200 16.0616 16
16334300 16.225 16
16334400 16.1055 16
16334500 15.9882 16
16334600 15.7481 16
16334700 15.9144 16
16334800 16.0962 16
16334900 15.9126 16
16335000 15.6275 16
16335100 15.4603 16
16335200 15.6381 16
16335300 15.9266 16
16335400 15.8896 16
16335500 15.8424 16
16335600 15.9003 16
16335700 16.0083 16
16335800 16.3609 16
16335900 16.3569 16
16336000 16.44 16
16336100 16.4014 16
16336200 16.169 16
16336300 16.0844 16
16336400 15.8791 16
16336500 15.7905 16
16336600 15.7434 16
16336700 15.5929 16
16336800 15.6499 16
16336900 15.7399 16
16337000 15.8024 16
16337100 15.6248 16
16337200 15.8358 16
16337300 16.267 16
16337400 15.964 16
16337500 15.6753 16
16337600 15.4594 16
16337700 15.1628 16
16337800 15.445 16
16337900 15.682 16
16338000 16.0802 16
16338100 16.3256 16
16338200 16.3223 16
16338300 16.3885 16
16338400 16.4477 16
16338500 16.1916 16
16338600 16.041 16
16338700 16.1782 16
16338800 16.3847 16
16338900 16.509 16
16339000 16.6076 16
16339100 16.4157 16
16339200 15.9051 16
16339300 15.4856 16
16339400 15.2475 16
16339500 15.317 16
16339600 15.5164 16
16339700 15.7797 16
16339800 15.7626 16
16339900 15.769 16
16340000 15.7663 16
16340100 15.8304 16
16340200 15.7906 16
16340300 15.7304 16
16340400 15.8297 16
16340500 15.861 16
16340600 15.9766 16
16340700 16.2496 16
16340800 16.1231 16
16340900 16.4029 16
16341000 16.1242 16
16341100 16.0728 16
16341200 16.0812 16
16341300 16.2733 16
16341400 16.2648 16
16341500 16.0435 16
16341600 16.4085 16
16341700 16.4055 16
16341800 16.2025 16
16341900 16.0729 16
16342000 15.7233 16
16342100 15.7862 16
16342200 16.1745 16
16342300 16.328 16
16342400 16.4327 16
16342500 16.069 16
16342600 15.7681 16
16342700 15.6533 16
16342800 15.6074 16
16342900 15.6069 16
16343000 15.7278 16
16343100 15.7893 16
16343200 15.5535 16
16343300 15.4567 16
16343400 15.5799 16
16343500 15.6276 16
16343600 16.0641 16
16343700 16.6199 16
16343800 16.4279 16
16343900 16.1223 16
16344000 15.9929 16
16344100 15.8537 16
16344200 16.1191 16
16344300 15.9883 16
16344400 16.0517 16
16344500 16.0574 16
16344600 16.3313 16
16344700 16.1522 16
16344800 16.2177 16
16344900 16.1085 16
16345000 15.9769 16
16345100 16.1262 16
16345200 15.931 16
16345300 15.9805 16
16345400 16.2186 16
16345500 16.2097 16
16345600 16.0946 16
16345700 15.886 16
16345800 15.629 16
16345900 15.425 16
16346000 15.4631 16
16346100 15.4812 16
16346200 15.4698 16
16346300 15.3979 16
16346400 15.5977 16
16346500 15.5497 16
16346600 15.5543 16
16346700 15.6083 16
16346800 15.9925 16
16346900 16.0414 16
16347000 16.3057 16
16347100 16.424 16
16347200 16.799 16
16347300 16.5986 16
16347400 16.2426 16
16347500 15.9685 16
16347600 15.8989 16
16347700 15.9101 16
16347800 15.7046 16
16347900 15.6818 16
16348000 15.8196 16
16348100 15.9754 16
16348200 16.2924 16
16348300 16.5834 16
16348400 16.7294 16
16348500 16.6501 16
16348600 16.7164 16
16348700 16.7402 16
16348800 16.5626 16
16348900 16.2731 16
16349000 16.2971 16
16349100 16.3895 16
16349200 16.427 16
16349300 16.1395 16
16349400 16.1737 16
16349500 16.1218 16
16349600 16.0076 16
16349700 15.9628 16
16349800 15.908 16
16349900 15.6741 16
16350000 16.1238 16
16350100 16.4189 16
16350200 16.5047 16
16350300 16.1765 16
16350400 16.0725 16
16350500 16.281 16
16350600 16.6125 16
16350700 16.4148 16
16350800 16.2487 16
16350900 16.189 16
16351000 16.0594 16
16351100 16.1245 16
16351200 16.2081 16
16351300 16.4513 16
16351400 16.3943 16
16351500 16.3466 16
16351600 16.2576 16
16351700 15.856 16
16351800 15.886 16
16351900 16.1939 16
16352000 16.6418 16
16352100 16.7948 16
16352200 16.4642 16
16352300 15.9823 16
16352400 15.6669 16
16352500 15.7144 16
16352600 15.6644 16
16352700 15.8306 16
16352800 15.8366 16
16352900 15.8788 16
16353000 15.707 16
16353100 15.5731 16
16353200 15.4767 16
16353300 15.0829 16
16353400 15.2524 16
16353500 15.3547 16
16353600 15.5372 16
16353700 15.8106 16
16353800 16.155 16
16353900 16.5647 16
16354000 16.5855 16
16354100 16.3493 16
16354200 16.4989 16
16354300 16.8298 16
16354400 16.8473 16
16354500 16.3678 16
16354600 16.0975 16
16354700 15.7522 16
16354800 15.946 16
16354900 16.0558 16
16355000 16.3053 16
16355100 16.4717 16
16355200 16.0941 16
16355300 15.8188 16
16355400 15.9144 16
16355500 16.1308 16
16355600 16.0384 16
16355700 15.7026 16
16355800 15.4101 16
16355900 15.2984 16
16356000 15.4856 16
16356100 15.7754 16
16356200 15.762 16
16356300 15.9061 16
16356400 16.1968 16
16356500 16.2039 16
16356600 16.1327 16
16356700 16.195 16
16356800 16.2117 16
16356900 16.3193 16
16357000 16.2989 16
16357100 15.9324 16
16357200 16.0192 16
16357300 16.4103 16
16357400 16.4063 16
16357500 16.2899 16
16357600 15.9201 16
16357700 15.8176 16
16357800 15.9256 16
16357900 15.981 16
16358000 15.7482 16
16358100 15.949 16
16358200 16.0298 16
16358300 15.6622 16
16358400 15.6195 16
16358500 15.5486 16
16358600 15.5081 16
16358700 15.7307 16
16358800 15.5208 16
16358900 15.2687 16
16359000 15.6287 16
16359100 16.0231 16
16359200 16.4212 16
16359300 16.5865 16
16359400 16.6033 16
16359500 16.2482 16
16359600 16.012 16
16359700 16.0521 16
16359800 16.4138 16
16359900 16.3137 16
16360000 16.1216 16
16360100 15.9177 16
16360200 15.451 16
16360300 15.5693 16
16360400 15.9604 16
16360500 16.1079 16
16360600 16.0967 16
16360700 16.1759 16
16360800 15.9239 16
16360900 15.8594 16
16361000 16.2636 16
16361100 16.1486 16
16361200 15.8539 16
16361300 16.0938 16
16361400 16.1164 16
16361500 16.1602 16
16361600 15.887 16
16361700 15.9958 16
16361800 16.2058 16
16361900 16.3611 16
16362000 16.3186 16
16362100 16.267 16
16362200 16.3788 16
16362300 16.4944 16
16362400 16.5001 16
16362500 16.4558 16
16362600 16.1485 16
16362700 16.2827 16
16362800 16.324 16
16362900 16.2671 16
16363000 16.3255 16
16363100 16.3569 16
16363200 16.5347 16
16363300 16.4363 16
16363400 16.2412 16
16363500 16.169 16
16363600 16.3289 16
16363700 16.5349 16
16363800 16.4019 16
16363900 16.3899 16
16364000 16.4794 16
16364100 16.5463 16
16364200 16.722 16
16364300 16.6584 16
16364400 16.4155 16
16364500 16.4719 16
16364600 16.3536 16
16364700 16.3143 16
16364800 16.3367 16
16364900 16.3554 16
16365000 16.334 16
16365100 16.3539 16
16365200 16.3154 16
16365300 16.3133 16
16365400 16.1216 16
16365500 16.1547 16
16365600 16.0762 16
16365700 16.068 16
16365800 15.7427 16
16365900 15.6922 16
16366000 15.5807 16
16366100 15.5817 16
16366200 15.6273 16
16366300 15.7038 16
16366400 15.6498 16
16366500 15.7852 16
16366600 15.7018 16
16366700 15.7521 16
16366800 15.8554 16
16366900 16.0037 16
16367000 15.9549 16
16367100 15.7542 16
16367200 15.7218 16
16367300 15.5891 16
16367400 15.6695 16
16367500 15.6031 16
16367600 15.5954 16
16367700 15.6406 16
16367800 15.7613 16
16367900 16.0445 16
16368000 15.9929 16
16368100 16.2382 16
16368200 16.4517 16
16368300 16.4872 16
16368400 16.5105 16
16368500 16.3645 16
16368600 16.2501 16
16368700 16.0098 16
16368800 15.8131 16
16368900 15.8278 16
16369000 16.0006 16
16369100 16.0424 16
16369200 16.0736 16
16369300 15.8223 16
16369400 15.8938 16
16369500 16.1717 16
16369600 16.2335 16
16369700 16.1429 16
16369800 16.3009 16
16369900 16.3568 16
16370000 16.3916 16
16370100 16.6998 16
16370200 17 16
16370300 17.041 16
16370400 16.6587 16
16370500 16.7759 16
16370600 16.8204 16
16370700 16.503 16
16370800 16.1958 16
16370900 15.8783 16
16371000 15.8474 16
16371100 15.7885 16
16371200 15.6941 16
16371300 15.6893 16
16371400 15.6451 16
16371500 15.7068 16
16371600 15.8105 16
16371700 15.9861 16
16371800 16.3271 16
16371900 16.1577 16
16372000 15.9856 16
16372100 15.929 16
16372200 16.1209 16
16372300 16.3068 16
16372400 16.2727 16
16372500 16.2531 16
16372600 16.0882 16
16372700 15.7254 16
16372800 15.4007 16
16372900 15.9889 16
16373000 16.7231 16
16373100 16.6675 16
16373200 16.4418 16
16373300 16.1121 16
16373400 15.9966 16
16373500 16.1949 16
16373600 16.3707 16
16373700 16.2452 16
16373800 16.2164 16
16373900 16.1881 16
16374000 15.9656 16
16374100 15.8235 16
16374200 15.738 16
16374300 15.6176 16
16374400 15.494 16
16374500 15.624 16
16374600 15.8312 16
16374700 15.9035 16
16374800 15.7817 16
16374900 15.6344 16
16375000 15.6033 16
16375100 15.6797 16
16375200 15.5872 16
16375300 15.6727 16
16375400 15.4987 16
16375500 15.552 16
16375600 15.7211 16
16375700 15.8151 16
16375800 15.9742 16
16375900 16.1495 16
16376000 16.1318 16
16376100 16.3119 16
16376200 16.5661 16
16376300 16.5791 16
16376400 16.5041 16
16376500 16.4414 16
16376600 16.3517 16
16376700 16.1285 16
16376800 15.8536 16
16376900 15.7063 16
16377000 15.3717 16
16377100 15.338 16
16377200 15.3069 16
16377300 15.5627 16
16377400 15.7857 16
16377500 16.2316 16
16377600 16.5047 16
16377700 16.5828 16
16377800 16.5194 16
16377900 16.2298 16
16378000 16.0903 16
16378100 15.927 16
16378200 15.9557 16
16378300 15.9871 16
16378400 16.2397 16
16378500 16.1607 16
16378600 16.2121 16
16378700 16.3269 16
16378800 16.5872 16
16378900 16.2414 16
16379000 15.8457 16
16379100 15.7841 16
16379200 15.7653 16
16379300 15.9153 16
16379400 15.9318 16
16379500 15.703 16
16379600 15.7792 16
16379700 15.951 16
16379800 16.0246 16
16379900 16.2295 16
16380000 16.1397 16
16380100 16.0262 16
16380200 16.3455 16
16380300 16.4864 16
16380400 16.6706 16
16380500 16.6174 16
16380600 16.1358 16
16380700 16.0201 16
16380800 16.1916 16
16380900 16.4456 16
16381000 16.6275 16
16381100 16.4589 16
16381200 16.2427 16
16381300 16.2997 16
16381400 16.3315 16
16381500 16.2882 16
16381600 15.9244 16
16381700 16.0002 16
16381800 16.1104 16
16381900 16.2313 16
16382000 16.3693 16
16382100 16.4072 16
16382200 16.4431 16
16382300 16.4082 16
16382400 16.7407 16
16382500 16.6504 16
16382600 16.3504 16
16382700 16.4077 16
16382800 16.5599 16
16382900 16.7686 16
16383000 16.7504 16
16383100 16.3157 16
16383200 16.0282 16
16383300 15.8546 16
16383400 15.6154 16
16383500 15.3614 16
16383600 15.4828 16
16383700 15.7514 16
16383800 15.7718 16
16383900 15.9256 16
16384000 15.9718 16
16384100 15.8693 16
16384200 15.6828 16
16384300 15.7896 16
16384400 15.7822 16
16384500 15.7277 16
16384600 15.9109 16
16384700 16.1642 16
16384800 16.4831 16
16384900 15.9939 16
16385000 15.4209 16
16385100 15.517 16
16385200 15.5062 16
16385300 15.6061 16
16385400 15.5615 16
16385500 15.5234 16
16385600 15.5142 16
16385700 15.602 16
16385800 15.6298 16
16385900 15.7504 16
16386000 15.9971 16
16386100 15.8363 16
16386200 15.5535 16
16386300 15.4711 16
16386400 15.7087 16
16386500 15.8223 16
16386600 15.7126 16
16386700 15.6171 16
16386800 15.6685 16
16386900 16.0002 16
16387000 16.0326 16
16387100 15.8818 16
16387200 15.8718 16
16387300 16.0053 16
16387400 15.9724 16
16387500 15.9565 16
16387600 15.9059 16
16387700 16.0146 16
16387800 16.1175 16
16387900 16.087 16
16388000 15.7885 16
16388100 15.6314 16
16388200 15.3222 16
16388300 15.3183 16
16388400 15.5825 16
16388500 15.4992 16
16388600 15.4345 16
16388700 15.7633 16
16388800 16.0135 16
16388900 16.2703 16
16389000 16.2824 16
16389100 16.154 16
16389200 16.1273 16
16389300 16.0505 16
16389400 16.2742 16
16389500 16.3814 16
16389600 16.2272 16
16389700 15.9843 16
16389800 15.9763 16
16389900 15.7983 16
16390000 15.7928 16
16390100 15.8623 16
16390200 15.914 16
16390300 16.1365 16
16390400 16.4846 16
16390500 16.108 16
16390600 15.798 16
16390700 15.7095 16
16390800 15.6875 16
16390900 15.5486 16
16391000 15.2671 16
16391100 15.2584 16
16391200 15.4408 16
16391300 15.863 16
16391400 16.1507 16
16391500 16.0955 16
16391600 15.9643 16
16391700 16.1457 16
16391800 16.2351 16
16391900 15.9342 16
16392000 15.8123 16
16392100 15.8718 16
16392200 15.6279 16
16392300 15.6143 16
16392400 15.6231 16
16392500 15.6938 16
16392600 15.7569 16
16392700 15.8273 16
16392800 15.7015 16
16392900 15.784 16
16393000 16.0636 16
16393100 16.5819 16
16393200 16.956 16
16393300 17.1933 16
16393400 17.205 16
16393500 17.1887 16
16393600 17.1022 16
16393700 16.9517 16
16393800 16.6245 16
16393900 16.0461 16
16394000 15.799 16
16394100 15.6184 16
16394200 15.5381 16
16394300 15.7183 16
16394400 15.4756 16
16394500 15.2807 16
16394600 15.5831 16
16394700 15.9568 16
16394800 16.0065 16
16394900 16.0768 16
16395000 16.2195 16
16395100 16.0877 16
16395200 16.3787 16
16395300 16.388 16
16395400 16.2337 16
16395500 16.2032 16
16395600 16.4283 16
16395700 16.3127 16
16395800 16.0737 16
16395900 15.9342 16
16396000 15.7645 16
16396100 15.7894 16
16396200 16.2263 16
16396300 16.5733 16
16396400 16.6512 16
16396500 16.3597 16
16396600 16.3665 16
16396700 16.6851 16
16396800 16.6979 16
16396900 16.7574 16
16397000 16.8589 16
16397100 17.1522 16
16397200 17.1228 16
16397300 17.1499 16
16397400 17.046 16
16397500 16.5839 16
16397600 16.2008 16
16397700 16.2527 16
16397800 16.2457 16
16397900 16.2172 16
16398000 15.9687 16
16398100 15.9889 16
16398200 15.9154 16
16398300 15.8552 16
16398400 15.75 16
16398500 15.554 16
16398600 15.6701 16
16398700 15.6351 16
16398800 15.5126 16
16398900 15.5871 16
16399000 15.6289 16
16399100 15.5772 16
16399200 15.605 16
16399300 15.7231 16
16399400 15.9702 16
16399500 15.7187 16
16399600 15.685 16
16399700 15.9656 16
16399800 16.0239 16
16399900 15.8942 16
16400000 15.9079 16
