# Time-averaged data for fix myat1
# TimeStep v_xave v_xdes
2600100 -17.548 -18
2600200 -17.3157 -18
2600300 -17.5755 -18
2600400 -17.9504 -18
2600500 -18.0729 -18
2600600 -17.9045 -18
2600700 -17.6361 -18
2600800 -17.7247 -18
2600900 -18.1597 -18
2601000 -18.2836 -18
2601100 -18.4435 -18
2601200 -18.5316 -18
2601300 -18.6146 -18
2601400 -18.5066 -18
2601500 -18.4407 -18
2601600 -18.1862 -18
2601700 -17.7886 -18
2601800 -17.7177 -18
2601900 -17.9101 -18
2602000 -17.9232 -18
2602100 -17.7989 -18
2602200 -17.749 -18
2602300 -17.6134 -18
2602400 -17.578 -18
2602500 -17.5077 -18
2602600 -17.7797 -18
2602700 -17.6731 -18
2602800 -17.6537 -18
2602900 -17.6852 -18
2603000 -17.6495 -18
2603100 -17.79 -18
2603200 -18.0454 -18
2603300 -17.8373 -18
2603400 -17.5319 -18
2603500 -17.4983 -18
2603600 -17.6922 -18
2603700 -17.5281 -18
2603800 -17.2526 -18
2603900 -17.1623 -18
2604000 -17.3538 -18
2604100 -17.2725 -18
2604200 -17.4265 -18
2604300 -17.7951 -18
2604400 -17.8381 -18
2604500 -18.0249 -18
2604600 -18.3257 -18
2604700 -18.4408 -18
2604800 -18.3582 -18
2604900 -18.328 -18
2605000 -18.6569 -18
2605100 -19.056 -18
2605200 -18.9579 -18
2605300 -18.6464 -18
2605400 -18.4069 -18
2605500 -18.5284 -18
2605600 -18.6088 -18
2605700 -18.3949 -18
2605800 -18.4102 -18
2605900 -18.599 -18
2606000 -18.5676 -18
2606100 -18.3848 -18
2606200 -18.2488 -18
2606300 -17.9428 -18
2606400 -17.8273 -18
2606500 -17.5644 -18
2606600 -17.7285 -18
2606700 -17.9144 -18
2606800 -18.1464 -18
2606900 -18.3547 -18
2607000 -18.2046 -18
2607100 -17.9779 -18
2607200 -17.7425 -18
2607300 -17.1465 -18
2607400 -16.9842 -18
2607500 -17.4586 -18
2607600 -17.4651 -18
2607700 -17.3252 -18
2607800 -17.3327 -18
2607900 -17.6435 -18
2608000 -17.8677 -18
2608100 -18.0461 -18
2608200 -18.1038 -18
2608300 -17.9102 -18
2608400 -17.5349 -18
2608500 -17.5622 -18
2608600 -17.5855 -18
2608700 -17.6226 -18
2608800 -17.9079 -18
2608900 -17.9945 -18
2609000 -17.9204 -18
2609100 -18.1513 -18
2609200 -18.8391 -18
2609300 -19.1377 -18
2609400 -18.9459 -18
2609500 -18.7268 -18
2609600 -18.6365 -18
2609700 -18.564 -18
2609800 -18.4601 -18
2609900 -18.2798 -18
2610000 -18.5358 -18
2610100 -18.7479 -18
2610200 -18.2601 -18
2610300 -17.8176 -18
2610400 -17.8824 -18
2610500 -18.0692 -18
2610600 -18.2374 -18
2610700 -18.1588 -18
2610800 -17.9006 -18
2610900 -18.0478 -18
2611000 -18.1039 -18
2611100 -18.3111 -18
2611200 -18.2395 -18
2611300 -18.0853 -18
2611400 -17.7902 -18
2611500 -17.4506 -18
2611600 -17.6657 -18
2611700 -17.7674 -18
2611800 -17.6713 -18
2611900 -17.3628 -18
2612000 -17.2556 -18
2612100 -17.7628 -18
2612200 -17.9977 -18
2612300 -17.9074 -18
2612400 -17.843 -18
2612500 -17.9813 -18
2612600 -17.966 -18
2612700 -18.1512 -18
2612800 -18.4035 -18
2612900 -18.3903 -18
2613000 -18.2955 -18
2613100 -18.344 -18
2613200 -18.1397 -18
2613300 -18.3295 -18
2613400 -18.4 -18
2613500 -18.6007 -18
2613600 -18.5681 -18
2613700 -18.3144 -18
2613800 -18.1448 -18
2613900 -17.8806 -18
2614000 -17.9232 -18
2614100 -18.0863 -18
2614200 -18.16 -18
2614300 -18.1853 -18
2614400 -18.6468 -18
2614500 -18.7906 -18
2614600 -18.6884 -18
2614700 -18.7103 -18
2614800 -19.0456 -18
2614900 -18.8786 -18
2615000 -18.3988 -18
2615100 -18.2695 -18
2615200 -17.8576 -18
2615300 -17.7376 -18
2615400 -17.9276 -18
2615500 -17.8879 -18
2615600 -17.9433 -18
2615700 -18.0675 -18
2615800 -17.9247 -18
2615900 -17.6647 -18
2616000 -17.5902 -18
2616100 -17.8694 -18
2616200 -18.2319 -18
2616300 -18.637 -18
2616400 -18.4297 -18
2616500 -18.2534 -18
2616600 -18.2216 -18
2616700 -18.1531 -18
2616800 -17.8666 -18
2616900 -17.5221 -18
2617000 -17.6177 -18
2617100 -17.8694 -18
2617200 -18.2566 -18
2617300 -18.5551 -18
2617400 -18.7 -18
2617500 -18.6585 -18
2617600 -18.3712 -18
2617700 -18.2482 -18
2617800 -18.0302 -18
2617900 -17.8247 -18
2618000 -17.6352 -18
2618100 -17.8967 -18
2618200 -17.8719 -18
2618300 -17.6624 -18
2618400 -17.8347 -18
2618500 -18.0171 -18
2618600 -17.9172 -18
2618700 -17.6299 -18
2618800 -17.62 -18
2618900 -17.5251 -18
2619000 -17.3558 -18
2619100 -17.3699 -18
2619200 -17.5469 -18
2619300 -17.5854 -18
2619400 -17.8993 -18
2619500 -17.9688 -18
2619600 -18.2035 -18
2619700 -18.2867 -18
2619800 -18.4581 -18
2619900 -18.3769 -18
2620000 -18.3704 -18
2620100 -18.1985 -18
2620200 -18.1967 -18
2620300 -18.1258 -18
2620400 -18.0381 -18
2620500 -18.2247 -18
2620600 -18.2472 -18
2620700 -18.0215 -18
2620800 -17.6146 -18
2620900 -17.6798 -18
2621000 -17.8963 -18
2621100 -18.1304 -18
2621200 -17.9496 -18
2621300 -17.7631 -18
2621400 -17.8147 -18
2621500 -17.978 -18
2621600 -18.1525 -18
2621700 -18.3618 -18
2621800 -18.6315 -18
2621900 -18.7142 -18
2622000 -18.6763 -18
2622100 -18.6067 -18
2622200 -18.5187 -18
2622300 -18.3863 -18
2622400 -18.2151 -18
2622500 -18.0651 -18
2622600 -17.8965 -18
2622700 -17.7919 -18
2622800 -17.4421 -18
2622900 -17.2464 -18
2623000 -17.2955 -18
2623100 -17.4292 -18
2623200 -17.7515 -18
2623300 -18.0992 -18
2623400 -17.9601 -18
2623500 -18.0257 -18
2623600 -18.2389 -18
2623700 -18.4486 -18
2623800 -18.805 -18
2623900 -18.7966 -18
2624000 -18.2699 -18
2624100 -17.873 -18
2624200 -17.7008 -18
2624300 -17.9216 -18
2624400 -18.2763 -18
2624500 -18.0891 -18
2624600 -17.9858 -18
2624700 -17.9355 -18
2624800 -17.8129 -18
2624900 -17.9036 -18
2625000 -17.9414 -18
2625100 -17.7308 -18
2625200 -17.4949 -18
2625300 -17.347 -18
2625400 -17.565 -18
2625500 -17.9527 -18
2625600 -18.2511 -18
2625700 -18.1582 -18
2625800 -17.6969 -18
2625900 -17.3949 -18
2626000 -17.3063 -18
2626100 -17.5132 -18
2626200 -17.776 -18
2626300 -17.6902 -18
2626400 -17.834 -18
2626500 -18.1134 -18
2626600 -18.193 -18
2626700 -18.0515 -18
2626800 -17.9562 -18
2626900 -17.6755 -18
2627000 -17.4951 -18
2627100 -17.6473 -18
2627200 -17.9916 -18
2627300 -18.0067 -18
2627400 -17.8822 -18
2627500 -17.8467 -18
2627600 -18.0712 -18
2627700 -18.4196 -18
2627800 -18.7479 -18
2627900 -18.8846 -18
2628000 -18.6053 -18
2628100 -18.2347 -18
2628200 -18.1152 -18
2628300 -17.9982 -18
2628400 -17.9821 -18
2628500 -17.7271 -18
2628600 -17.5298 -18
2628700 -17.6499 -18
2628800 -17.9485 -18
2628900 -18.1128 -18
2629000 -17.8494 -18
2629100 -17.4941 -18
2629200 -17.3972 -18
2629300 -17.7638 -18
2629400 -18.0559 -18
2629500 -17.95 -18
2629600 -18.1164 -18
2629700 -18.0196 -18
2629800 -17.8581 -18
2629900 -17.7311 -18
2630000 -17.7636 -18
2630100 -18.0521 -18
2630200 -18.2409 -18
2630300 -17.7475 -18
2630400 -17.6099 -18
2630500 -17.7217 -18
2630600 -17.8697 -18
2630700 -17.8482 -18
2630800 -17.8847 -18
2630900 -18.1302 -18
2631000 -18.0887 -18
2631100 -18.3364 -18
2631200 -18.5859 -18
2631300 -18.6298 -18
2631400 -18.6609 -18
2631500 -18.6396 -18
2631600 -18.846 -18
2631700 -18.9493 -18
2631800 -18.7957 -18
2631900 -18.028 -18
2632000 -17.7715 -18
2632100 -18.1773 -18
2632200 -18.1359 -18
2632300 -18.0107 -18
2632400 -17.9865 -18
2632500 -17.9086 -18
2632600 -18.1114 -18
2632700 -18.4348 -18
2632800 -18.7782 -18
2632900 -18.6796 -18
2633000 -18.6071 -18
2633100 -18.601 -18
2633200 -18.4723 -18
2633300 -18.3143 -18
2633400 -17.9657 -18
2633500 -17.7841 -18
2633600 -17.4264 -18
2633700 -17.3165 -18
2633800 -17.3478 -18
2633900 -17.4571 -18
2634000 -17.4081 -18
2634100 -17.5178 -18
2634200 -17.4986 -18
2634300 -17.6216 -18
2634400 -17.897 -18
2634500 -17.8562 -18
2634600 -17.6624 -18
2634700 -17.8206 -18
2634800 -18.0366 -18
2634900 -18.0007 -18
2635000 -18.0896 -18
2635100 -17.7435 -18
2635200 -17.53 -18
2635300 -17.4689 -18
2635400 -17.8732 -18
2635500 -18.0223 -18
2635600 -18.0691 -18
2635700 -17.7285 -18
2635800 -17.3687 -18
2635900 -17.3725 -18
2636000 -17.8401 -18
2636100 -18.0869 -18
2636200 -18.3009 -18
2636300 -18.5092 -18
2636400 -18.4954 -18
2636500 -18.6061 -18
2636600 -18.5824 -18
2636700 -18.6572 -18
2636800 -18.4897 -18
2636900 -18.1854 -18
2637000 -17.9231 -18
2637100 -17.9662 -18
2637200 -18.3298 -18
2637300 -18.4735 -18
2637400 -18.3391 -18
2637500 -18.105 -18
2637600 -18.3433 -18
2637700 -18.2919 -18
2637800 -18.0479 -18
2637900 -17.9341 -18
2638000 -17.9849 -18
2638100 -18.1325 -18
2638200 -18.4658 -18
2638300 -18.4639 -18
2638400 -18.547 -18
2638500 -18.5861 -18
2638600 -18.3081 -18
2638700 -18.1893 -18
2638800 -18.2132 -18
2638900 -18.3837 -18
2639000 -18.3311 -18
2639100 -18.2575 -18
2639200 -18.0448 -18
2639300 -18.0261 -18
2639400 -18.3815 -18
2639500 -18.6327 -18
2639600 -18.4583 -18
2639700 -18.0501 -18
2639800 -17.8381 -18
2639900 -17.6418 -18
2640000 -17.5273 -18
2640100 -17.8068 -18
2640200 -18.1248 -18
2640300 -18.3298 -18
2640400 -18.5025 -18
2640500 -18.3265 -18
2640600 -18.4297 -18
2640700 -18.3761 -18
2640800 -18.3944 -18
2640900 -18.4557 -18
2641000 -18.4368 -18
2641100 -18.2587 -18
2641200 -18.2321 -18
2641300 -18.1441 -18
2641400 -17.7982 -18
2641500 -17.4581 -18
2641600 -17.1829 -18
2641700 -17.088 -18
2641800 -16.896 -18
2641900 -17.5302 -18
2642000 -17.8009 -18
2642100 -18.185 -18
2642200 -18.3286 -18
2642300 -17.7017 -18
2642400 -17.4562 -18
2642500 -17.6717 -18
2642600 -17.7722 -18
2642700 -18.0663 -18
2642800 -18.127 -18
2642900 -18.1881 -18
2643000 -17.9379 -18
2643100 -17.7368 -18
2643200 -18.0055 -18
2643300 -18.3513 -18
2643400 -18.4288 -18
2643500 -18.7386 -18
2643600 -18.8445 -18
2643700 -18.3779 -18
2643800 -18.224 -18
2643900 -18.2274 -18
2644000 -18.1671 -18
2644100 -18.3949 -18
2644200 -18.3223 -18
2644300 -18.3324 -18
2644400 -18.4365 -18
2644500 -18.0322 -18
2644600 -18.1336 -18
2644700 -18.1103 -18
2644800 -18.3054 -18
2644900 -18.0944 -18
2645000 -17.9298 -18
2645100 -17.9972 -18
2645200 -18.1747 -18
2645300 -18.2161 -18
2645400 -18.349 -18
2645500 -18.2825 -18
2645600 -18.2436 -18
2645700 -18.0197 -18
2645800 -18.0257 -18
2645900 -18.1348 -18
2646000 -18.0697 -18
2646100 -17.6482 -18
2646200 -17.5963 -18
2646300 -17.5924 -18
2646400 -17.3546 -18
2646500 -16.9427 -18
2646600 -16.9712 -18
2646700 -17.4948 -18
2646800 -17.7933 -18
2646900 -17.9004 -18
2647000 -18.0003 -18
2647100 -18.1687 -18
2647200 -18.1181 -18
2647300 -17.6744 -18
2647400 -17.603 -18
2647500 -17.715 -18
2647600 -17.6777 -18
2647700 -17.4322 -18
2647800 -17.327 -18
2647900 -17.5601 -18
2648000 -17.6948 -18
2648100 -17.876 -18
2648200 -17.8218 -18
2648300 -17.8631 -18
2648400 -18.0796 -18
2648500 -18.3951 -18
2648600 -18.512 -18
2648700 -18.4332 -18
2648800 -18.2979 -18
2648900 -18.2044 -18
2649000 -17.8138 -18
2649100 -17.6567 -18
2649200 -17.8493 -18
2649300 -18.3492 -18
2649400 -18.8735 -18
2649500 -19.0535 -18
2649600 -18.9466 -18
2649700 -18.758 -18
2649800 -18.4721 -18
2649900 -18.4025 -18
2650000 -18.1575 -18
2650100 -17.9389 -18
2650200 -17.9282 -18
2650300 -18.2722 -18
2650400 -18.2135 -18
2650500 -18.2441 -18
2650600 -18.419 -18
2650700 -18.9037 -18
2650800 -18.93 -18
2650900 -18.6499 -18
2651000 -18.6303 -18
2651100 -18.3615 -18
2651200 -18.1466 -18
2651300 -17.8898 -18
2651400 -17.7878 -18
2651500 -17.806 -18
2651600 -17.9005 -18
2651700 -17.9902 -18
2651800 -17.9455 -18
2651900 -17.7275 -18
2652000 -17.7664 -18
2652100 -18.0623 -18
2652200 -18.2506 -18
2652300 -18.2196 -18
2652400 -18.097 -18
2652500 -18.2348 -18
2652600 -18.1556 -18
2652700 -18.0422 -18
2652800 -18.3072 -18
2652900 -18.2835 -18
2653000 -18.0687 -18
2653100 -18.1899 -18
2653200 -18.1581 -18
2653300 -17.9803 -18
2653400 -17.9366 -18
2653500 -17.9128 -18
2653600 -17.9963 -18
2653700 -18.2167 -18
2653800 -18.1684 -18
2653900 -18.2181 -18
2654000 -18.0356 -18
2654100 -18.1312 -18
2654200 -18.1785 -18
2654300 -17.9236 -18
2654400 -18.0557 -18
2654500 -18.0817 -18
2654600 -18.3727 -18
2654700 -18.3425 -18
2654800 -18.1261 -18
2654900 -17.9941 -18
2655000 -17.9042 -18
2655100 -17.7203 -18
2655200 -17.5013 -18
2655300 -17.2387 -18
2655400 -17.397 -18
2655500 -17.5623 -18
2655600 -17.8594 -18
2655700 -18.18 -18
2655800 -18.326 -18
2655900 -18.5322 -18
2656000 -18.447 -18
2656100 -18.2739 -18
2656200 -18.2436 -18
2656300 -17.7617 -18
2656400 -17.4259 -18
2656500 -17.0285 -18
2656600 -17 -18
2656700 -17.1415 -18
2656800 -17.582 -18
2656900 -17.7851 -18
2657000 -17.9264 -18
2657100 -17.9327 -18
2657200 -17.5256 -18
2657300 -17.0204 -18
2657400 -16.7396 -18
2657500 -17.0612 -18
2657600 -17.537 -18
2657700 -17.4644 -18
2657800 -17.3076 -18
2657900 -17.2319 -18
2658000 -17.5322 -18
2658100 -17.4464 -18
2658200 -17.3328 -18
2658300 -17.5568 -18
2658400 -18.0573 -18
2658500 -18.0283 -18
2658600 -17.8758 -18
2658700 -17.9737 -18
2658800 -18.4198 -18
2658900 -18.5083 -18
2659000 -18.3163 -18
2659100 -18.1343 -18
2659200 -17.9788 -18
2659300 -18.1197 -18
2659400 -18.1779 -18
2659500 -18.1306 -18
2659600 -18.0148 -18
2659700 -17.8697 -18
2659800 -17.8676 -18
2659900 -18.2464 -18
2660000 -18.7945 -18
2660100 -18.709 -18
2660200 -18.5976 -18
2660300 -18.7353 -18
2660400 -18.5823 -18
2660500 -18.4863 -18
2660600 -18.2248 -18
2660700 -18.1041 -18
2660800 -17.9878 -18
2660900 -17.7715 -18
2661000 -18.0303 -18
2661100 -18.0487 -18
2661200 -17.8468 -18
2661300 -17.7402 -18
2661400 -17.5244 -18
2661500 -17.8203 -18
2661600 -18.3425 -18
2661700 -18.769 -18
2661800 -18.9312 -18
2661900 -18.5041 -18
2662000 -17.978 -18
2662100 -17.9943 -18
2662200 -17.9905 -18
2662300 -17.5957 -18
2662400 -17.5137 -18
2662500 -17.7831 -18
2662600 -18.1866 -18
2662700 -18.5666 -18
2662800 -18.5074 -18
2662900 -18.7754 -18
2663000 -18.8835 -18
2663100 -19.0013 -18
2663200 -18.8602 -18
2663300 -18.7106 -18
2663400 -18.5491 -18
2663500 -18.4669 -18
2663600 -18.1307 -18
2663700 -18.0972 -18
2663800 -17.8676 -18
2663900 -17.8064 -18
2664000 -17.8983 -18
2664100 -18.1429 -18
2664200 -18.6379 -18
2664300 -18.8129 -18
2664400 -18.646 -18
2664500 -18.5134 -18
2664600 -18.2124 -18
2664700 -18.2245 -18
2664800 -18.3237 -18
2664900 -18.504 -18
2665000 -18.4033 -18
2665100 -17.9972 -18
2665200 -17.9249 -18
2665300 -17.9749 -18
2665400 -17.8685 -18
2665500 -17.9418 -18
2665600 -18.1185 -18
2665700 -18.3481 -18
2665800 -18.3085 -18
2665900 -18.3766 -18
2666000 -18.4262 -18
2666100 -18.5473 -18
2666200 -18.6019 -18
2666300 -18.6035 -18
2666400 -18.848 -18
2666500 -18.7977 -18
2666600 -18.5935 -18
2666700 -18.2857 -18
2666800 -18.0758 -18
2666900 -18.1362 -18
2667000 -18.1588 -18
2667100 -17.92 -18
2667200 -17.9114 -18
2667300 -17.9677 -18
2667400 -17.6336 -18
2667500 -17.3505 -18
2667600 -17.6187 -18
2667700 -17.5992 -18
2667800 -17.6438 -18
2667900 -17.5163 -18
2668000 -17.5185 -18
2668100 -17.4153 -18
2668200 -17.3509 -18
2668300 -17.6302 -18
2668400 -17.6986 -18
2668500 -17.7521 -18
2668600 -18.093 -18
2668700 -18.5384 -18
2668800 -18.5177 -18
2668900 -18.012 -18
2669000 -17.5629 -18
2669100 -17.3563 -18
2669200 -17.2638 -18
2669300 -17.1568 -18
2669400 -17.2273 -18
2669500 -17.1698 -18
2669600 -17.4581 -18
2669700 -17.6381 -18
2669800 -17.75 -18
2669900 -17.8705 -18
2670000 -17.8446 -18
2670100 -17.6642 -18
2670200 -17.6172 -18
2670300 -17.8143 -18
2670400 -17.7964 -18
2670500 -17.8094 -18
2670600 -18.0304 -18
2670700 -18.2947 -18
2670800 -18.0151 -18
2670900 -18.1084 -18
2671000 -18.1566 -18
2671100 -18.028 -18
2671200 -17.8974 -18
2671300 -17.7053 -18
2671400 -17.7799 -18
2671500 -18.0933 -18
2671600 -18.3569 -18
2671700 -18.1861 -18
2671800 -17.9832 -18
2671900 -17.9554 -18
2672000 -17.9638 -18
2672100 -18.0664 -18
2672200 -18.1826 -18
2672300 -18.3995 -18
2672400 -18.7206 -18
2672500 -18.9806 -18
2672600 -19.1738 -18
2672700 -19.5614 -18
2672800 -19.6062 -18
2672900 -19.2218 -18
2673000 -19.2458 -18
2673100 -19.0353 -18
2673200 -18.9957 -18
2673300 -18.9055 -18
2673400 -18.5375 -18
2673500 -18.6159 -18
2673600 -18.4888 -18
2673700 -18.218 -18
2673800 -18.1805 -18
2673900 -18.1872 -18
2674000 -18.3622 -18
2674100 -18.5764 -18
2674200 -18.2517 -18
2674300 -18.1233 -18
2674400 -18.1928 -18
2674500 -18.0835 -18
2674600 -17.7729 -18
2674700 -17.6829 -18
2674800 -17.5479 -18
2674900 -17.3594 -18
2675000 -17.7703 -18
2675100 -18.003 -18
2675200 -17.8297 -18
2675300 -17.8934 -18
2675400 -18.0659 -18
2675500 -17.8456 -18
2675600 -17.7415 -18
2675700 -17.6493 -18
2675800 -17.2977 -18
2675900 -17.167 -18
2676000 -17.6085 -18
2676100 -18.2283 -18
2676200 -18.3226 -18
2676300 -17.9366 -18
2676400 -17.6992 -18
2676500 -17.9401 -18
2676600 -18.0673 -18
2676700 -17.7257 -18
2676800 -17.6278 -18
2676900 -17.6667 -18
2677000 -17.7371 -18
2677100 -17.5973 -18
2677200 -17.3901 -18
2677300 -17.5855 -18
2677400 -17.6237 -18
2677500 -17.2889 -18
2677600 -17.2846 -18
2677700 -17.5156 -18
2677800 -17.9129 -18
2677900 -17.9862 -18
2678000 -17.7536 -18
2678100 -17.4455 -18
2678200 -17.2323 -18
2678300 -17.1027 -18
2678400 -17.6723 -18
2678500 -17.9836 -18
2678600 -17.678 -18
2678700 -17.5909 -18
2678800 -18.1764 -18
2678900 -18.2172 -18
2679000 -18.3114 -18
2679100 -19.0331 -18
2679200 -18.9746 -18
2679300 -18.6488 -18
2679400 -18.3786 -18
2679500 -18.3258 -18
2679600 -18.096 -18
2679700 -17.7617 -18
2679800 -17.3977 -18
2679900 -17.6339 -18
2680000 -17.9742 -18
2680100 -18.2289 -18
2680200 -18.5535 -18
2680300 -18.2438 -18
2680400 -17.8098 -18
2680500 -17.8188 -18
2680600 -18.1625 -18
2680700 -18.1024 -18
2680800 -18.0395 -18
2680900 -18.2901 -18
2681000 -18.3411 -18
2681100 -18.0067 -18
2681200 -17.5244 -18
2681300 -17.3811 -18
2681400 -17.2178 -18
2681500 -17.1792 -18
2681600 -17.3258 -18
2681700 -17.3245 -18
2681800 -17.3128 -18
2681900 -17.6446 -18
2682000 -18.0273 -18
2682100 -18.0856 -18
2682200 -17.7569 -18
2682300 -18.0061 -18
2682400 -18.363 -18
2682500 -18.5157 -18
2682600 -18.3767 -18
2682700 -18.3668 -18
2682800 -18.4875 -18
2682900 -18.4914 -18
2683000 -18.5283 -18
2683100 -18.3552 -18
2683200 -18.1689 -18
2683300 -17.8386 -18
2683400 -17.9357 -18
2683500 -17.8989 -18
2683600 -17.5585 -18
2683700 -17.2686 -18
2683800 -17.2797 -18
2683900 -17.174 -18
2684000 -17.4462 -18
2684100 -17.5916 -18
2684200 -17.548 -18
2684300 -17.5953 -18
2684400 -17.691 -18
2684500 -17.7869 -18
2684600 -17.4934 -18
2684700 -17.4752 -18
2684800 -17.5863 -18
2684900 -18.0574 -18
2685000 -18.1936 -18
2685100 -18.1836 -18
2685200 -18.3505 -18
2685300 -18.2684 -18
2685400 -17.9208 -18
2685500 -17.7593 -18
2685600 -17.3751 -18
2685700 -17.3865 -18
2685800 -17.7032 -18
2685900 -17.8333 -18
2686000 -17.9454 -18
2686100 -18.0816 -18
2686200 -18.1501 -18
2686300 -18.074 -18
2686400 -17.9272 -18
2686500 -17.9059 -18
2686600 -18.0646 -18
2686700 -18.4043 -18
2686800 -18.2183 -18
2686900 -18.0021 -18
2687000 -18.0547 -18
2687100 -18.1215 -18
2687200 -17.9695 -18
2687300 -17.6833 -18
2687400 -17.3182 -18
2687500 -17.458 -18
2687600 -17.5425 -18
2687700 -17.5997 -18
2687800 -17.6762 -18
2687900 -17.8792 -18
2688000 -17.8812 -18
2688100 -17.9009 -18
2688200 -18.0672 -18
2688300 -17.987 -18
2688400 -18.0935 -18
2688500 -18.1911 -18
2688600 -18.3809 -18
2688700 -18.3928 -18
2688800 -18.1641 -18
2688900 -18.2631 -18
2689000 -18.1136 -18
2689100 -18.0706 -18
2689200 -17.9572 -18
2689300 -18.0362 -18
2689400 -17.9016 -18
2689500 -17.6856 -18
2689600 -17.8045 -18
2689700 -17.8188 -18
2689800 -17.8824 -18
2689900 -18.0754 -18
2690000 -17.8642 -18
2690100 -17.9937 -18
2690200 -18.3289 -18
2690300 -18.4456 -18
2690400 -18.2464 -18
2690500 -18.1322 -18
2690600 -18.4191 -18
2690700 -18.2356 -18
2690800 -18.2297 -18
2690900 -18.1481 -18
2691000 -18.1917 -18
2691100 -18.2649 -18
2691200 -18.3834 -18
2691300 -18.2125 -18
2691400 -17.992 -18
2691500 -17.8331 -18
2691600 -17.9411 -18
2691700 -17.766 -18
2691800 -17.7885 -18
2691900 -18.103 -18
2692000 -18.0852 -18
2692100 -18.0804 -18
2692200 -17.8713 -18
2692300 -17.9012 -18
2692400 -18.1929 -18
2692500 -18.316 -18
2692600 -18.2182 -18
2692700 -18.3458 -18
2692800 -18.4437 -18
2692900 -18.3776 -18
2693000 -18.3102 -18
2693100 -18.3436 -18
2693200 -18.4814 -18
2693300 -18.2679 -18
2693400 -18.2335 -18
2693500 -18.2213 -18
2693600 -18.2323 -18
2693700 -17.9207 -18
2693800 -17.2871 -18
2693900 -17.5722 -18
2694000 -17.9868 -18
2694100 -18.2986 -18
2694200 -18.5017 -18
2694300 -18.2078 -18
2694400 -18.015 -18
2694500 -18.0151 -18
2694600 -18.4941 -18
2694700 -18.518 -18
2694800 -18.2311 -18
2694900 -18.0835 -18
2695000 -17.8541 -18
2695100 -17.9307 -18
2695200 -18.0789 -18
2695300 -17.901 -18
2695400 -17.8646 -18
2695500 -18.1611 -18
2695600 -18.1005 -18
2695700 -17.8584 -18
2695800 -17.621 -18
2695900 -17.4789 -18
2696000 -17.5315 -18
2696100 -17.8491 -18
2696200 -18.2844 -18
2696300 -18.3943 -18
2696400 -18.3426 -18
2696500 -18.37 -18
2696600 -18.1066 -18
2696700 -17.8987 -18
2696800 -17.5748 -18
2696900 -17.4687 -18
2697000 -17.1517 -18
2697100 -17.3306 -18
2697200 -17.6626 -18
2697300 -17.8387 -18
2697400 -18.0962 -18
2697500 -18.394 -18
2697600 -18.3447 -18
2697700 -18.2084 -18
2697800 -18.2338 -18
2697900 -17.8381 -18
2698000 -17.4371 -18
2698100 -17.261 -18
2698200 -17.5239 -18
2698300 -18.2333 -18
2698400 -18.6622 -18
2698500 -19.0342 -18
2698600 -18.9672 -18
2698700 -18.7297 -18
2698800 -18.6142 -18
2698900 -18.5933 -18
2699000 -18.5575 -18
2699100 -18.4873 -18
2699200 -18.6044 -18
2699300 -18.3784 -18
2699400 -18.0145 -18
2699500 -17.3775 -18
2699600 -17.3794 -18
2699700 -17.4183 -18
2699800 -17.2009 -18
2699900 -17.5572 -18
2700000 -17.6437 -18
2700100 -17.957 -18
2700200 -17.9248 -18
2700300 -17.5058 -18
2700400 -17.3065 -18
2700500 -17.7643 -18
2700600 -18.2259 -18
2700700 -18.1518 -18
2700800 -17.9207 -18
2700900 -18.072 -18
2701000 -18.0237 -18
2701100 -17.9018 -18
2701200 -17.7526 -18
2701300 -17.9456 -18
2701400 -18.1686 -18
2701500 -18.1157 -18
2701600 -17.9462 -18
2701700 -17.651 -18
2701800 -17.5738 -18
2701900 -17.7252 -18
2702000 -18.216 -18
2702100 -18.4852 -18
2702200 -18.544 -18
2702300 -18.64 -18
2702400 -18.5339 -18
2702500 -18.4076 -18
2702600 -18.4474 -18
2702700 -18.3649 -18
2702800 -18.3049 -18
2702900 -18.2091 -18
2703000 -18.1545 -18
2703100 -18.327 -18
2703200 -18.1297 -18
2703300 -17.9135 -18
2703400 -18.1707 -18
2703500 -18.3035 -18
2703600 -18.6433 -18
2703700 -18.7519 -18
2703800 -18.2462 -18
2703900 -18.0478 -18
2704000 -17.8513 -18
2704100 -17.8716 -18
2704200 -18.2374 -18
2704300 -18.3899 -18
2704400 -18.4839 -18
2704500 -18.403 -18
2704600 -18.675 -18
2704700 -18.635 -18
2704800 -18.3399 -18
2704900 -18.0107 -18
2705000 -18.2431 -18
2705100 -18.3879 -18
2705200 -18.7108 -18
2705300 -18.9435 -18
2705400 -19.0005 -18
2705500 -18.91 -18
2705600 -18.6236 -18
2705700 -18.3286 -18
2705800 -18.4741 -18
2705900 -18.545 -18
2706000 -18.3992 -18
2706100 -17.6998 -18
2706200 -17.7963 -18
2706300 -18.1882 -18
2706400 -18.259 -18
2706500 -18.2448 -18
2706600 -18.1863 -18
2706700 -18.1471 -18
2706800 -18.3191 -18
2706900 -18.2226 -18
2707000 -18.0768 -18
2707100 -18.2669 -18
2707200 -18.426 -18
2707300 -18.4172 -18
2707400 -18.151 -18
2707500 -18.0331 -18
2707600 -18.0979 -18
2707700 -18.0478 -18
2707800 -18.0881 -18
2707900 -17.9813 -18
2708000 -17.8447 -18
2708100 -17.946 -18
2708200 -18.0566 -18
2708300 -17.8284 -18
2708400 -17.9705 -18
2708500 -17.9656 -18
2708600 -17.5796 -18
2708700 -17.6011 -18
2708800 -17.5277 -18
2708900 -17.5547 -18
2709000 -17.4946 -18
2709100 -17.4863 -18
2709200 -17.6633 -18
2709300 -17.9709 -18
2709400 -18.0526 -18
2709500 -17.9474 -18
2709600 -18.1598 -18
2709700 -18.2697 -18
2709800 -18.3278 -18
2709900 -18.1187 -18
2710000 -17.8448 -18
2710100 -18.0779 -18
2710200 -18.3831 -18
2710300 -18.4801 -18
2710400 -18.3162 -18
2710500 -18.0842 -18
2710600 -17.9342 -18
2710700 -17.7953 -18
2710800 -17.7046 -18
2710900 -17.949 -18
2711000 -17.98 -18
2711100 -17.8135 -18
2711200 -17.8363 -18
2711300 -17.9371 -18
2711400 -18.2745 -18
2711500 -18.0729 -18
2711600 -18.0459 -18
2711700 -17.9952 -18
2711800 -18.1031 -18
2711900 -18.264 -18
2712000 -18.4982 -18
2712100 -18.3371 -18
2712200 -18.4164 -18
2712300 -18.7527 -18
2712400 -18.6864 -18
2712500 -18.5062 -18
2712600 -18.5725 -18
2712700 -18.4669 -18
2712800 -18.0964 -18
2712900 -18.0864 -18
2713000 -17.8402 -18
2713100 -17.7876 -18
2713200 -18.1125 -18
2713300 -18.3905 -18
2713400 -18.5256 -18
2713500 -18.4164 -18
2713600 -18.3177 -18
2713700 -18.1839 -18
2713800 -17.998 -18
2713900 -17.7731 -18
2714000 -17.6174 -18
2714100 -17.6681 -18
2714200 -17.7279 -18
2714300 -17.7865 -18
2714400 -17.7458 -18
2714500 -17.5796 -18
2714600 -17.729 -18
2714700 -18.0312 -18
2714800 -18.2153 -18
2714900 -18.1147 -18
2715000 -18.2806 -18
2715100 -18.2092 -18
2715200 -17.8699 -18
2715300 -17.772 -18
2715400 -17.8709 -18
2715500 -18.0001 -18
2715600 -17.818 -18
2715700 -17.4797 -18
2715800 -17.4641 -18
2715900 -17.605 -18
2716000 -17.5049 -18
2716100 -17.5473 -18
2716200 -17.641 -18
2716300 -17.7344 -18
2716400 -17.6089 -18
2716500 -17.7168 -18
2716600 -17.8722 -18
2716700 -18.0201 -18
2716800 -17.9923 -18
2716900 -17.9941 -18
2717000 -17.7735 -18
2717100 -17.6822 -18
2717200 -17.676 -18
2717300 -17.9731 -18
2717400 -18.4808 -18
2717500 -18.6025 -18
2717600 -18.6009 -18
2717700 -18.3231 -18
2717800 -17.8665 -18
2717900 -17.6947 -18
2718000 -17.6522 -18
2718100 -17.6966 -18
2718200 -17.7432 -18
2718300 -17.6505 -18
2718400 -17.7056 -18
2718500 -17.5643 -18
2718600 -17.7358 -18
2718700 -17.9041 -18
2718800 -17.7441 -18
2718900 -17.9487 -18
2719000 -18.174 -18
2719100 -17.9609 -18
2719200 -17.8267 -18
2719300 -17.9099 -18
2719400 -18.0922 -18
2719500 -18.3656 -18
2719600 -18.7009 -18
2719700 -18.9234 -18
2719800 -18.9784 -18
2719900 -18.9775 -18
2720000 -18.5754 -18
2720100 -17.999 -18
2720200 -17.6157 -18
2720300 -17.5146 -18
2720400 -17.2939 -18
2720500 -17.3262 -18
2720600 -17.6335 -18
2720700 -17.8733 -18
2720800 -17.9999 -18
2720900 -17.968 -18
2721000 -18.1589 -18
2721100 -18.2927 -18
2721200 -18.2423 -18
2721300 -18.4627 -18
2721400 -18.6792 -18
2721500 -18.5409 -18
2721600 -18.5952 -18
2721700 -18.6938 -18
2721800 -18.2767 -18
2721900 -18.1649 -18
2722000 -18.0654 -18
2722100 -18.1544 -18
2722200 -18.0713 -18
2722300 -18.0883 -18
2722400 -18.1329 -18
2722500 -17.8564 -18
2722600 -17.6591 -18
2722700 -17.4609 -18
2722800 -17.5762 -18
2722900 -17.9602 -18
2723000 -18.4186 -18
2723100 -18.8696 -18
2723200 -19.0619 -18
2723300 -19.113 -18
2723400 -18.9602 -18
2723500 -18.7051 -18
2723600 -18.2838 -18
2723700 -18.1616 -18
2723800 -18.3024 -18
2723900 -18.0655 -18
2724000 -18.0988 -18
2724100 -18.2785 -18
2724200 -18.379 -18
2724300 -18.36 -18
2724400 -18.3225 -18
2724500 -18.3651 -18
2724600 -18.0972 -18
2724700 -17.7042 -18
2724800 -17.3967 -18
2724900 -17.7012 -18
2725000 -17.9362 -18
2725100 -18.1579 -18
2725200 -18.1147 -18
2725300 -17.9083 -18
2725400 -17.727 -18
2725500 -17.6053 -18
2725600 -17.6419 -18
2725700 -17.8898 -18
2725800 -17.901 -18
2725900 -17.7497 -18
2726000 -17.6182 -18
2726100 -17.7065 -18
2726200 -17.8399 -18
2726300 -17.9455 -18
2726400 -18.0868 -18
2726500 -18.1243 -18
2726600 -18.2539 -18
2726700 -18.3046 -18
2726800 -18.1805 -18
2726900 -18.2506 -18
2727000 -18.0511 -18
2727100 -17.8546 -18
2727200 -18.1896 -18
2727300 -18.3267 -18
2727400 -18.2514 -18
2727500 -18.3619 -18
2727600 -18.1147 -18
2727700 -18.0995 -18
2727800 -18.4352 -18
2727900 -18.0362 -18
2728000 -17.8152 -18
2728100 -17.601 -18
2728200 -17.5774 -18
2728300 -17.2912 -18
2728400 -17.2047 -18
2728500 -17.2141 -18
2728600 -17.4154 -18
2728700 -17.3972 -18
2728800 -17.7128 -18
2728900 -17.9974 -18
2729000 -18.1389 -18
2729100 -18.0236 -18
2729200 -17.9968 -18
2729300 -18.17 -18
2729400 -18.4621 -18
2729500 -18.3905 -18
2729600 -18.3727 -18
2729700 -18.6471 -18
2729800 -18.8024 -18
2729900 -18.7372 -18
2730000 -18.5649 -18
2730100 -18.3913 -18
2730200 -18.3899 -18
2730300 -18.3087 -18
2730400 -18.401 -18
2730500 -18.507 -18
2730600 -18.2101 -18
2730700 -18.0471 -18
2730800 -17.6087 -18
2730900 -17.3935 -18
2731000 -17.4788 -18
2731100 -17.405 -18
2731200 -17.5465 -18
2731300 -17.7999 -18
2731400 -17.6789 -18
2731500 -17.2283 -18
2731600 -16.9322 -18
2731700 -17.0958 -18
2731800 -16.9603 -18
2731900 -17.0274 -18
2732000 -17.3897 -18
2732100 -17.7421 -18
2732200 -17.9382 -18
2732300 -18.0909 -18
2732400 -18.1087 -18
2732500 -17.9793 -18
2732600 -18.0588 -18
2732700 -18.0464 -18
2732800 -18.0836 -18
2732900 -17.9319 -18
2733000 -17.9994 -18
2733100 -18.1789 -18
2733200 -18.004 -18
2733300 -18.0586 -18
2733400 -18.3681 -18
2733500 -18.42 -18
2733600 -18.4917 -18
2733700 -18.4407 -18
2733800 -18.1733 -18
2733900 -17.9576 -18
2734000 -17.9699 -18
2734100 -18.1858 -18
2734200 -18.2566 -18
2734300 -18.05 -18
2734400 -17.695 -18
2734500 -17.6551 -18
2734600 -17.6267 -18
2734700 -17.6317 -18
2734800 -17.9137 -18
2734900 -18.2585 -18
2735000 -18.4181 -18
2735100 -18.5035 -18
2735200 -18.3929 -18
2735300 -18.489 -18
2735400 -18.331 -18
2735500 -18.5779 -18
2735600 -18.6369 -18
2735700 -18.1108 -18
2735800 -17.9592 -18
2735900 -17.8807 -18
2736000 -18.0458 -18
2736100 -18.2352 -18
2736200 -18.4824 -18
2736300 -18.1613 -18
2736400 -17.6666 -18
2736500 -17.5038 -18
2736600 -17.5423 -18
2736700 -17.5028 -18
2736800 -17.5573 -18
2736900 -17.6271 -18
2737000 -17.9271 -18
2737100 -18.136 -18
2737200 -18.3505 -18
2737300 -18.8573 -18
2737400 -18.8293 -18
2737500 -18.7456 -18
2737600 -18.2621 -18
2737700 -17.8475 -18
2737800 -17.6373 -18
2737900 -17.4863 -18
2738000 -17.4726 -18
2738100 -17.4394 -18
2738200 -17.309 -18
2738300 -17.2489 -18
2738400 -17.1287 -18
2738500 -17.1554 -18
2738600 -17.1892 -18
2738700 -17.467 -18
2738800 -17.7734 -18
2738900 -17.5475 -18
2739000 -17.4103 -18
2739100 -17.8926 -18
2739200 -18.3476 -18
2739300 -18.5592 -18
2739400 -18.7671 -18
2739500 -18.7495 -18
2739600 -18.8152 -18
2739700 -18.5949 -18
2739800 -18.6311 -18
2739900 -18.7968 -18
2740000 -18.7849 -18
2740100 -18.5819 -18
2740200 -18.5145 -18
2740300 -18.7698 -18
2740400 -18.4866 -18
2740500 -18.0153 -18
2740600 -17.7536 -18
2740700 -17.7214 -18
2740800 -17.999 -18
2740900 -18.3801 -18
2741000 -18.6881 -18
2741100 -18.2863 -18
2741200 -18.1502 -18
2741300 -18.2168 -18
2741400 -18.0782 -18
2741500 -17.9479 -18
2741600 -17.7798 -18
2741700 -17.7842 -18
2741800 -17.9552 -18
2741900 -18.0252 -18
2742000 -18.0419 -18
2742100 -18.0606 -18
2742200 -18.1331 -18
2742300 -18.2758 -18
2742400 -18.3924 -18
2742500 -18.3311 -18
2742600 -17.9927 -18
2742700 -17.8786 -18
2742800 -17.9472 -18
2742900 -17.8555 -18
2743000 -17.6622 -18
2743100 -17.711 -18
2743200 -17.5256 -18
2743300 -17.5632 -18
2743400 -17.8311 -18
2743500 -17.8113 -18
2743600 -17.9972 -18
2743700 -18.0761 -18
2743800 -17.7967 -18
2743900 -17.9369 -18
2744000 -18.0492 -18
2744100 -17.8667 -18
2744200 -17.836 -18
2744300 -17.8423 -18
2744400 -17.9817 -18
2744500 -18.4016 -18
2744600 -18.5311 -18
2744700 -18.4585 -18
2744800 -18.1964 -18
2744900 -17.9433 -18
2745000 -17.8452 -18
2745100 -17.4714 -18
2745200 -17.2427 -18
2745300 -17.4349 -18
2745400 -17.917 -18
2745500 -17.7177 -18
2745600 -17.5446 -18
2745700 -17.6332 -18
2745800 -17.8345 -18
2745900 -17.9334 -18
2746000 -17.8562 -18
2746100 -17.7766 -18
2746200 -17.8474 -18
2746300 -17.7513 -18
2746400 -17.4034 -18
2746500 -17.2555 -18
2746600 -17.6083 -18
2746700 -17.6502 -18
2746800 -17.3831 -18
2746900 -17.5056 -18
2747000 -17.6967 -18
2747100 -17.9272 -18
2747200 -17.7969 -18
2747300 -18.008 -18
2747400 -18.4632 -18
2747500 -18.6262 -18
2747600 -18.7645 -18
2747700 -18.6339 -18
2747800 -18.1583 -18
2747900 -18.2139 -18
2748000 -18.278 -18
2748100 -18.2242 -18
2748200 -18.1746 -18
2748300 -18.1937 -18
2748400 -18.2507 -18
2748500 -18.4417 -18
2748600 -18.5684 -18
2748700 -18.4111 -18
2748800 -18.1781 -18
2748900 -18.0827 -18
2749000 -18.1463 -18
2749100 -18.3539 -18
2749200 -18.2984 -18
2749300 -18.4711 -18
2749400 -18.5593 -18
2749500 -18.497 -18
2749600 -18.2707 -18
2749700 -18.2098 -18
2749800 -18.1474 -18
2749900 -18.1158 -18
2750000 -18.1291 -18
2750100 -18.0174 -18
2750200 -17.919 -18
2750300 -17.8489 -18
2750400 -17.9698 -18
2750500 -18.0331 -18
2750600 -17.901 -18
2750700 -17.4059 -18
2750800 -17.2973 -18
2750900 -17.4859 -18
2751000 -17.676 -18
2751100 -17.934 -18
2751200 -17.9329 -18
2751300 -18.2273 -18
2751400 -18.5506 -18
2751500 -18.5947 -18
2751600 -18.6387 -18
2751700 -18.9001 -18
2751800 -18.8467 -18
2751900 -18.6864 -18
2752000 -18.5257 -18
2752100 -18.3144 -18
2752200 -18.0507 -18
2752300 -17.6345 -18
2752400 -17.3949 -18
2752500 -17.1213 -18
2752600 -16.7903 -18
2752700 -16.9389 -18
2752800 -17.6727 -18
2752900 -18.2444 -18
2753000 -18.1774 -18
2753100 -18.1796 -18
2753200 -18.2241 -18
2753300 -18.2227 -18
2753400 -18.2562 -18
2753500 -17.9528 -18
2753600 -17.8831 -18
2753700 -17.7054 -18
2753800 -17.627 -18
2753900 -17.6331 -18
2754000 -17.7045 -18
2754100 -17.7289 -18
2754200 -17.742 -18
2754300 -17.7062 -18
2754400 -17.7666 -18
2754500 -17.7711 -18
2754600 -17.6011 -18
2754700 -17.611 -18
2754800 -17.4531 -18
2754900 -17.3061 -18
2755000 -17.4609 -18
2755100 -17.4412 -18
2755200 -17.6166 -18
2755300 -18.1262 -18
2755400 -18.1631 -18
2755500 -18.0504 -18
2755600 -17.9237 -18
2755700 -17.8664 -18
2755800 -18.1164 -18
2755900 -18.0315 -18
2756000 -18.0898 -18
2756100 -18.0761 -18
2756200 -17.9224 -18
2756300 -17.434 -18
2756400 -17.5551 -18
2756500 -17.8548 -18
2756600 -18.0836 -18
2756700 -17.9585 -18
2756800 -17.7801 -18
2756900 -17.6425 -18
2757000 -17.952 -18
2757100 -17.9437 -18
2757200 -17.9264 -18
2757300 -18.1899 -18
2757400 -18.3325 -18
2757500 -18.3364 -18
2757600 -18.2654 -18
2757700 -18 -18
2757800 -17.6727 -18
2757900 -17.3456 -18
2758000 -17.0658 -18
2758100 -17.2648 -18
2758200 -17.584 -18
2758300 -17.7548 -18
2758400 -18.1552 -18
2758500 -18.2897 -18
2758600 -18.2126 -18
2758700 -18.142 -18
2758800 -18.0444 -18
2758900 -17.9339 -18
2759000 -17.7984 -18
2759100 -17.7547 -18
2759200 -17.7745 -18
2759300 -17.5856 -18
2759400 -17.7845 -18
2759500 -18.133 -18
2759600 -18.2834 -18
2759700 -18.4128 -18
2759800 -18.6181 -18
2759900 -18.4415 -18
2760000 -18.2615 -18
2760100 -18.1959 -18
2760200 -18.2065 -18
2760300 -18.0861 -18
2760400 -17.8003 -18
2760500 -17.7193 -18
2760600 -17.8399 -18
2760700 -17.9891 -18
2760800 -18.0742 -18
2760900 -18.094 -18
2761000 -18.2608 -18
2761100 -18.3927 -18
2761200 -18.414 -18
2761300 -18.3229 -18
2761400 -18.6083 -18
2761500 -18.8634 -18
2761600 -18.4656 -18
2761700 -18.0127 -18
2761800 -17.8655 -18
2761900 -18.1382 -18
2762000 -18.2843 -18
2762100 -18.3045 -18
2762200 -18.4091 -18
2762300 -18.6165 -18
2762400 -18.6067 -18
2762500 -18.5569 -18
2762600 -18.3704 -18
2762700 -18.1953 -18
2762800 -18.0452 -18
2762900 -18.0102 -18
2763000 -17.8797 -18
2763100 -18.2286 -18
2763200 -18.2518 -18
2763300 -18.2827 -18
2763400 -18.31 -18
2763500 -17.9505 -18
2763600 -17.8847 -18
2763700 -18.16 -18
2763800 -18.4448 -18
2763900 -18.3017 -18
2764000 -18.5239 -18
2764100 -18.6121 -18
2764200 -18.6023 -18
2764300 -18.6038 -18
2764400 -18.4347 -18
2764500 -18.1383 -18
2764600 -18.2408 -18
2764700 -18.318 -18
2764800 -18.2838 -18
2764900 -18.2194 -18
2765000 -18.0937 -18
2765100 -17.8123 -18
2765200 -17.8573 -18
2765300 -17.864 -18
2765400 -17.9109 -18
2765500 -17.8998 -18
2765600 -18.1464 -18
2765700 -18.2529 -18
2765800 -18.3534 -18
2765900 -18.2289 -18
2766000 -18.1809 -18
2766100 -18.0091 -18
2766200 -18.1118 -18
2766300 -18.6181 -18
2766400 -18.6158 -18
2766500 -18.0845 -18
2766600 -17.9989 -18
2766700 -17.9169 -18
2766800 -17.7706 -18
2766900 -17.4785 -18
2767000 -17.8106 -18
2767100 -18.1325 -18
2767200 -17.957 -18
2767300 -17.9891 -18
2767400 -18.1804 -18
2767500 -18.4162 -18
2767600 -18.5352 -18
2767700 -18.7942 -18
2767800 -18.9494 -18
2767900 -18.8381 -18
2768000 -18.428 -18
2768100 -18.1095 -18
2768200 -18.0622 -18
2768300 -17.7891 -18
2768400 -18.0289 -18
2768500 -18.2085 -18
2768600 -18.4048 -18
2768700 -18.3392 -18
2768800 -18.5372 -18
2768900 -18.5416 -18
2769000 -18.0712 -18
2769100 -17.6679 -18
2769200 -17.3356 -18
2769300 -17.5232 -18
2769400 -17.5067 -18
2769500 -17.6823 -18
2769600 -18.0117 -18
2769700 -18.0971 -18
2769800 -17.7095 -18
2769900 -17.4769 -18
2770000 -17.9945 -18
2770100 -18.2419 -18
2770200 -18.2894 -18
2770300 -17.9347 -18
2770400 -17.6668 -18
2770500 -17.7498 -18
2770600 -17.9199 -18
2770700 -18.3173 -18
2770800 -18.1437 -18
2770900 -17.9053 -18
2771000 -18.0209 -18
2771100 -18.2345 -18
2771200 -18.1459 -18
2771300 -18.0041 -18
2771400 -17.9395 -18
2771500 -18.0207 -18
2771600 -18.0477 -18
2771700 -17.9248 -18
2771800 -18.4753 -18
2771900 -18.6426 -18
2772000 -18.6312 -18
2772100 -18.4037 -18
2772200 -18.1927 -18
2772300 -17.8923 -18
2772400 -17.6618 -18
2772500 -17.4851 -18
2772600 -17.7239 -18
2772700 -17.6396 -18
2772800 -17.7359 -18
2772900 -17.5716 -18
2773000 -17.2401 -18
2773100 -17.3145 -18
2773200 -17.6469 -18
2773300 -17.6054 -18
2773400 -17.794 -18
2773500 -17.6005 -18
2773600 -17.3718 -18
2773700 -17.3882 -18
2773800 -17.7321 -18
2773900 -18.0092 -18
2774000 -18.0654 -18
2774100 -18.3043 -18
2774200 -18.5073 -18
2774300 -18.3448 -18
2774400 -18.0882 -18
2774500 -17.8436 -18
2774600 -18.0204 -18
2774700 -18.3549 -18
2774800 -18.3601 -18
2774900 -18.0335 -18
2775000 -18.1368 -18
2775100 -18.0517 -18
2775200 -17.5943 -18
2775300 -17.2824 -18
2775400 -17.5189 -18
2775500 -17.6134 -18
2775600 -17.795 -18
2775700 -17.8568 -18
2775800 -17.9454 -18
2775900 -17.8829 -18
2776000 -18.0557 -18
2776100 -18.077 -18
2776200 -18.3827 -18
2776300 -18.6304 -18
2776400 -18.5446 -18
2776500 -18.3738 -18
2776600 -18.5218 -18
2776700 -18.3634 -18
2776800 -18.3545 -18
2776900 -18.2317 -18
2777000 -18.2651 -18
2777100 -17.9306 -18
2777200 -17.4693 -18
2777300 -17.2635 -18
2777400 -17.5279 -18
2777500 -17.8189 -18
2777600 -17.7677 -18
2777700 -17.6092 -18
2777800 -17.4282 -18
2777900 -17.3803 -18
2778000 -17.7528 -18
2778100 -17.74 -18
2778200 -17.6873 -18
2778300 -17.4132 -18
2778400 -17.2509 -18
2778500 -17.5042 -18
2778600 -17.4584 -18
2778700 -17.2085 -18
2778800 -17.1912 -18
2778900 -17.1587 -18
2779000 -17.3963 -18
2779100 -17.6967 -18
2779200 -17.5805 -18
2779300 -17.4436 -18
2779400 -17.4242 -18
2779500 -17.7365 -18
2779600 -18.0222 -18
2779700 -18.0878 -18
2779800 -18.1355 -18
2779900 -18.2132 -18
2780000 -18.0589 -18
2780100 -17.865 -18
2780200 -17.6622 -18
2780300 -17.6961 -18
2780400 -17.8135 -18
2780500 -17.862 -18
2780600 -17.6194 -18
2780700 -17.9931 -18
2780800 -18.2322 -18
2780900 -18.187 -18
2781000 -18.0557 -18
2781100 -17.7997 -18
2781200 -18.0681 -18
2781300 -18.0888 -18
2781400 -17.8708 -18
2781500 -17.9497 -18
2781600 -17.9249 -18
2781700 -17.7852 -18
2781800 -17.9573 -18
2781900 -18.482 -18
2782000 -18.8029 -18
2782100 -18.8016 -18
2782200 -18.8205 -18
2782300 -19.0826 -18
2782400 -18.7183 -18
2782500 -18.5179 -18
2782600 -18.2038 -18
2782700 -17.7499 -18
2782800 -17.4909 -18
2782900 -17.6513 -18
2783000 -17.8486 -18
2783100 -18.1613 -18
2783200 -18.2129 -18
2783300 -18.0389 -18
2783400 -17.9184 -18
2783500 -18.0143 -18
2783600 -17.9729 -18
2783700 -18.1008 -18
2783800 -18.2701 -18
2783900 -18.4868 -18
2784000 -18.7107 -18
2784100 -19.0672 -18
2784200 -19.1192 -18
2784300 -19.1051 -18
2784400 -18.6963 -18
2784500 -18.6025 -18
2784600 -18.6195 -18
2784700 -18.8694 -18
2784800 -18.5952 -18
2784900 -18.686 -18
2785000 -18.8656 -18
2785100 -18.7825 -18
2785200 -18.5942 -18
2785300 -18.421 -18
2785400 -18.1778 -18
2785500 -18.0317 -18
2785600 -18.0275 -18
2785700 -18.1446 -18
2785800 -18.3738 -18
2785900 -18.2649 -18
2786000 -18.1561 -18
2786100 -18.1678 -18
2786200 -18.1797 -18
2786300 -18.0397 -18
2786400 -18.2974 -18
2786500 -18.5658 -18
2786600 -18.4311 -18
2786700 -17.7688 -18
2786800 -17.4834 -18
2786900 -17.7349 -18
2787000 -18.0587 -18
2787100 -17.9828 -18
2787200 -17.7593 -18
2787300 -17.7795 -18
2787400 -17.9103 -18
2787500 -17.8153 -18
2787600 -18.0476 -18
2787700 -18.1427 -18
2787800 -17.9941 -18
2787900 -18.2572 -18
2788000 -18.1326 -18
2788100 -18.3352 -18
2788200 -18.384 -18
2788300 -18.2067 -18
2788400 -17.9223 -18
2788500 -17.8683 -18
2788600 -17.8622 -18
2788700 -18.1025 -18
2788800 -18.1553 -18
2788900 -17.932 -18
2789000 -18.0263 -18
2789100 -17.8933 -18
2789200 -17.6816 -18
2789300 -17.6692 -18
2789400 -17.7919 -18
2789500 -17.9401 -18
2789600 -17.8448 -18
2789700 -17.8224 -18
2789800 -18.1341 -18
2789900 -18.3553 -18
2790000 -18.5451 -18
2790100 -18.8463 -18
2790200 -18.854 -18
2790300 -18.5422 -18
2790400 -18.4871 -18
2790500 -18.1107 -18
2790600 -17.6077 -18
2790700 -17.7065 -18
2790800 -18.1056 -18
2790900 -18.331 -18
2791000 -18.4332 -18
2791100 -18.2882 -18
2791200 -18.0546 -18
2791300 -18.2741 -18
2791400 -18.5125 -18
2791500 -18.3828 -18
2791600 -18.3415 -18
2791700 -18.3276 -18
2791800 -18.2708 -18
2791900 -17.8838 -18
2792000 -17.5778 -18
2792100 -17.7794 -18
2792200 -17.9442 -18
2792300 -18.3323 -18
2792400 -18.5549 -18
2792500 -18.4687 -18
2792600 -18.5104 -18
2792700 -18.4049 -18
2792800 -18.3496 -18
2792900 -18.1537 -18
2793000 -17.8819 -18
2793100 -17.5723 -18
2793200 -17.6819 -18
2793300 -17.7864 -18
2793400 -18.1625 -18
2793500 -18.5521 -18
2793600 -18.3008 -18
2793700 -18.1197 -18
2793800 -18.1363 -18
2793900 -17.9909 -18
2794000 -18.186 -18
2794100 -18.2346 -18
2794200 -18.2323 -18
2794300 -18.2362 -18
2794400 -17.8393 -18
2794500 -17.6338 -18
2794600 -17.6152 -18
2794700 -17.6706 -18
2794800 -17.5291 -18
2794900 -17.2028 -18
2795000 -17.6714 -18
2795100 -18.0179 -18
2795200 -17.9299 -18
2795300 -17.7469 -18
2795400 -17.5604 -18
2795500 -17.8571 -18
2795600 -17.8843 -18
2795700 -17.8367 -18
2795800 -17.9433 -18
2795900 -18.1111 -18
2796000 -18.0682 -18
2796100 -17.5648 -18
2796200 -17.4696 -18
2796300 -17.3394 -18
2796400 -17.2789 -18
2796500 -17.3087 -18
2796600 -17.3492 -18
2796700 -17.7136 -18
2796800 -17.8596 -18
2796900 -17.9059 -18
2797000 -17.707 -18
2797100 -17.9316 -18
2797200 -18.2768 -18
2797300 -18.3249 -18
2797400 -18.2691 -18
2797500 -18.247 -18
2797600 -18.0577 -18
2797700 -18.0847 -18
2797800 -18.1896 -18
2797900 -18.0305 -18
2798000 -17.9247 -18
2798100 -18.0084 -18
2798200 -17.855 -18
2798300 -17.8128 -18
2798400 -18.1009 -18
2798500 -18.4783 -18
2798600 -18.1015 -18
2798700 -18.0159 -18
2798800 -18.04 -18
2798900 -17.9987 -18
2799000 -17.7823 -18
2799100 -18.1779 -18
2799200 -18.5365 -18
2799300 -18.616 -18
2799400 -18.5151 -18
2799500 -18.4101 -18
2799600 -18.3152 -18
2799700 -18.1123 -18
2799800 -18.1124 -18
2799900 -18.0342 -18
2800000 -17.7572 -18
