# Time-averaged data for fix myat1
# TimeStep v_xave v_xdes
19400100 24.2562 24
19400200 24.024 24
19400300 23.6441 24
19400400 23.5118 24
19400500 23.7697 24
19400600 23.9955 24
19400700 24.0187 24
19400800 24.0362 24
19400900 24.3441 24
19401000 24.0356 24
19401100 23.7879 24
19401200 23.8517 24
19401300 23.4897 24
19401400 23.1157 24
19401500 22.9955 24
19401600 23.2001 24
19401700 23.741 24
19401800 24.1394 24
19401900 24.247 24
19402000 24.4492 24
19402100 23.9829 24
19402200 23.6862 24
19402300 23.8236 24
19402400 23.6376 24
19402500 23.4219 24
19402600 23.3902 24
19402700 23.1903 24
19402800 22.9622 24
19402900 23.0995 24
19403000 23.1428 24
19403100 23.292 24
19403200 23.3658 24
19403300 23.3605 24
19403400 23.7391 24
19403500 24.3061 24
19403600 24.4061 24
19403700 24.2403 24
19403800 24.1614 24
19403900 24.1809 24
19404000 23.9743 24
19404100 24.0903 24
19404200 24.1982 24
19404300 24.0974 24
19404400 23.6911 24
19404500 23.3648 24
19404600 23.5653 24
19404700 23.5894 24
19404800 23.7397 24
19404900 23.597 24
19405000 23.1767 24
19405100 23.1403 24
19405200 23.4142 24
19405300 23.7301 24
19405400 23.8777 24
19405500 23.8917 24
19405600 24.0857 24
19405700 24.1767 24
19405800 23.9569 24
19405900 23.706 24
19406000 24.0501 24
19406100 24.2793 24
19406200 24.3298 24
19406300 24.0692 24
19406400 23.8507 24
19406500 23.8004 24
19406600 23.8698 24
19406700 24.2523 24
19406800 24.2585 24
19406900 24.1913 24
19407000 23.9796 24
19407100 23.7271 24
19407200 23.6574 24
19407300 23.4659 24
19407400 23.6562 24
19407500 23.8441 24
19407600 24.0685 24
19407700 23.9027 24
19407800 23.4753 24
19407900 23.1781 24
19408000 23.0673 24
19408100 23.303 24
19408200 23.736 24
19408300 23.7951 24
19408400 23.7857 24
19408500 23.7477 24
19408600 23.8263 24
19408700 23.7277 24
19408800 23.7761 24
19408900 23.7047 24
19409000 23.709 24
19409100 23.7378 24
19409200 23.9419 24
19409300 24.3388 24
19409400 24.6232 24
19409500 24.785 24
19409600 24.5077 24
19409700 24.2727 24
19409800 24.3188 24
19409900 24.7346 24
19410000 24.6324 24
19410100 24.3466 24
19410200 23.9983 24
19410300 24.1989 24
19410400 24.4321 24
19410500 24.6904 24
19410600 24.6086 24
19410700 24.3388 24
19410800 24.0867 24
19410900 24.1455 24
19411000 24.1843 24
19411100 24.0582 24
19411200 24.1266 24
19411300 24.2778 24
19411400 24.2613 24
19411500 23.8631 24
19411600 23.9014 24
19411700 24.0068 24
19411800 24.0252 24
19411900 23.8081 24
19412000 23.9703 24
19412100 24.0407 24
19412200 23.8161 24
19412300 23.9143 24
19412400 23.8787 24
19412500 23.775 24
19412600 24.3336 24
19412700 24.4811 24
19412800 24.1805 24
19412900 23.9576 24
19413000 24.0352 24
19413100 24.0596 24
19413200 24.064 24
19413300 24.0531 24
19413400 23.951 24
19413500 23.8784 24
19413600 23.7492 24
19413700 24.0027 24
19413800 23.9872 24
19413900 23.866 24
19414000 23.9973 24
19414100 24.198 24
19414200 24.0638 24
19414300 23.868 24
19414400 23.6494 24
19414500 23.4884 24
19414600 23.7697 24
19414700 23.9328 24
19414800 23.7595 24
19414900 23.8682 24
19415000 24.0134 24
19415100 24.0237 24
19415200 24.0586 24
19415300 24.4028 24
19415400 24.4093 24
19415500 23.7795 24
19415600 23.5718 24
19415700 23.991 24
19415800 24.1061 24
19415900 23.8226 24
19416000 23.708 24
19416100 23.7321 24
19416200 23.7934 24
19416300 24.1626 24
19416400 24.0883 24
19416500 23.7197 24
19416600 23.6878 24
19416700 23.8298 24
19416800 23.7403 24
19416900 23.9393 24
19417000 23.971 24
19417100 23.8932 24
19417200 24.2401 24
19417300 24.3141 24
19417400 24.224 24
19417500 24.1163 24
19417600 23.6156 24
19417700 23.4626 24
19417800 23.6924 24
19417900 23.7932 24
19418000 23.8732 24
19418100 23.854 24
19418200 23.8573 24
19418300 23.9442 24
19418400 24.1382 24
19418500 24.0669 24
19418600 24.1135 24
19418700 23.9235 24
19418800 23.8665 24
19418900 24.1083 24
19419000 24.0958 24
19419100 24.2752 24
19419200 24.6299 24
19419300 24.5137 24
19419400 24.1007 24
19419500 23.6828 24
19419600 24.0032 24
19419700 24.473 24
19419800 24.3252 24
19419900 24.2125 24
19420000 24.0675 24
19420100 23.7627 24
19420200 23.6958 24
19420300 23.8386 24
19420400 23.7032 24
19420500 23.9343 24
19420600 24.1787 24
19420700 24.0365 24
19420800 23.9986 24
19420900 24.4309 24
19421000 24.3229 24
19421100 23.9359 24
19421200 23.6664 24
19421300 23.8412 24
19421400 23.9674 24
19421500 23.6535 24
19421600 23.4791 24
19421700 23.3316 24
19421800 23.5148 24
19421900 23.7974 24
19422000 23.7466 24
19422100 23.8462 24
19422200 24.2619 24
19422300 24.39 24
19422400 24.6463 24
19422500 24.9748 24
19422600 24.987 24
19422700 24.6986 24
19422800 24.2759 24
19422900 24.1868 24
19423000 23.8952 24
19423100 24.1371 24
19423200 24.6096 24
19423300 24.7046 24
19423400 24.6682 24
19423500 24.4244 24
19423600 24.0731 24
19423700 23.9522 24
19423800 23.9524 24
19423900 23.8777 24
19424000 23.9079 24
19424100 23.8481 24
19424200 23.9309 24
19424300 23.7199 24
19424400 23.6579 24
19424500 23.7407 24
19424600 23.7015 24
19424700 23.799 24
19424800 23.8394 24
19424900 23.7387 24
19425000 23.7179 24
19425100 23.9174 24
19425200 24.0711 24
19425300 24.0993 24
19425400 24.0304 24
19425500 23.7779 24
19425600 23.4237 24
19425700 23.3466 24
19425800 23.4835 24
19425900 23.8795 24
19426000 24.0209 24
19426100 24.1045 24
19426200 23.9596 24
19426300 23.8485 24
19426400 23.6072 24
19426500 23.5977 24
19426600 23.6689 24
19426700 23.9203 24
19426800 24.1949 24
19426900 24.2746 24
19427000 24.1271 24
19427100 24.1193 24
19427200 24.2319 24
19427300 24.1832 24
19427400 24.0614 24
19427500 23.6692 24
19427600 23.7551 24
19427700 24.1311 24
19427800 24.0696 24
19427900 23.854 24
19428000 23.8527 24
19428100 23.7978 24
19428200 23.5621 24
19428300 23.643 24
19428400 23.8841 24
19428500 23.8921 24
19428600 23.6243 24
19428700 23.5888 24
19428800 23.5566 24
19428900 23.5371 24
19429000 23.7033 24
19429100 23.686 24
19429200 23.9655 24
19429300 24.0855 24
19429400 23.9013 24
19429500 23.8915 24
19429600 23.732 24
19429700 23.6724 24
19429800 23.6815 24
19429900 23.8966 24
19430000 24.0778 24
19430100 24.3495 24
19430200 24.2544 24
19430300 24.134 24
19430400 23.9976 24
19430500 23.9996 24
19430600 23.6862 24
19430700 23.577 24
19430800 23.4974 24
19430900 23.5721 24
19431000 23.7688 24
19431100 23.9491 24
19431200 24.0404 24
19431300 24.1251 24
19431400 24.1442 24
19431500 24.0998 24
19431600 24.1174 24
19431700 24.1201 24
19431800 24.1155 24
19431900 24.0913 24
19432000 23.8212 24
19432100 23.8309 24
19432200 24.0873 24
19432300 23.9118 24
19432400 23.9488 24
19432500 24.0873 24
19432600 24.1863 24
19432700 24.2114 24
19432800 24.135 24
19432900 24.0027 24
19433000 24.1436 24
19433100 24.2683 24
19433200 24.0269 24
19433300 23.7595 24
19433400 23.7011 24
19433500 23.7875 24
19433600 23.7985 24
19433700 23.6006 24
19433800 23.4411 24
19433900 23.6796 24
19434000 24.0919 24
19434100 24.0466 24
19434200 24.1434 24
19434300 24.2378 24
19434400 24.5281 24
19434500 24.6253 24
19434600 24.5105 24
19434700 24.3391 24
19434800 24.0627 24
19434900 24.1441 24
19435000 24.3153 24
19435100 24.1766 24
19435200 24.1677 24
19435300 24.1337 24
19435400 24.0326 24
19435500 23.9344 24
19435600 23.9525 24
19435700 24.1487 24
19435800 23.9861 24
19435900 23.8542 24
19436000 24.04 24
19436100 24.1857 24
19436200 24.3466 24
19436300 23.9089 24
19436400 23.3611 24
19436500 23.4733 24
19436600 23.7203 24
19436700 23.7547 24
19436800 23.9032 24
19436900 24.0479 24
19437000 23.9919 24
19437100 24.0349 24
19437200 23.648 24
19437300 23.6857 24
19437400 23.5613 24
19437500 23.6783 24
19437600 23.7172 24
19437700 23.9731 24
19437800 24.1915 24
19437900 24.394 24
19438000 24.3808 24
19438100 24.3569 24
19438200 24.3896 24
19438300 24.1868 24
19438400 24.0664 24
19438500 23.9402 24
19438600 24.3058 24
19438700 24.5889 24
19438800 24.5841 24
19438900 24.4237 24
19439000 24.1723 24
19439100 24.4069 24
19439200 24.5884 24
19439300 24.8493 24
19439400 25.1168 24
19439500 24.7773 24
19439600 24.4897 24
19439700 24.043 24
19439800 23.9751 24
19439900 24.0363 24
19440000 24.0828 24
19440100 23.9882 24
19440200 23.6888 24
19440300 23.4189 24
19440400 23.3276 24
19440500 22.8976 24
19440600 22.7476 24
19440700 23.0472 24
19440800 23.3066 24
19440900 23.5204 24
19441000 23.8807 24
19441100 23.9215 24
19441200 24.0368 24
19441300 24.2199 24
19441400 24.1197 24
19441500 23.8125 24
19441600 23.8361 24
19441700 23.9881 24
19441800 24.3056 24
19441900 24.4359 24
19442000 24.279 24
19442100 24.2923 24
19442200 24.3772 24
19442300 24.4063 24
19442400 24.0834 24
19442500 23.9897 24
19442600 23.8232 24
19442700 23.6303 24
19442800 23.5193 24
19442900 23.3212 24
19443000 23.4308 24
19443100 24.0327 24
19443200 24.2783 24
19443300 24.3358 24
19443400 24.5386 24
19443500 24.7015 24
19443600 24.6299 24
19443700 24.4329 24
19443800 24.1865 24
19443900 24.1351 24
19444000 24.1603 24
19444100 24.227 24
19444200 23.8651 24
19444300 23.4881 24
19444400 23.4897 24
19444500 23.7237 24
19444600 24.1809 24
19444700 24.4007 24
19444800 24.3226 24
19444900 24.2528 24
19445000 24.2535 24
19445100 23.9724 24
19445200 23.8852 24
19445300 24.0371 24
19445400 24.3698 24
19445500 23.9784 24
19445600 23.6985 24
19445700 23.3842 24
19445800 23.3996 24
19445900 23.625 24
19446000 24.0521 24
19446100 24.3131 24
19446200 24.4296 24
19446300 24.2783 24
19446400 23.8566 24
19446500 23.602 24
19446600 23.4726 24
19446700 23.347 24
19446800 23.3926 24
19446900 23.2845 24
19447000 23.3736 24
19447100 23.4993 24
19447200 23.4408 24
19447300 23.2719 24
19447400 23.1411 24
19447500 23.1384 24
19447600 23.2639 24
19447700 23.6421 24
19447800 23.7427 24
19447900 23.7552 24
19448000 23.9837 24
19448100 24.465 24
19448200 24.3363 24
19448300 24.0851 24
19448400 23.8953 24
19448500 23.8691 24
19448600 23.9187 24
19448700 24.0554 24
19448800 24.6339 24
19448900 24.9313 24
19449000 25.1175 24
19449100 25.016 24
19449200 24.8249 24
19449300 24.6514 24
19449400 24.5542 24
19449500 24.3107 24
19449600 24.3396 24
19449700 24.3213 24
19449800 24.3897 24
19449900 24.5308 24
19450000 24.851 24
19450100 24.9681 24
19450200 24.831 24
19450300 24.7071 24
19450400 24.5637 24
19450500 24.421 24
19450600 24.4371 24
19450700 24.7405 24
19450800 24.9249 24
19450900 24.9499 24
19451000 24.7083 24
19451100 24.2355 24
19451200 24.1543 24
19451300 24.3594 24
19451400 24.5555 24
19451500 24.663 24
19451600 24.042 24
19451700 23.7552 24
19451800 23.6722 24
19451900 23.7203 24
19452000 23.6923 24
19452100 24.0052 24
19452200 24.0967 24
19452300 24.038 24
19452400 24.2186 24
19452500 24.0285 24
19452600 23.7906 24
19452700 23.6413 24
19452800 23.4602 24
19452900 23.2118 24
19453000 23.2457 24
19453100 23.5453 24
19453200 23.7705 24
19453300 23.7245 24
19453400 23.725 24
19453500 23.8968 24
19453600 23.8872 24
19453700 23.7109 24
19453800 23.7445 24
19453900 23.676 24
19454000 24.014 24
19454100 23.9271 24
19454200 23.6853 24
19454300 23.8642 24
19454400 23.7724 24
19454500 23.8829 24
19454600 23.8394 24
19454700 23.6354 24
19454800 23.6353 24
19454900 23.7201 24
19455000 23.7895 24
19455100 23.7502 24
19455200 23.4092 24
19455300 23.4016 24
19455400 23.7546 24
19455500 23.8315 24
19455600 23.9542 24
19455700 23.9611 24
19455800 24.079 24
19455900 24.3011 24
19456000 24.3396 24
19456100 24.3869 24
19456200 24.4324 24
19456300 24.3805 24
19456400 24.4315 24
19456500 24.07 24
19456600 23.6623 24
19456700 23.6304 24
19456800 23.8346 24
19456900 23.7355 24
19457000 23.7212 24
19457100 23.5456 24
19457200 23.7945 24
19457300 23.6818 24
19457400 23.5007 24
19457500 23.4549 24
19457600 23.6537 24
19457700 23.7491 24
19457800 23.8155 24
19457900 23.9241 24
19458000 23.8956 24
19458100 24.2548 24
19458200 24.4002 24
19458300 24.7291 24
19458400 24.9091 24
19458500 24.8227 24
19458600 24.785 24
19458700 24.9378 24
19458800 24.8754 24
19458900 24.8852 24
19459000 24.7226 24
19459100 24.6241 24
19459200 24.7346 24
19459300 24.7668 24
19459400 24.569 24
19459500 24.2581 24
19459600 24.2496 24
19459700 24.3223 24
19459800 24.3159 24
19459900 24.2635 24
19460000 24.3269 24
19460100 24.2942 24
19460200 24.2019 24
19460300 24.0945 24
19460400 24.1664 24
19460500 24.4366 24
19460600 24.2714 24
19460700 23.8844 24
19460800 23.852 24
19460900 23.86 24
19461000 24.2823 24
19461100 24.4082 24
19461200 24.1852 24
19461300 24.1616 24
19461400 24.187 24
19461500 24.0628 24
19461600 23.7907 24
19461700 23.3813 24
19461800 23.5516 24
19461900 23.6973 24
19462000 23.7012 24
19462100 23.747 24
19462200 23.7166 24
19462300 23.7011 24
19462400 23.7706 24
19462500 24.0115 24
19462600 23.8435 24
19462700 23.5731 24
19462800 23.6787 24
19462900 23.8179 24
19463000 24.0318 24
19463100 24.1095 24
19463200 23.7911 24
19463300 24.1198 24
19463400 24.2875 24
19463500 24.1063 24
19463600 24.0693 24
19463700 24.0638 24
19463800 23.9977 24
19463900 24.0076 24
19464000 23.9017 24
19464100 23.8271 24
19464200 23.9559 24
19464300 24.2904 24
19464400 24.3731 24
19464500 24.3694 24
19464600 24.0133 24
19464700 23.4125 24
19464800 23.2216 24
19464900 23.2583 24
19465000 23.4113 24
19465100 23.7345 24
19465200 23.561 24
19465300 23.7729 24
19465400 24.0083 24
19465500 24.0649 24
19465600 24.2572 24
19465700 24.2149 24
19465800 24.0167 24
19465900 23.7839 24
19466000 23.9716 24
19466100 24.0643 24
19466200 24.3133 24
19466300 24.6545 24
19466400 24.3709 24
19466500 24.1229 24
19466600 24.0605 24
19466700 24.0303 24
19466800 24.1899 24
19466900 23.9599 24
19467000 24.2504 24
19467100 24.5891 24
19467200 24.6542 24
19467300 24.8537 24
19467400 24.4888 24
19467500 24.1842 24
19467600 24.1236 24
19467700 24.2523 24
19467800 24.389 24
19467900 24.2571 24
19468000 24.4975 24
19468100 24.8249 24
19468200 24.6321 24
19468300 24.5074 24
19468400 24.4018 24
19468500 24.2458 24
19468600 24.1614 24
19468700 24.0957 24
19468800 24.1735 24
19468900 24.1829 24
19469000 24.0819 24
19469100 23.9896 24
19469200 23.9795 24
19469300 24.1191 24
19469400 24.1831 24
19469500 23.9713 24
19469600 23.7433 24
19469700 23.9862 24
19469800 23.8081 24
19469900 23.7511 24
19470000 23.7008 24
19470100 23.5134 24
19470200 23.3927 24
19470300 23.6623 24
19470400 23.7178 24
19470500 23.7531 24
19470600 23.8566 24
19470700 24.0138 24
19470800 23.8406 24
19470900 24.1247 24
19471000 23.9981 24
19471100 23.9241 24
19471200 24.0285 24
19471300 24.2081 24
19471400 23.9013 24
19471500 23.9092 24
19471600 23.6273 24
19471700 23.3491 24
19471800 23.1163 24
19471900 23.1537 24
19472000 23.2266 24
19472100 23.6004 24
19472200 23.5453 24
19472300 23.3723 24
19472400 23.6377 24
19472500 23.9286 24
19472600 23.8218 24
19472700 23.8326 24
19472800 23.7084 24
19472900 23.6972 24
19473000 23.9888 24
19473100 23.7184 24
19473200 23.7788 24
19473300 23.9525 24
19473400 24.0656 24
19473500 24.1339 24
19473600 24.0799 24
19473700 24.1843 24
19473800 24.1424 24
19473900 24.2967 24
19474000 24.4815 24
19474100 24.6391 24
19474200 24.6576 24
19474300 24.3865 24
19474400 24.1183 24
19474500 24.0863 24
19474600 24.2679 24
19474700 24.2005 24
19474800 23.8331 24
19474900 23.8749 24
19475000 24.0669 24
19475100 24.0149 24
19475200 23.7482 24
19475300 23.8292 24
19475400 24.0199 24
19475500 24.3044 24
19475600 24.6779 24
19475700 24.879 24
19475800 25.1231 24
19475900 25.0055 24
19476000 24.4117 24
19476100 24.044 24
19476200 24.1763 24
19476300 24.3722 24
19476400 24.2789 24
19476500 24.0332 24
19476600 24.2953 24
19476700 24.5467 24
19476800 24.3045 24
19476900 24.2322 24
19477000 24.2352 24
19477100 24.2069 24
19477200 24.1469 24
19477300 23.9049 24
19477400 23.7365 24
19477500 23.5554 24
19477600 23.2967 24
19477700 23.1535 24
19477800 23.0839 24
19477900 23.2158 24
19478000 23.1328 24
19478100 23.3747 24
19478200 23.7802 24
19478300 23.9126 24
19478400 23.6536 24
19478500 23.417 24
19478600 23.373 24
19478700 23.408 24
19478800 23.6821 24
19478900 23.6678 24
19479000 23.5497 24
19479100 23.1961 24
19479200 23.1287 24
19479300 23.4391 24
19479400 23.6207 24
19479500 23.7392 24
19479600 24.1426 24
19479700 24.4823 24
19479800 24.7289 24
19479900 24.679 24
19480000 24.7378 24
19480100 24.6464 24
19480200 24.098 24
19480300 23.7706 24
19480400 23.7614 24
19480500 24.0272 24
19480600 24.0482 24
19480700 23.5669 24
19480800 23.6753 24
19480900 24.3092 24
19481000 24.4529 24
19481100 24.0725 24
19481200 23.997 24
19481300 24.2128 24
19481400 24.2697 24
19481500 23.7078 24
19481600 23.3319 24
19481700 23.0695 24
19481800 23.2017 24
19481900 23.5414 24
19482000 23.7595 24
19482100 23.7494 24
19482200 23.9882 24
19482300 24.3275 24
19482400 24.3171 24
19482500 24.3114 24
19482600 24.0849 24
19482700 24.2368 24
19482800 24.3713 24
19482900 24.1823 24
19483000 23.9009 24
19483100 23.9248 24
19483200 24.1632 24
19483300 24.4923 24
19483400 24.5643 24
19483500 24.3008 24
19483600 24.1314 24
19483700 24.0054 24
19483800 23.9119 24
19483900 23.7997 24
19484000 23.6091 24
19484100 23.6488 24
19484200 23.8304 24
19484300 24.1447 24
19484400 24.3245 24
19484500 24.1479 24
19484600 23.7056 24
19484700 23.7002 24
19484800 23.7266 24
19484900 23.8493 24
19485000 23.7679 24
19485100 23.7664 24
19485200 23.9697 24
19485300 23.8982 24
19485400 23.4876 24
19485500 23.6259 24
19485600 24.0166 24
19485700 24.4443 24
19485800 24.6324 24
19485900 24.754 24
19486000 24.1833 24
19486100 23.961 24
19486200 24.1237 24
19486300 24.2344 24
19486400 24.1312 24
19486500 24.317 24
19486600 24.3348 24
19486700 24.3524 24
19486800 24.4268 24
19486900 24.5913 24
19487000 24.746 24
19487100 24.6231 24
19487200 24.2941 24
19487300 23.9771 24
19487400 23.9552 24
19487500 24.0028 24
19487600 24.0787 24
19487700 24.0915 24
19487800 23.9633 24
19487900 23.7197 24
19488000 23.4455 24
19488100 23.3169 24
19488200 23.3062 24
19488300 23.4435 24
19488400 23.343 24
19488500 23.057 24
19488600 23.3883 24
19488700 23.971 24
19488800 24.1469 24
19488900 24.2965 24
19489000 24.1934 24
19489100 24.1537 24
19489200 23.8805 24
19489300 23.8282 24
19489400 23.7901 24
19489500 23.9353 24
19489600 23.8913 24
19489700 23.8577 24
19489800 23.6851 24
19489900 23.6363 24
19490000 23.8025 24
19490100 23.8246 24
19490200 23.6078 24
19490300 23.5304 24
19490400 23.854 24
19490500 24.1862 24
19490600 24.691 24
19490700 24.7893 24
19490800 24.5288 24
19490900 24.2352 24
19491000 24.1665 24
19491100 24.0949 24
19491200 24.2988 24
19491300 24.358 24
19491400 24.4483 24
19491500 24.3215 24
19491600 24.0715 24
19491700 23.7228 24
19491800 23.8387 24
19491900 23.9725 24
19492000 23.6509 24
19492100 23.572 24
19492200 23.7222 24
19492300 24.0256 24
19492400 24.0858 24
19492500 24.5536 24
19492600 24.9544 24
19492700 24.885 24
19492800 24.6087 24
19492900 24.2025 24
19493000 24.1089 24
19493100 24.1262 24
19493200 24.1526 24
19493300 24.2821 24
19493400 24.2582 24
19493500 24.2319 24
19493600 24.0732 24
19493700 23.6299 24
19493800 23.4225 24
19493900 23.4349 24
19494000 23.4637 24
19494100 23.6417 24
19494200 23.7717 24
19494300 24.031 24
19494400 24.155 24
19494500 24.2102 24
19494600 24.3959 24
19494700 24.2403 24
19494800 23.954 24
19494900 23.829 24
19495000 23.6657 24
19495100 23.3145 24
19495200 23.441 24
19495300 23.7023 24
19495400 23.7646 24
19495500 23.7318 24
19495600 23.8978 24
19495700 23.994 24
19495800 24.1468 24
19495900 24.1844 24
19496000 23.6834 24
19496100 23.8012 24
19496200 24.0437 24
19496300 24.0152 24
19496400 23.9588 24
19496500 23.7728 24
19496600 23.7758 24
19496700 23.8407 24
19496800 23.8202 24
19496900 23.5758 24
19497000 23.1553 24
19497100 23.066 24
19497200 23.2036 24
19497300 23.4261 24
19497400 23.6 24
19497500 23.8997 24
19497600 23.7554 24
19497700 23.8541 24
19497800 23.8333 24
19497900 23.5582 24
19498000 23.6334 24
19498100 23.638 24
19498200 23.5185 24
19498300 23.1982 24
19498400 23.1657 24
19498500 23.4281 24
19498600 23.5003 24
19498700 23.6558 24
19498800 23.753 24
19498900 23.9514 24
19499000 23.8579 24
19499100 23.9327 24
19499200 24.0165 24
19499300 24.1232 24
19499400 24.1987 24
19499500 24.4419 24
19499600 24.7839 24
19499700 25.0091 24
19499800 24.7641 24
19499900 24.5659 24
19500000 24.3453 24
19500100 24.2187 24
19500200 24.2076 24
19500300 23.9628 24
19500400 23.8914 24
19500500 24.011 24
19500600 24.4424 24
19500700 24.755 24
19500800 24.7507 24
19500900 24.6372 24
19501000 24.3757 24
19501100 24.2633 24
19501200 24.1274 24
19501300 24.1665 24
19501400 24.1665 24
19501500 24.1813 24
19501600 24.2896 24
19501700 24.5173 24
19501800 24.5044 24
19501900 24.6034 24
19502000 24.672 24
19502100 24.3249 24
19502200 24.0344 24
19502300 23.8506 24
19502400 24.0114 24
19502500 24.1899 24
19502600 24.2989 24
19502700 24.4474 24
19502800 24.4692 24
19502900 24.6286 24
19503000 24.49 24
19503100 24.3579 24
19503200 24.37 24
19503300 24.4422 24
19503400 24.3365 24
19503500 24.3419 24
19503600 24.0434 24
19503700 23.6955 24
19503800 23.5294 24
19503900 23.8555 24
19504000 24.1477 24
19504100 23.8045 24
19504200 23.643 24
19504300 23.7311 24
19504400 24.1249 24
19504500 23.8835 24
19504600 23.9023 24
19504700 24.2301 24
19504800 24.4342 24
19504900 24.572 24
19505000 24.6051 24
19505100 24.385 24
19505200 24.1952 24
19505300 24.0888 24
19505400 24.2297 24
19505500 23.8657 24
19505600 23.9444 24
19505700 24.0517 24
19505800 24.0693 24
19505900 24.006 24
19506000 23.9286 24
19506100 23.8974 24
19506200 24.1498 24
19506300 24.0864 24
19506400 23.5611 24
19506500 23.4006 24
19506600 23.6515 24
19506700 23.5848 24
19506800 23.257 24
19506900 22.8511 24
19507000 23.0188 24
19507100 23.2724 24
19507200 23.6518 24
19507300 24.0949 24
19507400 24.1542 24
19507500 24.2981 24
19507600 24.1337 24
19507700 24.0798 24
19507800 24.3178 24
19507900 24.2951 24
19508000 24.2372 24
19508100 24.332 24
19508200 24.263 24
19508300 24.4109 24
19508400 24.4976 24
19508500 24.5903 24
19508600 24.4671 24
19508700 24.4473 24
19508800 24.0412 24
19508900 23.9998 24
19509000 23.879 24
19509100 23.626 24
19509200 23.6009 24
19509300 23.6066 24
19509400 23.5964 24
19509500 23.4032 24
19509600 23.0575 24
19509700 23.3543 24
19509800 23.5986 24
19509900 23.6642 24
19510000 23.9551 24
19510100 24.0531 24
19510200 24.0291 24
19510300 23.8274 24
19510400 23.633 24
19510500 23.8243 24
19510600 23.9319 24
19510700 23.675 24
19510800 23.7052 24
19510900 23.7665 24
19511000 24.0349 24
19511100 23.7787 24
19511200 23.9929 24
19511300 24.1398 24
19511400 24.2162 24
19511500 24.1897 24
19511600 23.8336 24
19511700 23.5916 24
19511800 23.7927 24
19511900 24.0593 24
19512000 23.7306 24
19512100 23.6199 24
19512200 23.7177 24
19512300 23.9109 24
19512400 23.6751 24
19512500 23.7809 24
19512600 24.1359 24
19512700 24.3721 24
19512800 24.4264 24
19512900 24.3922 24
19513000 23.878 24
19513100 23.8803 24
19513200 24.2179 24
19513300 24.3664 24
19513400 24.1545 24
19513500 24.0029 24
19513600 24.0577 24
19513700 23.8889 24
19513800 23.7378 24
19513900 23.6467 24
19514000 23.4204 24
19514100 23.2752 24
19514200 23.28 24
19514300 23.7175 24
19514400 23.5983 24
19514500 23.4037 24
19514600 23.7796 24
19514700 24.0155 24
19514800 23.9629 24
19514900 24.0565 24
19515000 24.0264 24
19515100 23.7428 24
19515200 23.9287 24
19515300 24.1032 24
19515400 24.0906 24
19515500 24.2978 24
19515600 24.3883 24
19515700 24.205 24
19515800 24.4552 24
19515900 24.5022 24
19516000 24.3853 24
19516100 23.8477 24
19516200 23.5651 24
19516300 23.3508 24
19516400 23.5086 24
19516500 23.7139 24
19516600 23.6299 24
19516700 23.567 24
19516800 23.8384 24
19516900 23.8414 24
19517000 24.0315 24
19517100 23.9497 24
19517200 23.9268 24
19517300 23.935 24
19517400 24.0825 24
19517500 24.0177 24
19517600 23.7161 24
19517700 23.9097 24
19517800 24.1734 24
19517900 24.2865 24
19518000 24.0769 24
19518100 24.1126 24
19518200 24.6243 24
19518300 24.4897 24
19518400 23.9342 24
19518500 23.5519 24
19518600 23.4507 24
19518700 23.6761 24
19518800 23.6825 24
19518900 23.9028 24
19519000 24.004 24
19519100 23.9742 24
19519200 23.8692 24
19519300 23.5618 24
19519400 23.4012 24
19519500 23.6089 24
19519600 23.6188 24
19519700 23.7406 24
19519800 23.6427 24
19519900 23.4305 24
19520000 23.2436 24
19520100 23.0622 24
19520200 23.3019 24
19520300 23.5462 24
19520400 23.8087 24
19520500 24.3466 24
19520600 24.394 24
19520700 24.0164 24
19520800 23.9176 24
19520900 24.0353 24
19521000 23.8146 24
19521100 23.7754 24
19521200 23.7735 24
19521300 23.5906 24
19521400 23.6958 24
19521500 24.193 24
19521600 24.1115 24
19521700 23.7507 24
19521800 24.0562 24
19521900 24.2898 24
19522000 24.2164 24
19522100 24.2116 24
19522200 24.2265 24
19522300 24.0644 24
19522400 24.1088 24
19522500 23.9777 24
19522600 23.7927 24
19522700 23.7794 24
19522800 23.7636 24
19522900 23.7581 24
19523000 24.0494 24
19523100 24.3718 24
19523200 24.3716 24
19523300 24.1772 24
19523400 24.1195 24
19523500 24.0282 24
19523600 24.0971 24
19523700 24.3452 24
19523800 24.3112 24
19523900 24.5369 24
19524000 24.6543 24
19524100 24.5972 24
19524200 24.4115 24
19524300 24.1364 24
19524400 23.8099 24
19524500 23.5764 24
19524600 23.7881 24
19524700 23.7965 24
19524800 23.789 24
19524900 23.7118 24
19525000 23.528 24
19525100 23.7517 24
19525200 23.7379 24
19525300 23.6819 24
19525400 23.4041 24
19525500 23.0858 24
19525600 23.0157 24
19525700 23.2307 24
19525800 23.1395 24
19525900 23.3243 24
19526000 23.8309 24
19526100 23.807 24
19526200 23.7912 24
19526300 23.61 24
19526400 23.7132 24
19526500 23.738 24
19526600 23.9615 24
19526700 23.917 24
19526800 24.1065 24
19526900 24.3693 24
19527000 24.6515 24
19527100 24.3171 24
19527200 24.1499 24
19527300 23.9278 24
19527400 23.8676 24
19527500 24.3057 24
19527600 24.4494 24
19527700 24.1598 24
19527800 24.1472 24
19527900 24.5907 24
19528000 24.5959 24
19528100 23.9523 24
19528200 23.7933 24
19528300 24.2743 24
19528400 24.3648 24
19528500 24.1184 24
19528600 23.8943 24
19528700 24.1043 24
19528800 24.4608 24
19528900 24.5255 24
19529000 24.1369 24
19529100 23.9881 24
19529200 23.871 24
19529300 24.0835 24
19529400 24.2003 24
19529500 24.2164 24
19529600 24.284 24
19529700 24.2005 24
19529800 24.2871 24
19529900 24.2838 24
19530000 24.3047 24
19530100 24.3459 24
19530200 24.2698 24
19530300 24.2081 24
19530400 24.025 24
19530500 23.9747 24
19530600 23.9648 24
19530700 23.7482 24
19530800 23.41 24
19530900 23.5401 24
19531000 23.4639 24
19531100 23.322 24
19531200 23.3706 24
19531300 23.4045 24
19531400 23.2012 24
19531500 23.1941 24
19531600 23.4577 24
19531700 23.9084 24
19531800 24.1593 24
19531900 23.9391 24
19532000 23.7939 24
19532100 23.4956 24
19532200 23.3354 24
19532300 23.3348 24
19532400 23.1731 24
19532500 22.9885 24
19532600 23.2396 24
19532700 23.3744 24
19532800 23.5062 24
19532900 23.4837 24
19533000 23.61 24
19533100 23.6216 24
19533200 23.5856 24
19533300 23.3813 24
19533400 23.6894 24
19533500 23.7378 24
19533600 23.8943 24
19533700 24.4023 24
19533800 24.4712 24
19533900 24.7255 24
19534000 24.7975 24
19534100 24.8297 24
19534200 24.8704 24
19534300 24.8451 24
19534400 24.6005 24
19534500 24.7985 24
19534600 24.9944 24
19534700 24.9284 24
19534800 24.9291 24
19534900 24.9294 24
19535000 24.9284 24
19535100 24.8147 24
19535200 24.7594 24
19535300 24.469 24
19535400 24.3335 24
19535500 24.2114 24
19535600 23.887 24
19535700 23.5375 24
19535800 23.6482 24
19535900 23.7689 24
19536000 24.0737 24
19536100 24.1577 24
19536200 23.9144 24
19536300 23.5467 24
19536400 23.4348 24
19536500 23.5469 24
19536600 23.7271 24
19536700 23.9732 24
19536800 23.9807 24
19536900 23.6594 24
19537000 23.4884 24
19537100 23.2337 24
19537200 23.0415 24
19537300 23.1292 24
19537400 23.3745 24
19537500 23.6227 24
19537600 23.9158 24
19537700 24.062 24
19537800 24.3436 24
19537900 24.3371 24
19538000 24.0524 24
19538100 23.8589 24
19538200 23.7585 24
19538300 23.7122 24
19538400 23.6008 24
19538500 23.4669 24
19538600 23.5147 24
19538700 23.5295 24
19538800 23.699 24
19538900 23.8276 24
19539000 23.56 24
19539100 23.545 24
19539200 23.6543 24
19539300 23.5438 24
19539400 23.8214 24
19539500 24.084 24
19539600 23.8403 24
19539700 23.618 24
19539800 23.6924 24
19539900 23.6884 24
19540000 23.6872 24
19540100 23.8159 24
19540200 23.9315 24
19540300 23.8742 24
19540400 23.8089 24
19540500 23.5392 24
19540600 23.4894 24
19540700 23.6159 24
19540800 23.7976 24
19540900 24.2026 24
19541000 24.2956 24
19541100 24.2132 24
19541200 23.8638 24
19541300 23.7519 24
19541400 23.7787 24
19541500 23.6925 24
19541600 23.7017 24
19541700 23.6929 24
19541800 23.8485 24
19541900 23.8048 24
19542000 23.5232 24
19542100 23.6024 24
19542200 23.7746 24
19542300 23.7506 24
19542400 23.6972 24
19542500 23.7822 24
19542600 23.6776 24
19542700 23.4737 24
19542800 23.7025 24
19542900 23.9446 24
19543000 23.9673 24
19543100 23.5427 24
19543200 23.2636 24
19543300 23.2766 24
19543400 23.5374 24
19543500 23.6205 24
19543600 23.8258 24
19543700 24.0118 24
19543800 24.182 24
19543900 24.3805 24
19544000 24.616 24
19544100 24.7189 24
19544200 24.7416 24
19544300 24.3859 24
19544400 24.1021 24
19544500 24.0386 24
19544600 24.0387 24
19544700 24.1907 24
19544800 24.5444 24
19544900 24.6028 24
19545000 24.2093 24
19545100 23.976 24
19545200 23.8859 24
19545300 23.9719 24
19545400 24.137 24
19545500 24.5126 24
19545600 24.4756 24
19545700 24.138 24
19545800 23.7333 24
19545900 23.5393 24
19546000 23.5623 24
19546100 23.9517 24
19546200 24.0078 24
19546300 23.9286 24
19546400 23.6171 24
19546500 23.5895 24
19546600 23.7396 24
19546700 24.0074 24
19546800 24.1523 24
19546900 23.9689 24
19547000 23.6974 24
19547100 23.9248 24
19547200 24.0235 24
19547300 23.745 24
19547400 23.6362 24
19547500 23.7705 24
19547600 23.921 24
19547700 24.0365 24
19547800 23.7703 24
19547900 23.6117 24
19548000 23.5336 24
19548100 23.7593 24
19548200 23.6972 24
19548300 23.4671 24
19548400 23.2961 24
19548500 23.3239 24
19548600 23.4548 24
19548700 23.6279 24
19548800 23.5345 24
19548900 23.424 24
19549000 23.2186 24
19549100 23.4009 24
19549200 23.4111 24
19549300 23.5306 24
19549400 23.7457 24
19549500 23.7387 24
19549600 23.7356 24
19549700 23.7299 24
19549800 23.949 24
19549900 24.3334 24
19550000 24.4393 24
19550100 24.3966 24
19550200 24.412 24
19550300 24.5575 24
19550400 24.5447 24
19550500 24.096 24
19550600 23.7532 24
19550700 23.848 24
19550800 24.0294 24
19550900 24.1521 24
19551000 24.1859 24
19551100 24.199 24
19551200 23.7966 24
19551300 23.3878 24
19551400 23.2566 24
19551500 23.1349 24
19551600 22.9145 24
19551700 22.873 24
19551800 23.1802 24
19551900 23.6498 24
19552000 23.7356 24
19552100 23.5767 24
19552200 23.506 24
19552300 23.6232 24
19552400 23.9859 24
19552500 24.2925 24
19552600 24.2862 24
19552700 24.2553 24
19552800 24.3119 24
19552900 24.2166 24
19553000 24.004 24
19553100 23.9774 24
19553200 24.1637 24
19553300 23.8802 24
19553400 23.7384 24
19553500 24.0982 24
19553600 24.1431 24
19553700 24.1634 24
19553800 23.6681 24
19553900 23.3918 24
19554000 23.668 24
19554100 23.6825 24
19554200 23.7324 24
19554300 23.7554 24
19554400 23.7218 24
19554500 23.7803 24
19554600 23.6091 24
19554700 23.7422 24
19554800 23.9845 24
19554900 24.1109 24
19555000 24.2313 24
19555100 24.1069 24
19555200 23.8562 24
19555300 23.8427 24
19555400 23.9211 24
19555500 24.2226 24
19555600 24.4692 24
19555700 24.5234 24
19555800 24.4774 24
19555900 24.2886 24
19556000 24.3718 24
19556100 24.3313 24
19556200 24.5174 24
19556300 24.1999 24
19556400 23.6434 24
19556500 23.5914 24
19556600 23.7132 24
19556700 23.8008 24
19556800 23.7227 24
19556900 23.6563 24
19557000 23.7341 24
19557100 24.1103 24
19557200 24.5574 24
19557300 24.7494 24
19557400 24.7693 24
19557500 24.6971 24
19557600 24.6818 24
19557700 24.5272 24
19557800 24.4305 24
19557900 24.549 24
19558000 24.4439 24
19558100 24.4032 24
19558200 24.6595 24
19558300 24.829 24
19558400 24.9087 24
19558500 24.9304 24
19558600 24.6759 24
19558700 24.2608 24
19558800 24.0971 24
19558900 23.8408 24
19559000 23.7394 24
19559100 23.8014 24
19559200 23.7834 24
19559300 23.8584 24
19559400 24.059 24
19559500 24.2739 24
19559600 23.9671 24
19559700 23.8212 24
19559800 23.9623 24
19559900 24.0524 24
19560000 23.767 24
19560100 23.4567 24
19560200 23.5099 24
19560300 23.8072 24
19560400 23.9854 24
19560500 24.1854 24
19560600 24.3456 24
19560700 24.3197 24
19560800 24.51 24
19560900 24.5029 24
19561000 24.7304 24
19561100 24.6094 24
19561200 24.5434 24
19561300 23.9856 24
19561400 23.555 24
19561500 23.3713 24
19561600 23.4538 24
19561700 23.6334 24
19561800 24.0477 24
19561900 24.3701 24
19562000 24.2 24
19562100 23.5783 24
19562200 23.3627 24
19562300 23.5123 24
19562400 24.0871 24
19562500 24.3041 24
19562600 24.2535 24
19562700 23.9859 24
19562800 23.8904 24
19562900 24.1461 24
19563000 24.2976 24
19563100 24.4579 24
19563200 24.4578 24
19563300 24.3807 24
19563400 24.1795 24
19563500 24.0732 24
19563600 23.848 24
19563700 23.8032 24
19563800 23.2251 24
19563900 23.0357 24
19564000 23.0228 24
19564100 23.0182 24
19564200 23.0625 24
19564300 23.4762 24
19564400 23.7061 24
19564500 23.7885 24
19564600 24.0505 24
19564700 24.0703 24
19564800 23.9478 24
19564900 23.7279 24
19565000 23.6009 24
19565100 23.7797 24
19565200 23.819 24
19565300 23.8976 24
19565400 24.0778 24
19565500 23.9986 24
19565600 23.9763 24
19565700 23.7525 24
19565800 23.4855 24
19565900 23.5636 24
19566000 23.4872 24
19566100 23.1849 24
19566200 23.343 24
19566300 23.6547 24
19566400 23.8534 24
19566500 24.2197 24
19566600 24.5219 24
19566700 24.4574 24
19566800 24.3834 24
19566900 24.3611 24
19567000 24.2351 24
19567100 24.2537 24
19567200 24.0097 24
19567300 24.0774 24
19567400 24.2989 24
19567500 24.2604 24
19567600 23.9012 24
19567700 23.6675 24
19567800 23.5894 24
19567900 23.8053 24
19568000 23.6301 24
19568100 23.7634 24
19568200 23.891 24
19568300 24.0528 24
19568400 24.1711 24
19568500 24.2663 24
19568600 24.2395 24
19568700 24.261 24
19568800 24.484 24
19568900 24.4866 24
19569000 24.5622 24
19569100 24.6752 24
19569200 25.0143 24
19569300 24.6377 24
19569400 24.2689 24
19569500 24.5609 24
19569600 24.7835 24
19569700 24.5499 24
19569800 24.3707 24
19569900 24.171 24
19570000 24.351 24
19570100 24.4146 24
19570200 24.4497 24
19570300 24.4267 24
19570400 24.1334 24
19570500 24.0178 24
19570600 24.1593 24
19570700 24.4611 24
19570800 24.4788 24
19570900 24.3117 24
19571000 24.2313 24
19571100 23.9284 24
19571200 23.6452 24
19571300 23.2743 24
19571400 23.3797 24
19571500 23.5195 24
19571600 23.6177 24
19571700 23.8804 24
19571800 23.9807 24
19571900 23.7707 24
19572000 23.807 24
19572100 23.9193 24
19572200 23.6753 24
19572300 23.8354 24
19572400 24.0625 24
19572500 23.8265 24
19572600 23.6729 24
19572700 23.9477 24
19572800 24.2498 24
19572900 24.4158 24
19573000 24.4391 24
19573100 24.4784 24
19573200 24.7085 24
19573300 24.5399 24
19573400 24.1785 24
19573500 24.0116 24
19573600 23.7794 24
19573700 23.6911 24
19573800 23.9613 24
19573900 23.9629 24
19574000 23.8323 24
19574100 23.976 24
19574200 24.2474 24
19574300 24.4392 24
19574400 24.5505 24
19574500 24.3416 24
19574600 24.0929 24
19574700 24.1337 24
19574800 24.1234 24
19574900 23.8117 24
19575000 23.8298 24
19575100 24.0479 24
19575200 23.8154 24
19575300 23.6886 24
19575400 23.4073 24
19575500 23.1375 24
19575600 22.9714 24
19575700 23.274 24
19575800 23.6808 24
19575900 23.741 24
19576000 23.669 24
19576100 23.8585 24
19576200 23.7782 24
19576300 23.4504 24
19576400 23.566 24
19576500 23.6668 24
19576600 23.7158 24
19576700 23.8597 24
19576800 23.7295 24
19576900 23.7355 24
19577000 23.8298 24
19577100 23.7766 24
19577200 23.7835 24
19577300 23.5765 24
19577400 23.3845 24
19577500 23.6319 24
19577600 23.7264 24
19577700 23.7749 24
19577800 23.7158 24
19577900 23.6632 24
19578000 23.6184 24
19578100 23.7127 24
19578200 23.7617 24
19578300 23.8881 24
19578400 24.0878 24
19578500 24.0018 24
19578600 23.6515 24
19578700 23.3649 24
19578800 23.4689 24
19578900 23.7944 24
19579000 24.0767 24
19579100 24.4812 24
19579200 24.552 24
19579300 24.5012 24
19579400 24.5207 24
19579500 24.4249 24
19579600 24.4147 24
19579700 24.5296 24
19579800 24.6362 24
19579900 24.5142 24
19580000 24.5678 24
19580100 24.8754 24
19580200 24.821 24
19580300 24.8848 24
19580400 24.6421 24
19580500 24.3843 24
19580600 24.1437 24
19580700 24.2507 24
19580800 24.3724 24
19580900 24.2906 24
19581000 24.356 24
19581100 24.3419 24
19581200 23.958 24
19581300 23.8727 24
19581400 23.725 24
19581500 23.8617 24
19581600 23.7774 24
19581700 23.6219 24
19581800 23.8109 24
19581900 24.0042 24
19582000 24.1851 24
19582100 23.9827 24
19582200 23.7275 24
19582300 23.7798 24
19582400 23.8044 24
19582500 24.0199 24
19582600 24.1566 24
19582700 24.3605 24
19582800 24.805 24
19582900 24.7555 24
19583000 24.6008 24
19583100 24.3128 24
19583200 24.3856 24
19583300 24.2816 24
19583400 24.3892 24
19583500 24.2188 24
19583600 23.9984 24
19583700 23.8394 24
19583800 23.7444 24
19583900 23.9976 24
19584000 24.0761 24
19584100 23.9029 24
19584200 23.9939 24
19584300 24.4423 24
19584400 24.539 24
19584500 24.6101 24
19584600 24.3198 24
19584700 23.9176 24
19584800 23.8405 24
19584900 23.7403 24
19585000 23.6287 24
19585100 23.753 24
19585200 24.0251 24
19585300 24.333 24
19585400 24.6059 24
19585500 24.5927 24
19585600 24.4571 24
19585700 24.4227 24
19585800 24.2129 24
19585900 24.0206 24
19586000 23.7896 24
19586100 24.0279 24
19586200 24.3639 24
19586300 24.4024 24
19586400 24.3577 24
19586500 24.3449 24
19586600 24.1836 24
19586700 23.8281 24
19586800 23.6269 24
19586900 23.4678 24
19587000 23.1544 24
19587100 23.2009 24
19587200 23.8148 24
19587300 24.0901 24
19587400 24.5055 24
19587500 24.474 24
19587600 24.1689 24
19587700 24.2595 24
19587800 24.5198 24
19587900 24.3566 24
19588000 24.1518 24
19588100 23.7833 24
19588200 23.6475 24
19588300 23.7309 24
19588400 24.0371 24
19588500 24.4475 24
19588600 24.6553 24
19588700 24.5371 24
19588800 24.7789 24
19588900 24.9929 24
19589000 24.6875 24
19589100 24.7721 24
19589200 24.708 24
19589300 24.0286 24
19589400 23.6839 24
19589500 23.3854 24
19589600 23.3406 24
19589700 23.185 24
19589800 23.2422 24
19589900 23.7773 24
19590000 24.141 24
19590100 24.3959 24
19590200 24.5759 24
19590300 24.4341 24
19590400 24.1577 24
19590500 23.5268 24
19590600 23.6554 24
19590700 24.1115 24
19590800 24.2069 24
19590900 24.1777 24
19591000 24.4263 24
19591100 24.6016 24
19591200 24.8091 24
19591300 24.8064 24
19591400 24.6403 24
19591500 24.3105 24
19591600 23.9733 24
19591700 24.035 24
19591800 23.8088 24
19591900 23.611 24
19592000 23.4022 24
19592100 23.2564 24
19592200 23.4749 24
19592300 23.7111 24
19592400 23.9592 24
19592500 23.9697 24
19592600 23.7697 24
19592700 23.471 24
19592800 23.2019 24
19592900 22.9343 24
19593000 23.1342 24
19593100 23.3658 24
19593200 23.571 24
19593300 23.4827 24
19593400 23.2899 24
19593500 23.2173 24
19593600 23.5266 24
19593700 23.5088 24
19593800 23.4078 24
19593900 23.6602 24
19594000 24.002 24
19594100 24.2559 24
19594200 24.2689 24
19594300 24.2571 24
19594400 24.207 24
19594500 24.0929 24
19594600 23.9783 24
19594700 24.0889 24
19594800 23.9742 24
19594900 23.7139 24
19595000 23.794 24
19595100 23.9353 24
19595200 23.6929 24
19595300 23.5028 24
19595400 23.2328 24
19595500 23.1569 24
19595600 23.0511 24
19595700 23.3068 24
19595800 23.6988 24
19595900 23.9485 24
19596000 23.881 24
19596100 24.0386 24
19596200 24.0679 24
19596300 23.8442 24
19596400 23.6953 24
19596500 23.2807 24
19596600 23.4492 24
19596700 23.8329 24
19596800 23.9213 24
19596900 23.9056 24
19597000 23.3708 24
19597100 22.9128 24
19597200 22.7682 24
19597300 22.6506 24
19597400 22.6282 24
19597500 22.765 24
19597600 22.9685 24
19597700 23.3088 24
19597800 23.8739 24
19597900 24.1745 24
19598000 24.4199 24
19598100 24.3839 24
19598200 24.3749 24
19598300 23.8241 24
19598400 23.5397 24
19598500 23.5306 24
19598600 23.6192 24
19598700 23.6284 24
19598800 23.8493 24
19598900 23.8869 24
19599000 23.5427 24
19599100 23.6057 24
19599200 23.7172 24
19599300 23.5283 24
19599400 23.6851 24
19599500 23.8472 24
19599600 24.0635 24
19599700 24.3328 24
19599800 24.4461 24
19599900 24.0862 24
19600000 23.7991 24
