# Time-averaged data for fix myat1
# TimeStep v_xave v_xdes
13400100 8.86043 9
13400200 8.94536 9
13400300 8.99415 9
13400400 8.93937 9
13400500 8.99888 9
13400600 8.67839 9
13400700 8.50276 9
13400800 8.63941 9
13400900 8.64013 9
13401000 8.5447 9
13401100 9.04233 9
13401200 9.51147 9
13401300 9.94492 9
13401400 9.77459 9
13401500 9.78733 9
13401600 10.03 9
13401700 9.84695 9
13401800 9.24473 9
13401900 8.87725 9
13402000 9.03621 9
13402100 9.29648 9
13402200 9.17522 9
13402300 9.1051 9
13402400 9.15422 9
13402500 9.1491 9
13402600 9.35287 9
13402700 9.05517 9
13402800 8.72574 9
13402900 9.04107 9
13403000 9.17652 9
13403100 9.18342 9
13403200 9.1478 9
13403300 9.22476 9
13403400 9.0542 9
13403500 8.78513 9
13403600 8.78376 9
13403700 8.68863 9
13403800 8.70581 9
13403900 8.98749 9
13404000 9.22928 9
13404100 9.42391 9
13404200 9.10433 9
13404300 9.07353 9
13404400 8.99718 9
13404500 8.8727 9
13404600 8.89799 9
13404700 8.69364 9
13404800 8.76812 9
13404900 8.91854 9
13405000 9.01364 9
13405100 9.00494 9
13405200 9.16224 9
13405300 9.05955 9
13405400 9.05966 9
13405500 9.18646 9
13405600 9.54973 9
13405700 9.37403 9
13405800 9.07799 9
13405900 9.11653 9
13406000 9.29742 9
13406100 9.5325 9
13406200 9.38403 9
13406300 9.11346 9
13406400 8.94136 9
13406500 9.08994 9
13406600 9.05996 9
13406700 9.08377 9
13406800 9.01041 9
13406900 8.81805 9
13407000 8.45633 9
13407100 8.79617 9
13407200 9.23599 9
13407300 9.39214 9
13407400 9.65073 9
13407500 9.75287 9
13407600 9.49667 9
13407700 9.27519 9
13407800 9.397 9
13407900 9.33554 9
13408000 9.49175 9
13408100 9.56584 9
13408200 9.69665 9
13408300 9.67644 9
13408400 9.66559 9
13408500 9.72878 9
13408600 9.62252 9
13408700 9.38155 9
13408800 9.1788 9
13408900 9.26531 9
13409000 9.15388 9
13409100 8.93539 9
13409200 8.9332 9
13409300 8.91648 9
13409400 9.06597 9
13409500 8.93735 9
13409600 8.89169 9
13409700 8.95776 9
13409800 9.20779 9
13409900 9.27861 9
13410000 8.86132 9
13410100 8.64053 9
13410200 8.84588 9
13410300 9.04765 9
13410400 9.09859 9
13410500 8.84796 9
13410600 8.70031 9
13410700 8.49435 9
13410800 8.56679 9
13410900 8.89047 9
13411000 9.01136 9
13411100 8.88087 9
13411200 8.92353 9
13411300 9.0549 9
13411400 9.06302 9
13411500 9.16232 9
13411600 8.84021 9
13411700 8.62488 9
13411800 8.85054 9
13411900 9.12945 9
13412000 8.78661 9
13412100 8.90203 9
13412200 8.87496 9
13412300 8.5041 9
13412400 8.41772 9
13412500 8.82064 9
13412600 8.97854 9
13412700 9.00439 9
13412800 9.15385 9
13412900 8.88958 9
13413000 8.82431 9
13413100 8.75658 9
13413200 9.08659 9
13413300 9.26749 9
13413400 9.35113 9
13413500 9.1325 9
13413600 8.86358 9
13413700 8.66585 9
13413800 8.57809 9
13413900 8.70486 9
13414000 8.71477 9
13414100 8.98778 9
13414200 9.21484 9
13414300 9.27537 9
13414400 9.13176 9
13414500 9.26801 9
13414600 9.38905 9
13414700 9.15874 9
13414800 9.15272 9
13414900 8.79944 9
13415000 8.4939 9
13415100 8.48565 9
13415200 8.62679 9
13415300 8.72219 9
13415400 8.69024 9
13415500 8.81507 9
13415600 8.53667 9
13415700 8.39367 9
13415800 8.41947 9
13415900 8.62718 9
13416000 8.55335 9
13416100 8.50654 9
13416200 8.64383 9
13416300 8.85976 9
13416400 9.10145 9
13416500 9.11469 9
13416600 9.16655 9
13416700 9.25561 9
13416800 9.23923 9
13416900 9.40569 9
13417000 9.12248 9
13417100 8.90487 9
13417200 8.74384 9
13417300 9.0993 9
13417400 9.56205 9
13417500 9.61743 9
13417600 9.44271 9
13417700 9.31812 9
13417800 9.34567 9
13417900 8.97817 9
13418000 8.8435 9
13418100 8.72863 9
13418200 8.76145 9
13418300 8.62402 9
13418400 8.73559 9
13418500 8.78266 9
13418600 8.96176 9
13418700 9.07917 9
13418800 9.1227 9
13418900 9.23662 9
13419000 9.18104 9
13419100 9.26947 9
13419200 9.11426 9
13419300 8.60634 9
13419400 8.41845 9
13419500 8.63767 9
13419600 8.97798 9
13419700 9.15302 9
13419800 9.34022 9
13419900 9.13851 9
13420000 8.67451 9
13420100 8.52458 9
13420200 9.0892 9
13420300 9.51385 9
13420400 9.64219 9
13420500 9.1286 9
13420600 8.69 9
13420700 8.44616 9
13420800 8.69763 9
13420900 8.64662 9
13421000 8.54768 9
13421100 8.61847 9
13421200 8.83323 9
13421300 9.01332 9
13421400 8.87523 9
13421500 8.71266 9
13421600 8.60018 9
13421700 8.59232 9
13421800 8.59614 9
13421900 8.85145 9
13422000 9.04831 9
13422100 8.97096 9
13422200 8.6269 9
13422300 8.6343 9
13422400 8.63781 9
13422500 8.55348 9
13422600 8.36574 9
13422700 8.51109 9
13422800 8.21646 9
13422900 8.19866 9
13423000 8.32207 9
13423100 8.70194 9
13423200 9.00441 9
13423300 9.30065 9
13423400 9.45437 9
13423500 9.20788 9
13423600 9.34297 9
13423700 9.42277 9
13423800 9.30095 9
13423900 9.15961 9
13424000 8.7097 9
13424100 8.4935 9
13424200 8.56842 9
13424300 8.65351 9
13424400 8.60318 9
13424500 8.99764 9
13424600 9.26962 9
13424700 9.14509 9
13424800 9.54821 9
13424900 9.82865 9
13425000 9.65569 9
13425100 9.33308 9
13425200 9.61687 9
13425300 9.44164 9
13425400 9.42236 9
13425500 9.22508 9
13425600 9.16707 9
13425700 9.1125 9
13425800 9.21264 9
13425900 9.6982 9
13426000 9.93325 9
13426100 9.64258 9
13426200 9.19856 9
13426300 8.78854 9
13426400 8.48896 9
13426500 8.34024 9
13426600 8.43636 9
13426700 8.46234 9
13426800 8.62232 9
13426900 9.02453 9
13427000 8.98371 9
13427100 8.63206 9
13427200 8.43785 9
13427300 8.3297 9
13427400 8.40361 9
13427500 8.4155 9
13427600 8.45254 9
13427700 8.63854 9
13427800 8.92591 9
13427900 8.68737 9
13428000 8.86297 9
13428100 9.23444 9
13428200 9.30284 9
13428300 8.92262 9
13428400 8.63919 9
13428500 8.65579 9
13428600 8.66996 9
13428700 8.56618 9
13428800 8.65886 9
13428900 8.53008 9
13429000 8.4943 9
13429100 8.89576 9
13429200 9.07215 9
13429300 8.96407 9
13429400 9.20846 9
13429500 9.13957 9
13429600 9.21082 9
13429700 9.24695 9
13429800 9.3228 9
13429900 9.32449 9
13430000 9.24774 9
13430100 9.06512 9
13430200 8.61239 9
13430300 8.87739 9
13430400 9.13236 9
13430500 9.26355 9
13430600 9.3888 9
13430700 9.3507 9
13430800 9.3203 9
13430900 8.92458 9
13431000 8.58987 9
13431100 8.48804 9
13431200 8.90487 9
13431300 9.26633 9
13431400 9.48809 9
13431500 9.78363 9
13431600 9.44393 9
13431700 9.20946 9
13431800 9.08189 9
13431900 8.99914 9
13432000 9.02063 9
13432100 9.26345 9
13432200 9.20074 9
13432300 9.25963 9
13432400 9.36127 9
13432500 9.51968 9
13432600 9.88701 9
13432700 9.7342 9
13432800 9.70955 9
13432900 9.53619 9
13433000 9.20466 9
13433100 9.15681 9
13433200 9.47255 9
13433300 9.52281 9
13433400 9.768 9
13433500 9.8573 9
13433600 9.73211 9
13433700 9.75023 9
13433800 9.71913 9
13433900 9.67298 9
13434000 9.80974 9
13434100 9.66697 9
13434200 9.22469 9
13434300 9.21856 9
13434400 9.63814 9
13434500 9.6378 9
13434600 9.51321 9
13434700 9.3587 9
13434800 9.07772 9
13434900 9.06786 9
13435000 9.1142 9
13435100 9.2016 9
13435200 9.34112 9
13435300 9.38262 9
13435400 9.27912 9
13435500 9.15395 9
13435600 9.18511 9
13435700 9.22885 9
13435800 9.11022 9
13435900 9.15287 9
13436000 9.25184 9
13436100 9.25271 9
13436200 9.2291 9
13436300 9.03125 9
13436400 9.16335 9
13436500 9.16203 9
13436600 9.17322 9
13436700 9.318 9
13436800 9.31387 9
13436900 9.02856 9
13437000 9.10728 9
13437100 9.28688 9
13437200 8.95242 9
13437300 8.73479 9
13437400 8.77527 9
13437500 8.83558 9
13437600 8.7284 9
13437700 8.90245 9
13437800 9.08711 9
13437900 8.98363 9
13438000 8.82719 9
13438100 8.80008 9
13438200 8.66232 9
13438300 8.83404 9
13438400 9.19758 9
13438500 9.10202 9
13438600 9.07832 9
13438700 9.11978 9
13438800 9.3016 9
13438900 9.45484 9
13439000 9.12869 9
13439100 8.90727 9
13439200 8.80447 9
13439300 8.9906 9
13439400 9.41849 9
13439500 9.44134 9
13439600 9.32193 9
13439700 9.62177 9
13439800 9.43272 9
13439900 8.99516 9
13440000 8.89624 9
13440100 8.8602 9
13440200 8.8907 9
13440300 9.01807 9
13440400 8.84789 9
13440500 8.60619 9
13440600 8.71818 9
13440700 9.1089 9
13440800 9.34542 9
13440900 9.4038 9
13441000 9.35732 9
13441100 9.28039 9
13441200 8.89254 9
13441300 8.83556 9
13441400 8.97135 9
13441500 9.17383 9
13441600 9.15132 9
13441700 9.37848 9
13441800 9.85976 9
13441900 9.55971 9
13442000 9.47137 9
13442100 9.35347 9
13442200 9.18898 9
13442300 8.9149 9
13442400 8.93851 9
13442500 8.80571 9
13442600 8.72163 9
13442700 9.21839 9
13442800 9.33252 9
13442900 9.19846 9
13443000 9.22196 9
13443100 8.95736 9
13443200 8.80675 9
13443300 8.77723 9
13443400 8.82457 9
13443500 8.72388 9
13443600 8.66881 9
13443700 8.77171 9
13443800 8.93939 9
13443900 8.61303 9
13444000 8.26229 9
13444100 8.33917 9
13444200 8.55507 9
13444300 8.90936 9
13444400 9.13094 9
13444500 8.97198 9
13444600 8.9038 9
13444700 8.79894 9
13444800 8.67855 9
13444900 8.77321 9
13445000 9.12683 9
13445100 9.16167 9
13445200 9.31946 9
13445300 9.2778 9
13445400 9.24841 9
13445500 9.29237 9
13445600 9.29335 9
13445700 9.09897 9
13445800 8.96319 9
13445900 9.21997 9
13446000 9.46302 9
13446100 9.62553 9
13446200 9.63061 9
13446300 9.31336 9
13446400 9.26701 9
13446500 9.08515 9
13446600 8.56546 9
13446700 8.40987 9
13446800 8.87455 9
13446900 9.34736 9
13447000 9.10419 9
13447100 8.95444 9
13447200 8.8466 9
13447300 8.97916 9
13447400 8.85302 9
13447500 8.92155 9
13447600 9.03304 9
13447700 9.07108 9
13447800 8.77657 9
13447900 8.96267 9
13448000 9.17676 9
13448100 9.0402 9
13448200 8.86689 9
13448300 8.89298 9
13448400 9.12201 9
13448500 9.5475 9
13448600 9.34111 9
13448700 8.92018 9
13448800 8.98856 9
13448900 8.97966 9
13449000 8.89734 9
13449100 8.82385 9
13449200 8.74432 9
13449300 8.61716 9
13449400 8.8255 9
13449500 8.92426 9
13449600 9.03676 9
13449700 9.18372 9
13449800 8.95016 9
13449900 8.68582 9
13450000 8.74577 9
13450100 8.81645 9
13450200 8.81857 9
13450300 8.81225 9
13450400 8.85641 9
13450500 8.93786 9
13450600 9.07722 9
13450700 9.12032 9
13450800 9.17531 9
13450900 9.04509 9
13451000 9.00269 9
13451100 9.02886 9
13451200 8.65324 9
13451300 8.34647 9
13451400 8.23213 9
13451500 8.50134 9
13451600 8.81162 9
13451700 8.99511 9
13451800 9.04948 9
13451900 9.22693 9
13452000 9.26644 9
13452100 8.92234 9
13452200 8.82632 9
13452300 8.86402 9
13452400 8.86411 9
13452500 9.07933 9
13452600 9.34646 9
13452700 9.42467 9
13452800 9.5442 9
13452900 9.64007 9
13453000 9.46576 9
13453100 9.2921 9
13453200 9.46887 9
13453300 9.18554 9
13453400 9.31077 9
13453500 9.30572 9
13453600 9.44706 9
13453700 9.53272 9
13453800 9.26914 9
13453900 8.9113 9
13454000 9.05037 9
13454100 9.02705 9
13454200 9.21565 9
13454300 9.27813 9
13454400 9.2022 9
13454500 9.33202 9
13454600 9.54921 9
13454700 9.45695 9
13454800 9.44247 9
13454900 9.4453 9
13455000 9.45548 9
13455100 9.30663 9
13455200 8.94488 9
13455300 8.97088 9
13455400 8.89807 9
13455500 8.92243 9
13455600 9.033 9
13455700 9.29759 9
13455800 9.22156 9
13455900 9.05277 9
13456000 8.98184 9
13456100 9.0802 9
13456200 8.94325 9
13456300 8.68006 9
13456400 8.83119 9
13456500 8.81086 9
13456600 8.64175 9
13456700 8.57496 9
13456800 8.68139 9
13456900 8.69521 9
13457000 8.72423 9
13457100 9.17243 9
13457200 9.1278 9
13457300 8.89755 9
13457400 8.81663 9
13457500 8.82826 9
13457600 8.64382 9
13457700 8.50814 9
13457800 8.97209 9
13457900 9.17907 9
13458000 8.95615 9
13458100 9.06684 9
13458200 9.19046 9
13458300 9.37438 9
13458400 9.31052 9
13458500 9.37977 9
13458600 9.16312 9
13458700 9.11811 9
13458800 8.99865 9
13458900 9.00074 9
13459000 9.32765 9
13459100 9.26069 9
13459200 9.05663 9
13459300 9.15471 9
13459400 9.23371 9
13459500 9.04796 9
13459600 9.05716 9
13459700 9.24125 9
13459800 9.63973 9
13459900 9.73772 9
13460000 9.71783 9
13460100 9.7611 9
13460200 9.39778 9
13460300 9.00156 9
13460400 8.91239 9
13460500 8.82615 9
13460600 8.72619 9
13460700 9.0102 9
13460800 9.17884 9
13460900 9.08136 9
13461000 9.31833 9
13461100 9.11585 9
13461200 8.69329 9
13461300 8.33271 9
13461400 8.45405 9
13461500 8.40098 9
13461600 8.5121 9
13461700 8.68149 9
13461800 8.93466 9
13461900 8.98802 9
13462000 8.94023 9
13462100 8.7779 9
13462200 8.89703 9
13462300 9.01909 9
13462400 9.20726 9
13462500 9.17114 9
13462600 8.96934 9
13462700 8.93338 9
13462800 9.06558 9
13462900 9.16891 9
13463000 8.8846 9
13463100 8.53029 9
13463200 8.61064 9
13463300 8.44092 9
13463400 8.71709 9
13463500 8.99929 9
13463600 9.20458 9
13463700 9.04107 9
13463800 9.0839 9
13463900 9.23292 9
13464000 9.23618 9
13464100 9.56616 9
13464200 9.57365 9
13464300 9.43453 9
13464400 9.36518 9
13464500 9.53744 9
13464600 9.61984 9
13464700 9.45805 9
13464800 9.34873 9
13464900 9.03493 9
13465000 8.92882 9
13465100 8.96483 9
13465200 8.89973 9
13465300 8.87643 9
13465400 9.0062 9
13465500 9.09081 9
13465600 9.5158 9
13465700 9.36805 9
13465800 9.50852 9
13465900 9.51348 9
13466000 9.12747 9
13466100 9.17689 9
13466200 9.34118 9
13466300 9.40097 9
13466400 9.41141 9
13466500 9.33619 9
13466600 9.09891 9
13466700 9.00529 9
13466800 9.14282 9
13466900 9.4165 9
13467000 9.34685 9
13467100 9.37725 9
13467200 9.51009 9
13467300 9.66063 9
13467400 9.26426 9
13467500 8.63092 9
13467600 8.51963 9
13467700 8.70993 9
13467800 8.6387 9
13467900 8.20404 9
13468000 7.99463 9
13468100 8.2427 9
13468200 8.52336 9
13468300 8.86321 9
13468400 9.27036 9
13468500 9.14468 9
13468600 9.07084 9
13468700 8.85804 9
13468800 8.72163 9
13468900 8.73016 9
13469000 9.11237 9
13469100 9.58517 9
13469200 9.83629 9
13469300 9.86854 9
13469400 9.71891 9
13469500 9.74505 9
13469600 9.73383 9
13469700 9.71215 9
13469800 9.82201 9
13469900 9.64572 9
13470000 9.3964 9
13470100 9.11673 9
13470200 8.82435 9
13470300 9.11076 9
13470400 9.13525 9
13470500 8.6153 9
13470600 8.60924 9
13470700 8.74172 9
13470800 9.04355 9
13470900 9.02801 9
13471000 8.9 9
13471100 8.81979 9
13471200 8.97494 9
13471300 9.27486 9
13471400 9.37971 9
13471500 9.23511 9
13471600 9.23366 9
13471700 9.16892 9
13471800 9.12828 9
13471900 9.23188 9
13472000 8.93391 9
13472100 8.86539 9
13472200 9.35559 9
13472300 9.71312 9
13472400 9.90408 9
13472500 10.1159 9
13472600 10.1294 9
13472700 9.9066 9
13472800 9.52021 9
13472900 9.17454 9
13473000 9.03039 9
13473100 9.04665 9
13473200 9.22972 9
13473300 9.15907 9
13473400 9.1581 9
13473500 9.06497 9
13473600 9.22563 9
13473700 9.47666 9
13473800 9.60668 9
13473900 9.53745 9
13474000 9.54999 9
13474100 9.62513 9
13474200 9.85222 9
13474300 9.57393 9
13474400 9.43568 9
13474500 9.25506 9
13474600 9.38162 9
13474700 9.4858 9
13474800 9.63348 9
13474900 9.58517 9
13475000 9.24484 9
13475100 9.22885 9
13475200 9.28901 9
13475300 9.20079 9
13475400 8.92467 9
13475500 8.80129 9
13475600 8.87267 9
13475700 8.86319 9
13475800 8.94007 9
13475900 9.04865 9
13476000 9.12619 9
13476100 9.05412 9
13476200 9.03958 9
13476300 9.05858 9
13476400 9.26063 9
13476500 9.33292 9
13476600 8.84999 9
13476700 8.60848 9
13476800 8.69106 9
13476900 8.73388 9
13477000 8.59998 9
13477100 8.64658 9
13477200 8.66139 9
13477300 8.88342 9
13477400 9.02401 9
13477500 9.24645 9
13477600 9.22034 9
13477700 9.23617 9
13477800 9.15816 9
13477900 9.25994 9
13478000 9.52626 9
13478100 9.49296 9
13478200 9.21391 9
13478300 9.11134 9
13478400 9.04194 9
13478500 8.9341 9
13478600 9.11722 9
13478700 9.05428 9
13478800 9.08008 9
13478900 8.79142 9
13479000 8.28079 9
13479100 8.1877 9
13479200 8.45686 9
13479300 8.30045 9
13479400 8.32979 9
13479500 8.68496 9
13479600 8.80576 9
13479700 8.62866 9
13479800 8.78134 9
13479900 9.09009 9
13480000 9.26896 9
13480100 9.6074 9
13480200 9.32193 9
13480300 9.05789 9
13480400 8.88809 9
13480500 8.87849 9
13480600 8.81722 9
13480700 8.76417 9
13480800 8.44932 9
13480900 8.74387 9
13481000 9.22572 9
13481100 9.44994 9
13481200 9.54435 9
13481300 9.57748 9
13481400 9.58487 9
13481500 9.42193 9
13481600 9.31751 9
13481700 9.33746 9
13481800 9.10118 9
13481900 8.99127 9
13482000 8.88473 9
13482100 8.89951 9
13482200 8.93871 9
13482300 8.8219 9
13482400 8.46434 9
13482500 8.437 9
13482600 8.82697 9
13482700 8.56559 9
13482800 8.19347 9
13482900 8.22209 9
13483000 8.58858 9
13483100 8.84865 9
13483200 8.87332 9
13483300 8.75348 9
13483400 8.70556 9
13483500 8.69365 9
13483600 8.59945 9
13483700 8.6555 9
13483800 9.03118 9
13483900 9.17733 9
13484000 9.2245 9
13484100 9.10331 9
13484200 9.33998 9
13484300 9.79114 9
13484400 9.60141 9
13484500 9.23323 9
13484600 9.11327 9
13484700 9.14607 9
13484800 9.26154 9
13484900 9.38245 9
13485000 9.23985 9
13485100 9.15359 9
13485200 9.31206 9
13485300 9.50287 9
13485400 9.57989 9
13485500 9.36897 9
13485600 9.33974 9
13485700 9.12161 9
13485800 9.17809 9
13485900 9.487 9
13486000 9.49419 9
13486100 9.32673 9
13486200 9.38857 9
13486300 9.5727 9
13486400 9.59088 9
13486500 9.43293 9
13486600 9.30903 9
13486700 8.98398 9
13486800 8.98455 9
13486900 8.94879 9
13487000 8.85896 9
13487100 8.52175 9
13487200 8.58942 9
13487300 8.82881 9
13487400 8.82836 9
13487500 8.81057 9
13487600 8.64578 9
13487700 8.90933 9
13487800 9.00957 9
13487900 8.89319 9
13488000 8.87902 9
13488100 9.11369 9
13488200 8.99477 9
13488300 9.0891 9
13488400 9.25182 9
13488500 9.40934 9
13488600 9.61355 9
13488700 9.47661 9
13488800 9.41518 9
13488900 9.20519 9
13489000 9.23238 9
13489100 9.55549 9
13489200 9.81108 9
13489300 9.97042 9
13489400 9.71663 9
13489500 9.29566 9
13489600 8.83817 9
13489700 8.48975 9
13489800 8.64132 9
13489900 8.71754 9
13490000 8.81339 9
13490100 9.10953 9
13490200 9.30922 9
13490300 9.34972 9
13490400 9.19487 9
13490500 9.05105 9
13490600 9.18958 9
13490700 9.51667 9
13490800 9.79887 9
13490900 9.6766 9
13491000 9.61866 9
13491100 9.86851 9
13491200 9.78986 9
13491300 9.58406 9
13491400 9.42279 9
13491500 9.31463 9
13491600 9.2815 9
13491700 9.07377 9
13491800 9.02972 9
13491900 9.28823 9
13492000 9.51157 9
13492100 9.70609 9
13492200 9.80645 9
13492300 9.55037 9
13492400 9.34667 9
13492500 9.12519 9
13492600 8.91218 9
13492700 8.76891 9
13492800 8.65744 9
13492900 8.76096 9
13493000 9.24708 9
13493100 9.28922 9
13493200 8.80958 9
13493300 8.36809 9
13493400 8.18627 9
13493500 8.42077 9
13493600 8.99931 9
13493700 9.00394 9
13493800 8.95485 9
13493900 9.04911 9
13494000 9.00043 9
13494100 9.17459 9
13494200 9.07674 9
13494300 8.89269 9
13494400 9.10761 9
13494500 9.2879 9
13494600 9.25919 9
13494700 9.39613 9
13494800 9.3678 9
13494900 9.07484 9
13495000 8.88118 9
13495100 8.84402 9
13495200 8.77182 9
13495300 8.77564 9
13495400 8.54701 9
13495500 8.58885 9
13495600 8.90244 9
13495700 9.04709 9
13495800 9.2376 9
13495900 9.30139 9
13496000 9.03227 9
13496100 8.79356 9
13496200 8.67305 9
13496300 8.71883 9
13496400 8.36033 9
13496500 8.36401 9
13496600 8.50563 9
13496700 8.43285 9
13496800 8.25876 9
13496900 8.09132 9
13497000 8.37366 9
13497100 8.94743 9
13497200 9.39268 9
13497300 9.46744 9
13497400 9.11183 9
13497500 9.11933 9
13497600 9.124 9
13497700 9.09897 9
13497800 9.21996 9
13497900 9.46278 9
13498000 9.61435 9
13498100 9.58026 9
13498200 9.25084 9
13498300 8.93721 9
13498400 8.73022 9
13498500 8.83585 9
13498600 8.73925 9
13498700 8.96518 9
13498800 9.00295 9
13498900 8.66299 9
13499000 8.73061 9
13499100 9.09861 9
13499200 9.17491 9
13499300 8.92051 9
13499400 8.68098 9
13499500 8.52211 9
13499600 8.59757 9
13499700 8.88778 9
13499800 9.32732 9
13499900 9.21585 9
13500000 8.91165 9
13500100 8.82687 9
13500200 8.38188 9
13500300 8.27236 9
13500400 8.41567 9
13500500 8.7567 9
13500600 9.10646 9
13500700 9.30404 9
13500800 9.67071 9
13500900 9.56 9
13501000 9.36354 9
13501100 9.12188 9
13501200 9.19106 9
13501300 9.13978 9
13501400 9.08939 9
13501500 9.03157 9
13501600 8.81049 9
13501700 8.9472 9
13501800 9.19638 9
13501900 9.27952 9
13502000 9.39628 9
13502100 9.39723 9
13502200 9.2508 9
13502300 8.79954 9
13502400 8.6593 9
13502500 8.84024 9
13502600 9.09524 9
13502700 9.19687 9
13502800 9.37369 9
13502900 9.41986 9
13503000 9.07056 9
13503100 8.94495 9
13503200 9.41218 9
13503300 9.44416 9
13503400 9.39672 9
13503500 9.24114 9
13503600 9.28038 9
13503700 9.42453 9
13503800 9.57535 9
13503900 9.32529 9
13504000 9.33594 9
13504100 9.36204 9
13504200 9.42845 9
13504300 9.13744 9
13504400 8.84163 9
13504500 8.97198 9
13504600 8.76345 9
13504700 8.65129 9
13504800 8.51512 9
13504900 8.13239 9
13505000 8.13331 9
13505100 8.45686 9
13505200 8.4251 9
13505300 8.3392 9
13505400 8.87389 9
13505500 9.19324 9
13505600 9.63466 9
13505700 10.0821 9
13505800 10.1963 9
13505900 10.0107 9
13506000 9.29965 9
13506100 8.56618 9
13506200 8.41859 9
13506300 8.5336 9
13506400 8.67697 9
13506500 8.58859 9
13506600 8.59016 9
13506700 8.97082 9
13506800 9.12155 9
13506900 9.21192 9
13507000 8.95254 9
13507100 8.95288 9
13507200 9.13903 9
13507300 9.09728 9
13507400 8.9168 9
13507500 8.94695 9
13507600 8.91076 9
13507700 9.21473 9
13507800 9.39831 9
13507900 9.50226 9
13508000 9.5813 9
13508100 9.15006 9
13508200 9.13299 9
13508300 9.04097 9
13508400 8.7491 9
13508500 8.66559 9
13508600 8.7078 9
13508700 8.63728 9
13508800 8.57961 9
13508900 8.45983 9
13509000 8.26004 9
13509100 8.51664 9
13509200 9.05161 9
13509300 9.60657 9
13509400 9.63646 9
13509500 9.37678 9
13509600 9.08116 9
13509700 9.00655 9
13509800 9.33054 9
13509900 9.8442 9
13510000 9.83763 9
13510100 9.23825 9
13510200 8.43767 9
13510300 8.00115 9
13510400 8.01964 9
13510500 8.37113 9
13510600 8.65311 9
13510700 8.67749 9
13510800 8.2895 9
13510900 8.35579 9
13511000 8.68846 9
13511100 8.49414 9
13511200 8.52518 9
13511300 8.54356 9
13511400 8.7599 9
13511500 9.0087 9
13511600 9.29862 9
13511700 9.25945 9
13511800 9.05101 9
13511900 8.99979 9
13512000 8.84274 9
13512100 8.7453 9
13512200 8.80594 9
13512300 8.73988 9
13512400 8.50966 9
13512500 8.56351 9
13512600 8.99143 9
13512700 8.86135 9
13512800 8.85328 9
13512900 8.84685 9
13513000 8.71356 9
13513100 8.66553 9
13513200 8.70659 9
13513300 9.09411 9
13513400 9.40717 9
13513500 9.24341 9
13513600 9.07317 9
13513700 9.27871 9
13513800 9.46922 9
13513900 9.36405 9
13514000 9.49925 9
13514100 9.73087 9
13514200 9.65087 9
13514300 9.51652 9
13514400 9.50413 9
13514500 9.80582 9
13514600 9.58892 9
13514700 9.57165 9
13514800 9.81272 9
13514900 9.58691 9
13515000 9.15574 9
13515100 9.05179 9
13515200 9.11361 9
13515300 9.139 9
13515400 9.18947 9
13515500 9.38693 9
13515600 9.45198 9
13515700 9.10099 9
13515800 8.93173 9
13515900 8.90319 9
13516000 9.17876 9
13516100 9.42619 9
13516200 9.51591 9
13516300 9.44855 9
13516400 9.33609 9
13516500 9.28313 9
13516600 9.41344 9
13516700 9.40316 9
13516800 9.31956 9
13516900 9.11129 9
13517000 9.20964 9
13517100 9.16967 9
13517200 9.18815 9
13517300 9.20343 9
13517400 9.20426 9
13517500 9.32589 9
13517600 9.43462 9
13517700 9.6305 9
13517800 9.31571 9
13517900 8.85389 9
13518000 8.44599 9
13518100 8.73414 9
13518200 9.02055 9
13518300 8.95679 9
13518400 9.00234 9
13518500 9.08067 9
13518600 9.15057 9
13518700 9.17742 9
13518800 9.03258 9
13518900 8.8896 9
13519000 8.91014 9
13519100 8.89932 9
13519200 8.961 9
13519300 9.16409 9
13519400 9.37435 9
13519500 9.11906 9
13519600 8.82763 9
13519700 9.03005 9
13519800 9.16602 9
13519900 9.30128 9
13520000 9.47843 9
13520100 9.59843 9
13520200 9.6608 9
13520300 9.01462 9
13520400 8.72201 9
13520500 8.89264 9
13520600 9.14836 9
13520700 9.03531 9
13520800 9.04427 9
13520900 8.94473 9
13521000 9.18723 9
13521100 8.99786 9
13521200 8.79867 9
13521300 8.71132 9
13521400 8.40981 9
13521500 8.24715 9
13521600 8.49946 9
13521700 8.99727 9
13521800 9.2151 9
13521900 9.10858 9
13522000 8.67242 9
13522100 8.93195 9
13522200 9.09045 9
13522300 9.24234 9
13522400 9.35337 9
13522500 9.26164 9
13522600 9.14035 9
13522700 9.21407 9
13522800 9.30695 9
13522900 9.36519 9
13523000 9.52743 9
13523100 9.55231 9
13523200 9.58807 9
13523300 9.71875 9
13523400 9.34412 9
13523500 8.968 9
13523600 8.95561 9
13523700 8.71914 9
13523800 8.51795 9
13523900 8.76142 9
13524000 8.75635 9
13524100 8.68935 9
13524200 8.53206 9
13524300 8.51359 9
13524400 9.19343 9
13524500 9.51738 9
13524600 9.42215 9
13524700 9.17545 9
13524800 9.04644 9
13524900 8.86329 9
13525000 8.81931 9
13525100 8.74908 9
13525200 8.85223 9
13525300 9.21783 9
13525400 9.13064 9
13525500 9.32423 9
13525600 9.50595 9
13525700 9.46562 9
13525800 9.03771 9
13525900 9.08863 9
13526000 9.21504 9
13526100 9.14491 9
13526200 8.83686 9
13526300 8.44353 9
13526400 8.44889 9
13526500 8.59234 9
13526600 8.69248 9
13526700 8.81812 9
13526800 8.61938 9
13526900 8.2855 9
13527000 8.2579 9
13527100 8.76325 9
13527200 9.0697 9
13527300 8.91144 9
13527400 8.66677 9
13527500 8.75647 9
13527600 8.44922 9
13527700 8.36775 9
13527800 8.48484 9
13527900 8.49068 9
13528000 9.04041 9
13528100 9.43907 9
13528200 9.09551 9
13528300 8.60058 9
13528400 8.82422 9
13528500 9.06012 9
13528600 9.37339 9
13528700 9.58482 9
13528800 9.40918 9
13528900 9.05458 9
13529000 8.9213 9
13529100 8.90776 9
13529200 8.91851 9
13529300 8.69671 9
13529400 8.61095 9
13529500 8.96887 9
13529600 9.31801 9
13529700 9.29391 9
13529800 9.13209 9
13529900 8.75964 9
13530000 8.58345 9
13530100 8.7846 9
13530200 9.08649 9
13530300 8.90481 9
13530400 8.87032 9
13530500 9.15255 9
13530600 9.20078 9
13530700 9.60436 9
13530800 9.80683 9
13530900 9.46761 9
13531000 9.4648 9
13531100 9.42586 9
13531200 9.31091 9
13531300 9.26376 9
13531400 9.15009 9
13531500 9.24577 9
13531600 9.44189 9
13531700 9.32079 9
13531800 9.09071 9
13531900 8.81241 9
13532000 8.6378 9
13532100 8.82875 9
13532200 8.56556 9
13532300 8.54257 9
13532400 8.68877 9
13532500 8.9125 9
13532600 8.96981 9
13532700 8.72238 9
13532800 8.62104 9
13532900 8.71319 9
13533000 8.98101 9
13533100 9.14903 9
13533200 9.39268 9
13533300 9.58936 9
13533400 9.76228 9
13533500 9.35894 9
13533600 9.27245 9
13533700 9.65588 9
13533800 9.67921 9
13533900 9.4598 9
13534000 9.01585 9
13534100 9.16521 9
13534200 9.35723 9
13534300 9.26449 9
13534400 9.15484 9
13534500 9.06573 9
13534600 9.14137 9
13534700 9.31986 9
13534800 9.44538 9
13534900 9.40631 9
13535000 9.48087 9
13535100 9.75778 9
13535200 9.851 9
13535300 9.48576 9
13535400 8.92703 9
13535500 8.66159 9
13535600 9.06643 9
13535700 9.06913 9
13535800 8.77497 9
13535900 8.86469 9
13536000 8.78799 9
13536100 9.14716 9
13536200 9.15764 9
13536300 8.72858 9
13536400 8.4611 9
13536500 8.41935 9
13536600 8.6469 9
13536700 8.94547 9
13536800 8.83175 9
13536900 8.73522 9
13537000 8.7742 9
13537100 8.74809 9
13537200 8.7435 9
13537300 8.93355 9
13537400 9.0028 9
13537500 8.81446 9
13537600 8.67848 9
13537700 8.33183 9
13537800 8.3522 9
13537900 8.71872 9
13538000 8.96103 9
13538100 9.12332 9
13538200 9.20753 9
13538300 9.40418 9
13538400 9.52484 9
13538500 9.38434 9
13538600 9.29874 9
13538700 9.24439 9
13538800 8.81903 9
13538900 8.7947 9
13539000 8.80091 9
13539100 8.88052 9
13539200 9.00669 9
13539300 9.14982 9
13539400 9.24357 9
13539500 9.45052 9
13539600 9.32726 9
13539700 9.26857 9
13539800 9.19026 9
13539900 8.98488 9
13540000 8.80682 9
13540100 8.73524 9
13540200 8.74735 9
13540300 9.08506 9
13540400 9.08645 9
13540500 9.21631 9
13540600 9.02269 9
13540700 9.30771 9
13540800 9.381 9
13540900 9.10776 9
13541000 8.9532 9
13541100 9.20322 9
13541200 9.54062 9
13541300 9.63949 9
13541400 9.64867 9
13541500 9.56049 9
13541600 9.32218 9
13541700 8.80821 9
13541800 8.75293 9
13541900 8.99317 9
13542000 8.82487 9
13542100 8.64451 9
13542200 8.79395 9
13542300 8.75732 9
13542400 8.63712 9
13542500 8.60034 9
13542600 8.7915 9
13542700 8.98359 9
13542800 8.97599 9
13542900 8.9314 9
13543000 8.85593 9
13543100 8.91409 9
13543200 9.09266 9
13543300 9.04572 9
13543400 8.88982 9
13543500 8.85806 9
13543600 8.6354 9
13543700 8.055 9
13543800 7.919 9
13543900 7.91904 9
13544000 8.27167 9
13544100 8.36546 9
13544200 8.66613 9
13544300 8.81295 9
13544400 8.76867 9
13544500 8.61595 9
13544600 8.90827 9
13544700 9.33028 9
13544800 9.21424 9
13544900 9.23869 9
13545000 9.32498 9
13545100 8.98231 9
13545200 8.68718 9
13545300 8.98739 9
13545400 9.3291 9
13545500 9.25278 9
13545600 8.99752 9
13545700 8.76901 9
13545800 8.98108 9
13545900 9.36861 9
13546000 9.37191 9
13546100 9.41559 9
13546200 9.01133 9
13546300 8.98757 9
13546400 9.30397 9
13546500 9.11497 9
13546600 8.98133 9
13546700 8.95722 9
13546800 8.86141 9
13546900 8.9385 9
13547000 9.17362 9
13547100 9.28299 9
13547200 9.23667 9
13547300 8.93982 9
13547400 8.46334 9
13547500 8.38309 9
13547600 8.39395 9
13547700 8.71025 9
13547800 8.90208 9
13547900 8.90766 9
13548000 8.82027 9
13548100 9.17174 9
13548200 9.31299 9
13548300 9.30293 9
13548400 9.48428 9
13548500 9.36682 9
13548600 9.19297 9
13548700 9.38181 9
13548800 9.42486 9
13548900 9.17689 9
13549000 9.09456 9
13549100 8.98144 9
13549200 9.10973 9
13549300 9.23584 9
13549400 9.51966 9
13549500 9.57519 9
13549600 9.63814 9
13549700 9.40747 9
13549800 9.01226 9
13549900 8.51321 9
13550000 8.46377 9
13550100 8.82225 9
13550200 9.23548 9
13550300 9.2663 9
13550400 9.38726 9
13550500 9.55568 9
13550600 9.65783 9
13550700 9.74878 9
13550800 9.5967 9
13550900 9.33588 9
13551000 9.68503 9
13551100 9.89426 9
13551200 9.69074 9
13551300 9.45389 9
13551400 9.32741 9
13551500 9.1336 9
13551600 9.30749 9
13551700 9.57039 9
13551800 9.49382 9
13551900 9.17542 9
13552000 8.90106 9
13552100 8.76839 9
13552200 8.423 9
13552300 8.34619 9
13552400 8.67157 9
13552500 9.20584 9
13552600 9.30989 9
13552700 9.04083 9
13552800 8.67897 9
13552900 8.9287 9
13553000 9.19076 9
13553100 9.04512 9
13553200 9.18163 9
13553300 9.21089 9
13553400 9.09363 9
13553500 8.95784 9
13553600 8.76555 9
13553700 8.83991 9
13553800 8.868 9
13553900 8.72491 9
13554000 9.00103 9
13554100 9.12115 9
13554200 9.22176 9
13554300 9.18758 9
13554400 9.30343 9
13554500 9.43975 9
13554600 9.33732 9
13554700 9.31934 9
13554800 9.31999 9
13554900 9.44935 9
13555000 9.12591 9
13555100 9.09918 9
13555200 9.03465 9
13555300 8.75817 9
13555400 8.85931 9
13555500 9.07864 9
13555600 9.23699 9
13555700 9.35444 9
13555800 9.21736 9
13555900 9.22291 9
13556000 9.01168 9
13556100 8.80388 9
13556200 9.07825 9
13556300 9.11847 9
13556400 8.70859 9
13556500 8.49119 9
13556600 8.67672 9
13556700 8.85118 9
13556800 8.83819 9
13556900 8.83164 9
13557000 8.92105 9
13557100 8.76214 9
13557200 8.68836 9
13557300 8.57561 9
13557400 8.60788 9
13557500 8.81521 9
13557600 9.21082 9
13557700 9.19541 9
13557800 8.75035 9
13557900 8.39273 9
13558000 8.61139 9
13558100 8.95982 9
13558200 9.10312 9
13558300 9.45852 9
13558400 9.58028 9
13558500 9.54717 9
13558600 9.50869 9
13558700 9.54631 9
13558800 9.8072 9
13558900 9.85039 9
13559000 9.63334 9
13559100 9.03501 9
13559200 8.73478 9
13559300 8.60361 9
13559400 8.79285 9
13559500 9.10763 9
13559600 8.99065 9
13559700 9.04238 9
13559800 9.03156 9
13559900 8.97708 9
13560000 8.91819 9
13560100 8.655 9
13560200 8.46 9
13560300 8.55378 9
13560400 8.70651 9
13560500 8.71678 9
13560600 8.57829 9
13560700 8.70144 9
13560800 8.80529 9
13560900 8.92053 9
13561000 9.20723 9
13561100 9.61608 9
13561200 9.73367 9
13561300 9.50623 9
13561400 9.21596 9
13561500 9.39119 9
13561600 9.74891 9
13561700 9.72538 9
13561800 9.7009 9
13561900 9.71105 9
13562000 9.48766 9
13562100 9.49757 9
13562200 9.24318 9
13562300 8.69969 9
13562400 8.29022 9
13562500 8.3015 9
13562600 8.40899 9
13562700 8.52655 9
13562800 8.68022 9
13562900 8.71314 9
13563000 8.57997 9
13563100 8.98212 9
13563200 9.2501 9
13563300 9.04745 9
13563400 8.78293 9
13563500 8.71711 9
13563600 8.64131 9
13563700 8.90164 9
13563800 8.959 9
13563900 9.13742 9
13564000 9.37883 9
13564100 9.32168 9
13564200 9.69606 9
13564300 9.80683 9
13564400 9.7309 9
13564500 9.64806 9
13564600 9.71231 9
13564700 9.83599 9
13564800 9.78323 9
13564900 9.88139 9
13565000 10.0024 9
13565100 10.0145 9
13565200 10.2109 9
13565300 10.1589 9
13565400 10.12 9
13565500 9.87762 9
13565600 9.46826 9
13565700 8.87004 9
13565800 8.65739 9
13565900 8.96158 9
13566000 8.95935 9
13566100 8.56296 9
13566200 8.68715 9
13566300 8.88586 9
13566400 8.79877 9
13566500 8.85782 9
13566600 8.82512 9
13566700 8.77019 9
13566800 8.71464 9
13566900 8.73609 9
13567000 8.76934 9
13567100 8.74555 9
13567200 9.125 9
13567300 9.22715 9
13567400 9.04122 9
13567500 9.18304 9
13567600 9.27123 9
13567700 9.37372 9
13567800 9.4544 9
13567900 9.33179 9
13568000 9.45374 9
13568100 9.25419 9
13568200 9.12881 9
13568300 9.32179 9
13568400 9.71095 9
13568500 9.94271 9
13568600 9.97304 9
13568700 9.68278 9
13568800 9.41651 9
13568900 9.3773 9
13569000 9.4682 9
13569100 9.49133 9
13569200 9.46214 9
13569300 9.15454 9
13569400 9.39728 9
13569500 9.46981 9
13569600 9.44533 9
13569700 9.27012 9
13569800 9.15691 9
13569900 8.91366 9
13570000 8.83167 9
13570100 8.71564 9
13570200 8.66807 9
13570300 8.96015 9
13570400 8.9846 9
13570500 9.10388 9
13570600 9.37252 9
13570700 9.13681 9
13570800 8.81205 9
13570900 8.78276 9
13571000 8.8634 9
13571100 9.00009 9
13571200 9.1562 9
13571300 9.13092 9
13571400 8.91416 9
13571500 9.09695 9
13571600 9.27888 9
13571700 9.19796 9
13571800 9.01747 9
13571900 8.94816 9
13572000 9.26357 9
13572100 9.43585 9
13572200 9.30497 9
13572300 9.33585 9
13572400 9.36197 9
13572500 9.20367 9
13572600 9.23931 9
13572700 9.69415 9
13572800 9.75613 9
13572900 9.61182 9
13573000 9.19629 9
13573100 8.75354 9
13573200 8.69547 9
13573300 9.03356 9
13573400 9.28965 9
13573500 9.50915 9
13573600 9.45823 9
13573700 9.23479 9
13573800 9.44135 9
13573900 9.41729 9
13574000 9.109 9
13574100 9.14998 9
13574200 8.94189 9
13574300 8.68958 9
13574400 8.93607 9
13574500 9.18836 9
13574600 9.02049 9
13574700 9.3081 9
13574800 9.4519 9
13574900 9.32712 9
13575000 9.03799 9
13575100 8.81648 9
13575200 8.88789 9
13575300 9.15919 9
13575400 9.33224 9
13575500 9.30075 9
13575600 8.92796 9
13575700 8.65798 9
13575800 8.56644 9
13575900 8.508 9
13576000 8.83995 9
13576100 9.13515 9
13576200 9.23821 9
13576300 9.39281 9
13576400 9.43844 9
13576500 9.07463 9
13576600 8.97586 9
13576700 9.08024 9
13576800 9.13564 9
13576900 8.9606 9
13577000 9.12535 9
13577100 9.25256 9
13577200 9.02432 9
13577300 9.01705 9
13577400 9.07305 9
13577500 9.02133 9
13577600 9.05116 9
13577700 8.88169 9
13577800 8.63423 9
13577900 8.40725 9
13578000 8.83468 9
13578100 9.34727 9
13578200 9.28109 9
13578300 9.37541 9
13578400 9.35607 9
13578500 9.29381 9
13578600 9.16363 9
13578700 9.19819 9
13578800 9.13706 9
13578900 8.94842 9
13579000 9.06127 9
13579100 9.12845 9
13579200 9.21888 9
13579300 9.26847 9
13579400 8.99901 9
13579500 8.82733 9
13579600 8.68983 9
13579700 8.70671 9
13579800 8.78598 9
13579900 9.00968 9
13580000 9.16576 9
13580100 9.09807 9
13580200 9.10793 9
13580300 9.12718 9
13580400 9.07751 9
13580500 8.78928 9
13580600 8.88722 9
13580700 9.0327 9
13580800 9.09964 9
13580900 8.78185 9
13581000 8.66634 9
13581100 9.04001 9
13581200 9.3341 9
13581300 9.50113 9
13581400 9.29659 9
13581500 9.29273 9
13581600 8.99918 9
13581700 9.01037 9
13581800 9.02922 9
13581900 9.05996 9
13582000 9.00735 9
13582100 9.17934 9
13582200 9.25194 9
13582300 9.59245 9
13582400 9.89845 9
13582500 9.80138 9
13582600 9.6091 9
13582700 9.41198 9
13582800 9.38606 9
13582900 9.16169 9
13583000 9.20259 9
13583100 9.2015 9
13583200 9.17361 9
13583300 9.54906 9
13583400 9.51911 9
13583500 9.13961 9
13583600 9.17233 9
13583700 9.26206 9
13583800 9.2742 9
13583900 9.40251 9
13584000 9.66424 9
13584100 9.67688 9
13584200 9.33307 9
13584300 9.08603 9
13584400 8.88922 9
13584500 8.83572 9
13584600 8.91544 9
13584700 9.00408 9
13584800 9.04433 9
13584900 8.87405 9
13585000 9.01871 9
13585100 9.22443 9
13585200 9.21512 9
13585300 8.93137 9
13585400 8.83528 9
13585500 9.10441 9
13585600 9.40903 9
13585700 9.47718 9
13585800 9.44229 9
13585900 9.50204 9
13586000 9.40024 9
13586100 9.24669 9
13586200 9.3192 9
13586300 9.37498 9
13586400 9.44621 9
13586500 9.34629 9
13586600 9.5299 9
13586700 9.5026 9
13586800 9.15783 9
13586900 9.10902 9
13587000 9.31411 9
13587100 9.38157 9
13587200 9.46342 9
13587300 9.38392 9
13587400 9.21296 9
13587500 8.92643 9
13587600 9.00955 9
13587700 9.21738 9
13587800 9.10404 9
13587900 8.89026 9
13588000 8.79455 9
13588100 8.61407 9
13588200 8.61996 9
13588300 8.56351 9
13588400 8.91098 9
13588500 9.08572 9
13588600 9.19735 9
13588700 9.28376 9
13588800 9.42632 9
13588900 9.25601 9
13589000 9.29578 9
13589100 9.05106 9
13589200 8.71541 9
13589300 8.76689 9
13589400 8.88459 9
13589500 8.72683 9
13589600 8.55894 9
13589700 9.00364 9
13589800 9.26122 9
13589900 9.24765 9
13590000 9.49408 9
13590100 9.52772 9
13590200 9.31178 9
13590300 9.3137 9
13590400 9.18919 9
13590500 8.82414 9
13590600 8.87181 9
13590700 9.02578 9
13590800 8.9385 9
13590900 9.17295 9
13591000 9.40651 9
13591100 9.21772 9
13591200 9.23907 9
13591300 9.13149 9
13591400 9.04838 9
13591500 8.90471 9
13591600 8.84533 9
13591700 8.97477 9
13591800 9.24708 9
13591900 9.17381 9
13592000 9.37961 9
13592100 9.42096 9
13592200 9.4452 9
13592300 9.20897 9
13592400 9.13501 9
13592500 8.83069 9
13592600 8.61213 9
13592700 8.83013 9
13592800 9.05049 9
13592900 8.98676 9
13593000 9.00651 9
13593100 8.85619 9
13593200 8.83317 9
13593300 8.77586 9
13593400 8.64115 9
13593500 8.93468 9
13593600 9.05065 9
13593700 9.12636 9
13593800 9.07754 9
13593900 8.88604 9
13594000 8.68817 9
13594100 8.817 9
13594200 9.11393 9
13594300 8.88282 9
13594400 8.84861 9
13594500 9.17678 9
13594600 9.15821 9
13594700 9.11539 9
13594800 8.97785 9
13594900 8.87001 9
13595000 9.13832 9
13595100 9.08388 9
13595200 9.15771 9
13595300 9.37015 9
13595400 9.46933 9
13595500 9.25538 9
13595600 9.21218 9
13595700 9.38037 9
13595800 9.20711 9
13595900 9.25694 9
13596000 9.19467 9
13596100 9.30351 9
13596200 9.13199 9
13596300 8.98499 9
13596400 9.04913 9
13596500 8.94851 9
13596600 8.70987 9
13596700 8.96072 9
13596800 9.22883 9
13596900 9.54516 9
13597000 9.64013 9
13597100 9.44551 9
13597200 9.32406 9
13597300 9.26998 9
13597400 9.30263 9
13597500 9.13338 9
13597600 8.96458 9
13597700 8.79168 9
13597800 8.94772 9
13597900 9.33575 9
13598000 9.48781 9
13598100 9.73102 9
13598200 9.50657 9
13598300 9.30713 9
13598400 9.2137 9
13598500 9.37404 9
13598600 9.42999 9
13598700 9.26426 9
13598800 9.12248 9
13598900 9.06544 9
13599000 8.66368 9
13599100 8.21208 9
13599200 8.35426 9
13599300 8.93151 9
13599400 9.09416 9
13599500 9.59937 9
13599600 9.50238 9
13599700 9.34698 9
13599800 9.16734 9
13599900 8.57321 9
13600000 8.31952 9
