# Time-averaged data for fix myat1
# TimeStep v_xave v_xdes
9400100 -1.64581 -1
9400200 -1.491 -1
9400300 -1.59052 -1
9400400 -1.37766 -1
9400500 -1.28118 -1
9400600 -0.734314 -1
9400700 -0.775476 -1
9400800 -0.909991 -1
9400900 -0.726228 -1
9401000 -0.66727 -1
9401100 -0.958633 -1
9401200 -1.0194 -1
9401300 -0.991077 -1
9401400 -0.747624 -1
9401500 -0.676174 -1
9401600 -0.798807 -1
9401700 -1.11619 -1
9401800 -1.15045 -1
9401900 -1.1909 -1
9402000 -1.19588 -1
9402100 -1.17572 -1
9402200 -1.0448 -1
9402300 -1.18489 -1
9402400 -1.35622 -1
9402500 -1.2851 -1
9402600 -0.946038 -1
9402700 -0.587782 -1
9402800 -0.689108 -1
9402900 -1.17868 -1
9403000 -1.27363 -1
9403100 -0.930092 -1
9403200 -0.521791 -1
9403300 -0.763655 -1
9403400 -0.962728 -1
9403500 -0.595188 -1
9403600 -0.482254 -1
9403700 -0.530148 -1
9403800 -0.810056 -1
9403900 -0.750149 -1
9404000 -0.924477 -1
9404100 -1.205 -1
9404200 -1.50681 -1
9404300 -1.31006 -1
9404400 -1.18361 -1
9404500 -1.21183 -1
9404600 -1.25242 -1
9404700 -1.30498 -1
9404800 -1.27093 -1
9404900 -1.21337 -1
9405000 -0.980998 -1
9405100 -0.823564 -1
9405200 -0.875785 -1
9405300 -0.938075 -1
9405400 -1.21302 -1
9405500 -1.16877 -1
9405600 -1.00279 -1
9405700 -1.0306 -1
9405800 -1.2813 -1
9405900 -1.55295 -1
9406000 -1.57996 -1
9406100 -1.55379 -1
9406200 -1.67106 -1
9406300 -1.83327 -1
9406400 -2.12515 -1
9406500 -1.87853 -1
9406600 -1.41756 -1
9406700 -1.22506 -1
9406800 -1.19625 -1
9406900 -1.17315 -1
9407000 -1.37701 -1
9407100 -1.39239 -1
9407200 -1.43745 -1
9407300 -1.54611 -1
9407400 -1.74337 -1
9407500 -1.84905 -1
9407600 -1.62821 -1
9407700 -0.910443 -1
9407800 -0.554771 -1
9407900 -0.651547 -1
9408000 -0.728752 -1
9408100 -0.78753 -1
9408200 -0.642004 -1
9408300 -0.766408 -1
9408400 -0.738334 -1
9408500 -0.79489 -1
9408600 -0.628521 -1
9408700 -0.796352 -1
9408800 -1.0282 -1
9408900 -1.01023 -1
9409000 -1.21158 -1
9409100 -1.28399 -1
9409200 -0.896563 -1
9409300 -0.758545 -1
9409400 -0.795891 -1
9409500 -1.04862 -1
9409600 -1.13663 -1
9409700 -1.34311 -1
9409800 -1.51095 -1
9409900 -1.8891 -1
9410000 -1.81482 -1
9410100 -1.74571 -1
9410200 -1.58422 -1
9410300 -1.4245 -1
9410400 -1.21251 -1
9410500 -1.16065 -1
9410600 -1.20268 -1
9410700 -1.27676 -1
9410800 -1.25762 -1
9410900 -1.44039 -1
9411000 -1.40002 -1
9411100 -1.28127 -1
9411200 -1.27569 -1
9411300 -1.39566 -1
9411400 -1.61827 -1
9411500 -1.92223 -1
9411600 -1.92815 -1
9411700 -1.84181 -1
9411800 -1.54775 -1
9411900 -1.64099 -1
9412000 -1.64906 -1
9412100 -1.13852 -1
9412200 -1.02294 -1
9412300 -1.21716 -1
9412400 -1.55087 -1
9412500 -1.81221 -1
9412600 -1.70373 -1
9412700 -1.39838 -1
9412800 -1.23949 -1
9412900 -0.902622 -1
9413000 -0.620521 -1
9413100 -0.565897 -1
9413200 -0.57676 -1
9413300 -0.442474 -1
9413400 -0.797623 -1
9413500 -1.06513 -1
9413600 -1.05839 -1
9413700 -1.3223 -1
9413800 -0.898423 -1
9413900 -0.937325 -1
9414000 -0.670751 -1
9414100 -0.763748 -1
9414200 -1.01679 -1
9414300 -0.969341 -1
9414400 -1.07601 -1
9414500 -0.920447 -1
9414600 -0.910124 -1
9414700 -0.866666 -1
9414800 -0.768161 -1
9414900 -0.844591 -1
9415000 -1.15412 -1
9415100 -1.28391 -1
9415200 -1.24923 -1
9415300 -1.2228 -1
9415400 -0.82622 -1
9415500 -0.796296 -1
9415600 -0.823604 -1
9415700 -0.822186 -1
9415800 -1.11697 -1
9415900 -1.21262 -1
9416000 -1.29075 -1
9416100 -1.02253 -1
9416200 -0.685335 -1
9416300 -0.722336 -1
9416400 -1.03928 -1
9416500 -1.32584 -1
9416600 -1.14287 -1
9416700 -1.25261 -1
9416800 -1.2059 -1
9416900 -1.05461 -1
9417000 -1.0177 -1
9417100 -1.23378 -1
9417200 -1.29054 -1
9417300 -1.14261 -1
9417400 -1.09627 -1
9417500 -1.19813 -1
9417600 -1.09904 -1
9417700 -0.707403 -1
9417800 -0.378925 -1
9417900 -0.334241 -1
9418000 -0.735815 -1
9418100 -0.666608 -1
9418200 -0.429677 -1
9418300 -0.369458 -1
9418400 -0.34274 -1
9418500 -0.639973 -1
9418600 -0.506574 -1
9418700 -0.424221 -1
9418800 -0.46131 -1
9418900 -0.55045 -1
9419000 -0.57573 -1
9419100 -0.619569 -1
9419200 -0.673391 -1
9419300 -0.439662 -1
9419400 -0.532352 -1
9419500 -0.664494 -1
9419600 -0.639181 -1
9419700 -0.672398 -1
9419800 -0.90313 -1
9419900 -0.825477 -1
9420000 -0.669265 -1
9420100 -0.637819 -1
9420200 -0.842613 -1
9420300 -1.35957 -1
9420400 -1.55075 -1
9420500 -1.41601 -1
9420600 -1.45423 -1
9420700 -1.26673 -1
9420800 -1.42818 -1
9420900 -1.4208 -1
9421000 -1.53057 -1
9421100 -1.86756 -1
9421200 -1.92012 -1
9421300 -1.82681 -1
9421400 -1.30754 -1
9421500 -0.96053 -1
9421600 -1.15407 -1
9421700 -1.34898 -1
9421800 -1.20059 -1
9421900 -0.874069 -1
9422000 -0.672677 -1
9422100 -0.641318 -1
9422200 -0.707205 -1
9422300 -0.568899 -1
9422400 -0.615734 -1
9422500 -0.620044 -1
9422600 -0.51937 -1
9422700 -0.398168 -1
9422800 -0.458025 -1
9422900 -0.428695 -1
9423000 -0.574153 -1
9423100 -0.782634 -1
9423200 -0.808274 -1
9423300 -0.951156 -1
9423400 -1.01906 -1
9423500 -1.06866 -1
9423600 -1.23411 -1
9423700 -1.32157 -1
9423800 -1.37044 -1
9423900 -1.50873 -1
9424000 -1.41242 -1
9424100 -1.14535 -1
9424200 -1.19893 -1
9424300 -1.11107 -1
9424400 -1.05734 -1
9424500 -1.07534 -1
9424600 -1.03534 -1
9424700 -1.17466 -1
9424800 -1.13371 -1
9424900 -1.04976 -1
9425000 -1.46949 -1
9425100 -1.44061 -1
9425200 -1.09674 -1
9425300 -0.914561 -1
9425400 -1.05043 -1
9425500 -1.39017 -1
9425600 -1.69917 -1
9425700 -1.68969 -1
9425800 -1.58158 -1
9425900 -1.39664 -1
9426000 -1.12031 -1
9426100 -0.952956 -1
9426200 -1.32798 -1
9426300 -1.23627 -1
9426400 -1.05823 -1
9426500 -0.823 -1
9426600 -0.735234 -1
9426700 -0.674016 -1
9426800 -0.311472 -1
9426900 -0.19349 -1
9427000 -0.203671 -1
9427100 -0.164242 -1
9427200 -0.566225 -1
9427300 -0.609408 -1
9427400 -0.730606 -1
9427500 -1.0767 -1
9427600 -1.22552 -1
9427700 -1.19444 -1
9427800 -1.4247 -1
9427900 -1.51721 -1
9428000 -1.65949 -1
9428100 -1.6647 -1
9428200 -1.39223 -1
9428300 -1.5118 -1
9428400 -2.00815 -1
9428500 -2.12067 -1
9428600 -1.76912 -1
9428700 -1.52069 -1
9428800 -1.6081 -1
9428900 -1.65918 -1
9429000 -1.37657 -1
9429100 -1.04777 -1
9429200 -1.13916 -1
9429300 -0.878785 -1
9429400 -0.706078 -1
9429500 -0.617187 -1
9429600 -0.975423 -1
9429700 -1.19469 -1
9429800 -0.994822 -1
9429900 -0.933833 -1
9430000 -1.08359 -1
9430100 -1.20826 -1
9430200 -1.24554 -1
9430300 -1.07611 -1
9430400 -0.913985 -1
9430500 -1.14152 -1
9430600 -1.32617 -1
9430700 -1.19892 -1
9430800 -1.17916 -1
9430900 -0.928297 -1
9431000 -0.981008 -1
9431100 -0.606866 -1
9431200 -0.3642 -1
9431300 -0.460296 -1
9431400 -0.712002 -1
9431500 -0.584031 -1
9431600 -0.775548 -1
9431700 -1.06071 -1
9431800 -1.13403 -1
9431900 -1.11723 -1
9432000 -0.926099 -1
9432100 -1.1434 -1
9432200 -1.19133 -1
9432300 -0.943528 -1
9432400 -0.878815 -1
9432500 -0.700379 -1
9432600 -0.411915 -1
9432700 -0.20072 -1
9432800 -0.0285416 -1
9432900 0.144948 -1
9433000 0.0716487 -1
9433100 0.0316099 -1
9433200 -0.125728 -1
9433300 -0.584223 -1
9433400 -0.73042 -1
9433500 -0.688084 -1
9433600 -0.367027 -1
9433700 0.0753321 -1
9433800 0.0234975 -1
9433900 -0.164034 -1
9434000 -0.467348 -1
9434100 -0.572255 -1
9434200 -0.663682 -1
9434300 -0.797204 -1
9434400 -0.747711 -1
9434500 -0.991887 -1
9434600 -1.24318 -1
9434700 -1.26835 -1
9434800 -1.12783 -1
9434900 -0.932561 -1
9435000 -0.866318 -1
9435100 -0.88606 -1
9435200 -1.32281 -1
9435300 -1.44925 -1
9435400 -1.40047 -1
9435500 -1.48552 -1
9435600 -1.40141 -1
9435700 -1.41765 -1
9435800 -1.31337 -1
9435900 -1.06949 -1
9436000 -1.00333 -1
9436100 -1.14531 -1
9436200 -1.07802 -1
9436300 -0.987111 -1
9436400 -0.851727 -1
9436500 -1.08649 -1
9436600 -1.12554 -1
9436700 -1.01309 -1
9436800 -1.05854 -1
9436900 -1.25509 -1
9437000 -1.36135 -1
9437100 -1.10411 -1
9437200 -0.855266 -1
9437300 -0.935799 -1
9437400 -0.889173 -1
9437500 -1.04902 -1
9437600 -1.15565 -1
9437700 -0.957381 -1
9437800 -1.15238 -1
9437900 -1.23128 -1
9438000 -1.01853 -1
9438100 -0.857575 -1
9438200 -0.775999 -1
9438300 -0.82061 -1
9438400 -1.22771 -1
9438500 -1.15243 -1
9438600 -0.806503 -1
9438700 -0.495091 -1
9438800 -0.45192 -1
9438900 -0.445738 -1
9439000 -0.463714 -1
9439100 -0.322934 -1
9439200 -0.167248 -1
9439300 -0.308617 -1
9439400 -0.583683 -1
9439500 -1.02155 -1
9439600 -1.07303 -1
9439700 -0.857758 -1
9439800 -0.91452 -1
9439900 -0.884943 -1
9440000 -0.792399 -1
9440100 -0.769151 -1
9440200 -0.944722 -1
9440300 -1.1978 -1
9440400 -1.48692 -1
9440500 -1.58708 -1
9440600 -1.33052 -1
9440700 -1.31792 -1
9440800 -1.12004 -1
9440900 -0.897209 -1
9441000 -0.932097 -1
9441100 -0.884834 -1
9441200 -0.890598 -1
9441300 -1.16813 -1
9441400 -1.51039 -1
9441500 -1.57451 -1
9441600 -1.37785 -1
9441700 -1.16953 -1
9441800 -1.12678 -1
9441900 -1.37157 -1
9442000 -1.53202 -1
9442100 -1.09823 -1
9442200 -0.696622 -1
9442300 -0.368545 -1
9442400 -0.157007 -1
9442500 -0.150314 -1
9442600 -0.345839 -1
9442700 -0.26022 -1
9442800 -0.580688 -1
9442900 -0.693403 -1
9443000 -0.999325 -1
9443100 -1.10601 -1
9443200 -1.19843 -1
9443300 -1.13054 -1
9443400 -0.710397 -1
9443500 -0.804325 -1
9443600 -1.41125 -1
9443700 -1.85044 -1
9443800 -1.93464 -1
9443900 -1.46985 -1
9444000 -1.2292 -1
9444100 -1.22749 -1
9444200 -1.22273 -1
9444300 -1.50222 -1
9444400 -1.37622 -1
9444500 -1.49629 -1
9444600 -1.2768 -1
9444700 -0.976168 -1
9444800 -1.09496 -1
9444900 -0.838684 -1
9445000 -0.735019 -1
9445100 -0.970274 -1
9445200 -1.32414 -1
9445300 -1.37541 -1
9445400 -1.57347 -1
9445500 -1.8498 -1
9445600 -1.93301 -1
9445700 -1.71717 -1
9445800 -1.52327 -1
9445900 -1.77518 -1
9446000 -1.79875 -1
9446100 -1.68727 -1
9446200 -1.73023 -1
9446300 -1.64218 -1
9446400 -1.4572 -1
9446500 -1.16667 -1
9446600 -0.87709 -1
9446700 -0.72955 -1
9446800 -0.578833 -1
9446900 -0.597391 -1
9447000 -0.58651 -1
9447100 -1.08503 -1
9447200 -1.6343 -1
9447300 -1.96894 -1
9447400 -1.69407 -1
9447500 -1.62077 -1
9447600 -1.93176 -1
9447700 -1.88954 -1
9447800 -1.64745 -1
9447900 -1.56917 -1
9448000 -1.58461 -1
9448100 -1.51079 -1
9448200 -1.39207 -1
9448300 -2.1986 -1
9448400 -2.40333 -1
9448500 -2.38724 -1
9448600 -2.01274 -1
9448700 -1.98606 -1
9448800 -1.84746 -1
9448900 -1.51633 -1
9449000 -1.40681 -1
9449100 -1.67214 -1
9449200 -1.55382 -1
9449300 -1.03313 -1
9449400 -0.726045 -1
9449500 -0.551925 -1
9449600 -0.401172 -1
9449700 -0.527026 -1
9449800 -0.528037 -1
9449900 -0.510016 -1
9450000 -0.495394 -1
9450100 -0.27676 -1
9450200 -0.494337 -1
9450300 -0.819822 -1
9450400 -1.31022 -1
9450500 -1.50202 -1
9450600 -1.50001 -1
9450700 -1.33098 -1
9450800 -1.31746 -1
9450900 -1.11315 -1
9451000 -0.921006 -1
9451100 -1.14826 -1
9451200 -1.53814 -1
9451300 -1.49363 -1
9451400 -1.40525 -1
9451500 -1.43946 -1
9451600 -1.31894 -1
9451700 -1.55959 -1
9451800 -1.49704 -1
9451900 -1.31066 -1
9452000 -1.22141 -1
9452100 -1.20638 -1
9452200 -1.10126 -1
9452300 -0.820592 -1
9452400 -0.577288 -1
9452500 -0.439581 -1
9452600 -0.408046 -1
9452700 -0.351085 -1
9452800 -0.706346 -1
9452900 -0.818616 -1
9453000 -0.844572 -1
9453100 -0.980355 -1
9453200 -1.01555 -1
9453300 -0.741046 -1
9453400 -0.552056 -1
9453500 -0.291127 -1
9453600 -0.0559848 -1
9453700 -0.621692 -1
9453800 -1.00061 -1
9453900 -0.983246 -1
9454000 -0.825718 -1
9454100 -0.447469 -1
9454200 -0.65658 -1
9454300 -0.853657 -1
9454400 -1.07165 -1
9454500 -1.08825 -1
9454600 -1.1316 -1
9454700 -0.995023 -1
9454800 -0.831778 -1
9454900 -0.960266 -1
9455000 -1.11975 -1
9455100 -1.07736 -1
9455200 -1.05798 -1
9455300 -0.835842 -1
9455400 -0.752768 -1
9455500 -0.571135 -1
9455600 -0.706619 -1
9455700 -0.980782 -1
9455800 -0.998908 -1
9455900 -1.0468 -1
9456000 -1.30024 -1
9456100 -1.27059 -1
9456200 -1.11221 -1
9456300 -0.775302 -1
9456400 -0.620546 -1
9456500 -0.776934 -1
9456600 -1.198 -1
9456700 -1.68633 -1
9456800 -1.87421 -1
9456900 -1.69529 -1
9457000 -1.761 -1
9457100 -1.63654 -1
9457200 -1.4026 -1
9457300 -1.38241 -1
9457400 -1.24849 -1
9457500 -1.26899 -1
9457600 -1.13568 -1
9457700 -1.07207 -1
9457800 -1.09033 -1
9457900 -1.16595 -1
9458000 -1.11515 -1
9458100 -0.753833 -1
9458200 -0.366728 -1
9458300 -0.29178 -1
9458400 -0.744992 -1
9458500 -0.996519 -1
9458600 -0.797543 -1
9458700 -0.882074 -1
9458800 -1.05244 -1
9458900 -0.938167 -1
9459000 -0.946061 -1
9459100 -0.906938 -1
9459200 -0.911333 -1
9459300 -0.667666 -1
9459400 -0.540417 -1
9459500 -0.536077 -1
9459600 -0.649204 -1
9459700 -0.826471 -1
9459800 -0.811402 -1
9459900 -0.936359 -1
9460000 -1.19481 -1
9460100 -1.56744 -1
9460200 -1.51011 -1
9460300 -1.35185 -1
9460400 -1.52255 -1
9460500 -1.44123 -1
9460600 -1.31029 -1
9460700 -1.00542 -1
9460800 -0.851758 -1
9460900 -1.00911 -1
9461000 -1.37686 -1
9461100 -1.30617 -1
9461200 -0.997884 -1
9461300 -1.09649 -1
9461400 -0.701753 -1
9461500 -0.228198 -1
9461600 -0.519085 -1
9461700 -1.19133 -1
9461800 -1.22264 -1
9461900 -1.11876 -1
9462000 -1.48611 -1
9462100 -1.45765 -1
9462200 -1.18386 -1
9462300 -0.832628 -1
9462400 -0.430626 -1
9462500 -0.558442 -1
9462600 -0.659186 -1
9462700 -0.901028 -1
9462800 -1.15948 -1
9462900 -1.44253 -1
9463000 -1.50996 -1
9463100 -1.60304 -1
9463200 -1.46665 -1
9463300 -1.05266 -1
9463400 -0.808204 -1
9463500 -0.553335 -1
9463600 -0.468094 -1
9463700 -0.466524 -1
9463800 -0.435516 -1
9463900 -0.299084 -1
9464000 -0.0436249 -1
9464100 0.0679333 -1
9464200 -0.255201 -1
9464300 -0.487708 -1
9464400 -0.406869 -1
9464500 -0.530828 -1
9464600 -0.662281 -1
9464700 -0.594305 -1
9464800 -0.531089 -1
9464900 -0.622813 -1
9465000 -0.714592 -1
9465100 -1.04695 -1
9465200 -0.965025 -1
9465300 -0.976945 -1
9465400 -0.931724 -1
9465500 -1.16102 -1
9465600 -1.11058 -1
9465700 -1.01355 -1
9465800 -0.946889 -1
9465900 -0.792331 -1
9466000 -0.771993 -1
9466100 -0.652712 -1
9466200 -0.854042 -1
9466300 -0.920636 -1
9466400 -0.737298 -1
9466500 -0.71078 -1
9466600 -1.10812 -1
9466700 -1.41812 -1
9466800 -1.0816 -1
9466900 -1.00373 -1
9467000 -0.816181 -1
9467100 -0.818801 -1
9467200 -0.685844 -1
9467300 -0.71104 -1
9467400 -0.644885 -1
9467500 -0.736613 -1
9467600 -0.954488 -1
9467700 -1.1991 -1
9467800 -1.34047 -1
9467900 -1.75694 -1
9468000 -1.83075 -1
9468100 -1.50724 -1
9468200 -1.68311 -1
9468300 -1.65981 -1
9468400 -1.38017 -1
9468500 -0.975737 -1
9468600 -0.692751 -1
9468700 -0.459369 -1
9468800 -0.551264 -1
9468900 -0.581598 -1
9469000 -0.419033 -1
9469100 -0.372776 -1
9469200 -0.271243 -1
9469300 -0.376036 -1
9469400 -0.755556 -1
9469500 -0.976008 -1
9469600 -0.940387 -1
9469700 -0.735941 -1
9469800 -0.798046 -1
9469900 -0.958377 -1
9470000 -1.13863 -1
9470100 -1.01577 -1
9470200 -0.937912 -1
9470300 -1.13915 -1
9470400 -0.892793 -1
9470500 -0.808053 -1
9470600 -1.11312 -1
9470700 -1.14462 -1
9470800 -1.16409 -1
9470900 -0.966653 -1
9471000 -0.81136 -1
9471100 -1.11194 -1
9471200 -1.09228 -1
9471300 -1.15287 -1
9471400 -1.0278 -1
9471500 -1.16653 -1
9471600 -1.13835 -1
9471700 -0.708391 -1
9471800 -0.740204 -1
9471900 -1.09461 -1
9472000 -1.51006 -1
9472100 -1.75838 -1
9472200 -2.02559 -1
9472300 -1.9528 -1
9472400 -1.67844 -1
9472500 -1.63604 -1
9472600 -1.97191 -1
9472700 -2.08608 -1
9472800 -1.87455 -1
9472900 -1.28583 -1
9473000 -1.07831 -1
9473100 -0.961652 -1
9473200 -0.912309 -1
9473300 -0.998162 -1
9473400 -0.923736 -1
9473500 -0.799674 -1
9473600 -0.781078 -1
9473700 -1.04912 -1
9473800 -1.07647 -1
9473900 -1.00732 -1
9474000 -1.04193 -1
9474100 -1.48296 -1
9474200 -1.95803 -1
9474300 -2.10705 -1
9474400 -2.24074 -1
9474500 -2.16652 -1
9474600 -2.19079 -1
9474700 -2.03635 -1
9474800 -1.61205 -1
9474900 -1.74954 -1
9475000 -1.74564 -1
9475100 -1.29426 -1
9475200 -0.849355 -1
9475300 -0.692195 -1
9475400 -0.774237 -1
9475500 -0.88856 -1
9475600 -0.721008 -1
9475700 -0.706823 -1
9475800 -0.84662 -1
9475900 -1.21243 -1
9476000 -1.47824 -1
9476100 -1.36294 -1
9476200 -0.833824 -1
9476300 -0.492908 -1
9476400 -0.387725 -1
9476500 -0.656488 -1
9476600 -1.11242 -1
9476700 -1.29739 -1
9476800 -0.924138 -1
9476900 -0.351552 -1
9477000 -0.309478 -1
9477100 -0.838364 -1
9477200 -1.28367 -1
9477300 -1.7102 -1
9477400 -1.90026 -1
9477500 -1.87776 -1
9477600 -1.73624 -1
9477700 -1.69518 -1
9477800 -1.52871 -1
9477900 -0.927575 -1
9478000 -0.802467 -1
9478100 -0.864368 -1
9478200 -0.626244 -1
9478300 -0.607571 -1
9478400 -1.08542 -1
9478500 -1.38561 -1
9478600 -1.30156 -1
9478700 -1.28109 -1
9478800 -0.926332 -1
9478900 -0.545541 -1
9479000 -0.441025 -1
9479100 -0.221533 -1
9479200 -0.12054 -1
9479300 -0.357397 -1
9479400 -0.589526 -1
9479500 -0.714935 -1
9479600 -0.673589 -1
9479700 -1.01159 -1
9479800 -1.38001 -1
9479900 -1.50543 -1
9480000 -1.43484 -1
9480100 -1.387 -1
9480200 -1.25391 -1
9480300 -1.08129 -1
9480400 -0.71803 -1
9480500 -0.752124 -1
9480600 -0.787254 -1
9480700 -0.758373 -1
9480800 -0.559357 -1
9480900 -0.400274 -1
9481000 -0.254437 -1
9481100 -0.115875 -1
9481200 -0.823924 -1
9481300 -0.885326 -1
9481400 -0.728114 -1
9481500 -0.708727 -1
9481600 -0.989154 -1
9481700 -1.25492 -1
9481800 -1.30239 -1
9481900 -1.40154 -1
9482000 -1.44246 -1
9482100 -1.35493 -1
9482200 -1.19502 -1
9482300 -1.23113 -1
9482400 -1.55251 -1
9482500 -1.75506 -1
9482600 -1.84206 -1
9482700 -1.49256 -1
9482800 -1.28337 -1
9482900 -1.15142 -1
9483000 -1.26668 -1
9483100 -1.16885 -1
9483200 -1.00788 -1
9483300 -1.02848 -1
9483400 -1.1195 -1
9483500 -1.31955 -1
9483600 -1.53738 -1
9483700 -1.32061 -1
9483800 -1.3712 -1
9483900 -1.31689 -1
9484000 -1.25581 -1
9484100 -1.15383 -1
9484200 -1.01684 -1
9484300 -0.980728 -1
9484400 -1.16236 -1
9484500 -0.921853 -1
9484600 -0.692578 -1
9484700 -0.800922 -1
9484800 -0.885556 -1
9484900 -0.677233 -1
9485000 -0.585721 -1
9485100 -0.889196 -1
9485200 -1.21412 -1
9485300 -1.37965 -1
9485400 -1.4892 -1
9485500 -1.41738 -1
9485600 -1.3184 -1
9485700 -0.938004 -1
9485800 -0.579532 -1
9485900 -0.445753 -1
9486000 -0.675453 -1
9486100 -0.773997 -1
9486200 -0.915757 -1
9486300 -1.15036 -1
9486400 -1.31814 -1
9486500 -1.17161 -1
9486600 -0.958691 -1
9486700 -1.15437 -1
9486800 -1.34487 -1
9486900 -1.56814 -1
9487000 -1.71479 -1
9487100 -1.92773 -1
9487200 -2.01995 -1
9487300 -2.09651 -1
9487400 -1.92097 -1
9487500 -1.68886 -1
9487600 -1.21484 -1
9487700 -1.0091 -1
9487800 -0.831057 -1
9487900 -0.911861 -1
9488000 -0.883043 -1
9488100 -0.834309 -1
9488200 -1.06054 -1
9488300 -1.06412 -1
9488400 -0.793507 -1
9488500 -0.545515 -1
9488600 -0.624575 -1
9488700 -1.13879 -1
9488800 -1.80747 -1
9488900 -1.68398 -1
9489000 -1.64698 -1
9489100 -1.62097 -1
9489200 -1.50244 -1
9489300 -1.31456 -1
9489400 -1.23127 -1
9489500 -1.26023 -1
9489600 -1.46252 -1
9489700 -1.51033 -1
9489800 -1.20097 -1
9489900 -1.17636 -1
9490000 -1.44434 -1
9490100 -1.60726 -1
9490200 -1.62512 -1
9490300 -1.42769 -1
9490400 -1.19291 -1
9490500 -1.37736 -1
9490600 -1.07538 -1
9490700 -0.917787 -1
9490800 -0.912326 -1
9490900 -1.06673 -1
9491000 -0.92339 -1
9491100 -0.799701 -1
9491200 -0.88904 -1
9491300 -1.20253 -1
9491400 -1.06971 -1
9491500 -0.979762 -1
9491600 -1.25049 -1
9491700 -1.17145 -1
9491800 -1.16828 -1
9491900 -1.44602 -1
9492000 -1.19561 -1
9492100 -1.12745 -1
9492200 -1.15491 -1
9492300 -0.957973 -1
9492400 -1.0234 -1
9492500 -1.33551 -1
9492600 -1.69908 -1
9492700 -1.84689 -1
9492800 -1.85948 -1
9492900 -1.72512 -1
9493000 -1.06104 -1
9493100 -0.511223 -1
9493200 -0.470786 -1
9493300 -0.270339 -1
9493400 -0.338621 -1
9493500 -0.435612 -1
9493600 -0.404619 -1
9493700 -0.467892 -1
9493800 -0.7584 -1
9493900 -0.869939 -1
9494000 -0.936964 -1
9494100 -0.636156 -1
9494200 -0.307965 -1
9494300 -0.281459 -1
9494400 -0.334266 -1
9494500 -0.763108 -1
9494600 -1.32087 -1
9494700 -1.52673 -1
9494800 -1.41658 -1
9494900 -0.954573 -1
9495000 -0.898288 -1
9495100 -1.08371 -1
9495200 -1.22579 -1
9495300 -1.17438 -1
9495400 -1.43264 -1
9495500 -1.77631 -1
9495600 -2.14074 -1
9495700 -2.12618 -1
9495800 -1.6738 -1
9495900 -1.19809 -1
9496000 -0.788543 -1
9496100 -0.659059 -1
9496200 -0.499498 -1
9496300 -0.443052 -1
9496400 -0.638738 -1
9496500 -0.776837 -1
9496600 -0.979135 -1
9496700 -1.37089 -1
9496800 -1.42005 -1
9496900 -1.06508 -1
9497000 -0.806254 -1
9497100 -0.837285 -1
9497200 -1.09919 -1
9497300 -0.99755 -1
9497400 -0.879244 -1
9497500 -1.08896 -1
9497600 -1.15971 -1
9497700 -1.02497 -1
9497800 -0.955542 -1
9497900 -0.753388 -1
9498000 -0.756182 -1
9498100 -0.81942 -1
9498200 -1.37931 -1
9498300 -1.65769 -1
9498400 -1.81056 -1
9498500 -1.68654 -1
9498600 -1.40132 -1
9498700 -1.27 -1
9498800 -1.33615 -1
9498900 -1.17889 -1
9499000 -1.0559 -1
9499100 -1.01772 -1
9499200 -0.901333 -1
9499300 -0.863802 -1
9499400 -0.661332 -1
9499500 -0.378044 -1
9499600 -0.410723 -1
9499700 -0.527926 -1
9499800 -1.02058 -1
9499900 -1.23772 -1
9500000 -0.926073 -1
9500100 -0.570238 -1
9500200 -0.255719 -1
9500300 -0.15272 -1
9500400 -0.508654 -1
9500500 -0.892415 -1
9500600 -0.629333 -1
9500700 -0.897874 -1
9500800 -1.34152 -1
9500900 -1.75792 -1
9501000 -2.07072 -1
9501100 -1.74554 -1
9501200 -1.52608 -1
9501300 -1.20164 -1
9501400 -0.797844 -1
9501500 -0.705857 -1
9501600 -0.556312 -1
9501700 -0.478738 -1
9501800 -0.928351 -1
9501900 -1.10371 -1
9502000 -1.17351 -1
9502100 -1.18911 -1
9502200 -1.06419 -1
9502300 -0.922881 -1
9502400 -1.02455 -1
9502500 -0.940571 -1
9502600 -0.934727 -1
9502700 -0.699906 -1
9502800 -0.629703 -1
9502900 -1.07292 -1
9503000 -1.22455 -1
9503100 -1.08247 -1
9503200 -1.24686 -1
9503300 -1.30545 -1
9503400 -1.10042 -1
9503500 -0.993994 -1
9503600 -1.06975 -1
9503700 -1.08939 -1
9503800 -0.775702 -1
9503900 -0.998433 -1
9504000 -1.34373 -1
9504100 -1.68683 -1
9504200 -1.58869 -1
9504300 -0.869113 -1
9504400 -0.59051 -1
9504500 -0.660292 -1
9504600 -0.539007 -1
9504700 -0.267381 -1
9504800 -0.370857 -1
9504900 -0.789458 -1
9505000 -1.01425 -1
9505100 -0.910253 -1
9505200 -0.940439 -1
9505300 -0.857528 -1
9505400 -0.950143 -1
9505500 -0.825682 -1
9505600 -0.890383 -1
9505700 -0.954174 -1
9505800 -1.1749 -1
9505900 -1.17438 -1
9506000 -1.09026 -1
9506100 -0.768118 -1
9506200 -0.546617 -1
9506300 -0.883484 -1
9506400 -0.800818 -1
9506500 -0.799896 -1
9506600 -0.717326 -1
9506700 -0.428911 -1
9506800 -0.169515 -1
9506900 -0.0431004 -1
9507000 0.197936 -1
9507100 0.35708 -1
9507200 0.192393 -1
9507300 0.0819185 -1
9507400 -0.038837 -1
9507500 -0.0926396 -1
9507600 -0.388764 -1
9507700 -0.746565 -1
9507800 -0.901987 -1
9507900 -0.993419 -1
9508000 -1.19374 -1
9508100 -1.32842 -1
9508200 -1.25838 -1
9508300 -1.17376 -1
9508400 -1.03366 -1
9508500 -0.850074 -1
9508600 -0.875008 -1
9508700 -0.835778 -1
9508800 -0.837627 -1
9508900 -0.742385 -1
9509000 -0.844779 -1
9509100 -0.839722 -1
9509200 -0.980758 -1
9509300 -1.23122 -1
9509400 -1.18331 -1
9509500 -1.16491 -1
9509600 -1.40544 -1
9509700 -1.29324 -1
9509800 -1.0439 -1
9509900 -1.03236 -1
9510000 -1.36004 -1
9510100 -0.998826 -1
9510200 -0.616139 -1
9510300 -0.847818 -1
9510400 -0.901662 -1
9510500 -0.791357 -1
9510600 -0.843438 -1
9510700 -0.990054 -1
9510800 -1.23743 -1
9510900 -1.22702 -1
9511000 -1.07494 -1
9511100 -0.932885 -1
9511200 -0.916556 -1
9511300 -0.86742 -1
9511400 -0.957624 -1
9511500 -1.38687 -1
9511600 -1.6249 -1
9511700 -1.5396 -1
9511800 -1.44888 -1
9511900 -1.35148 -1
9512000 -1.36842 -1
9512100 -1.13924 -1
9512200 -0.883598 -1
9512300 -0.689284 -1
9512400 -0.631897 -1
9512500 -0.562599 -1
9512600 -0.696353 -1
9512700 -0.950228 -1
9512800 -1.06384 -1
9512900 -0.953824 -1
9513000 -0.954372 -1
9513100 -0.76238 -1
9513200 -0.482347 -1
9513300 -0.708965 -1
9513400 -1.10516 -1
9513500 -1.35851 -1
9513600 -1.41957 -1
9513700 -1.31924 -1
9513800 -1.13167 -1
9513900 -1.03058 -1
9514000 -0.756723 -1
9514100 -0.62901 -1
9514200 -0.89678 -1
9514300 -1.28855 -1
9514400 -1.35928 -1
9514500 -1.2725 -1
9514600 -1.3264 -1
9514700 -1.43003 -1
9514800 -1.39553 -1
9514900 -1.02087 -1
9515000 -0.773019 -1
9515100 -0.784163 -1
9515200 -0.950469 -1
9515300 -0.927666 -1
9515400 -0.977142 -1
9515500 -0.844204 -1
9515600 -1.04894 -1
9515700 -1.19303 -1
9515800 -1.14897 -1
9515900 -1.42026 -1
9516000 -1.70246 -1
9516100 -1.6352 -1
9516200 -1.37699 -1
9516300 -1.32976 -1
9516400 -1.27182 -1
9516500 -1.17592 -1
9516600 -1.10281 -1
9516700 -1.00515 -1
9516800 -1.38048 -1
9516900 -1.60132 -1
9517000 -1.30253 -1
9517100 -1.24278 -1
9517200 -1.26045 -1
9517300 -1.44742 -1
9517400 -1.61079 -1
9517500 -1.31431 -1
9517600 -1.05457 -1
9517700 -1.31253 -1
9517800 -1.46552 -1
9517900 -0.838952 -1
9518000 -0.790562 -1
9518100 -0.915089 -1
9518200 -0.833638 -1
9518300 -0.678569 -1
9518400 -0.859873 -1
9518500 -0.846503 -1
9518600 -0.597719 -1
9518700 -0.464082 -1
9518800 -0.504911 -1
9518900 -0.577597 -1
9519000 -0.655382 -1
9519100 -0.658964 -1
9519200 -0.787824 -1
9519300 -1.1892 -1
9519400 -1.0983 -1
9519500 -1.18426 -1
9519600 -1.19972 -1
9519700 -0.895235 -1
9519800 -0.841363 -1
9519900 -0.740118 -1
9520000 -0.644159 -1
9520100 -0.833349 -1
9520200 -1.13515 -1
9520300 -1.26467 -1
9520400 -1.81604 -1
9520500 -1.56195 -1
9520600 -1.01488 -1
9520700 -0.804645 -1
9520800 -0.995459 -1
9520900 -0.748508 -1
9521000 -0.79069 -1
9521100 -0.972896 -1
9521200 -0.994598 -1
9521300 -1.2635 -1
9521400 -1.23444 -1
9521500 -1.08587 -1
9521600 -1.01918 -1
9521700 -0.882846 -1
9521800 -1.07315 -1
9521900 -1.31546 -1
9522000 -1.45548 -1
9522100 -1.05801 -1
9522200 -0.8701 -1
9522300 -1.08189 -1
9522400 -1.07275 -1
9522500 -1.18614 -1
9522600 -1.4269 -1
9522700 -1.37288 -1
9522800 -1.54926 -1
9522900 -1.76737 -1
9523000 -1.55258 -1
9523100 -1.03909 -1
9523200 -0.925439 -1
9523300 -0.946616 -1
9523400 -0.964172 -1
9523500 -0.558374 -1
9523600 -0.412627 -1
9523700 -0.572181 -1
9523800 -0.471143 -1
9523900 -0.0354342 -1
9524000 0.180979 -1
9524100 -0.133796 -1
9524200 -0.732838 -1
9524300 -1.22657 -1
9524400 -1.40168 -1
9524500 -1.42464 -1
9524600 -1.42316 -1
9524700 -1.11298 -1
9524800 -0.918973 -1
9524900 -0.701513 -1
9525000 -0.634789 -1
9525100 -0.968925 -1
9525200 -1.35618 -1
9525300 -1.80718 -1
9525400 -1.77541 -1
9525500 -1.65823 -1
9525600 -1.43613 -1
9525700 -1.72332 -1
9525800 -1.91169 -1
9525900 -1.69722 -1
9526000 -1.69997 -1
9526100 -1.68437 -1
9526200 -1.66331 -1
9526300 -1.51707 -1
9526400 -1.2349 -1
9526500 -1.06849 -1
9526600 -1.16621 -1
9526700 -1.17436 -1
9526800 -1.28973 -1
9526900 -1.31904 -1
9527000 -1.21569 -1
9527100 -1.02484 -1
9527200 -0.708175 -1
9527300 -0.80857 -1
9527400 -0.890523 -1
9527500 -1.29901 -1
9527600 -1.60692 -1
9527700 -1.62655 -1
9527800 -1.27814 -1
9527900 -0.825736 -1
9528000 -0.363013 -1
9528100 -0.435951 -1
9528200 -0.751663 -1
9528300 -0.676859 -1
9528400 -0.34792 -1
9528500 -0.302453 -1
9528600 -0.587439 -1
9528700 -0.801621 -1
9528800 -0.768536 -1
9528900 -0.374216 -1
9529000 -0.163372 -1
9529100 -0.213422 -1
9529200 -0.302504 -1
9529300 -0.254202 -1
9529400 0.0612038 -1
9529500 -0.0886003 -1
9529600 -0.870764 -1
9529700 -1.22261 -1
9529800 -1.02846 -1
9529900 -0.739706 -1
9530000 -0.79111 -1
9530100 -0.985501 -1
9530200 -1.32741 -1
9530300 -1.47954 -1
9530400 -1.35575 -1
9530500 -1.27097 -1
9530600 -1.16676 -1
9530700 -1.13887 -1
9530800 -1.25472 -1
9530900 -1.11318 -1
9531000 -1.03697 -1
9531100 -1.03768 -1
9531200 -1.04097 -1
9531300 -1.0306 -1
9531400 -0.90279 -1
9531500 -0.830099 -1
9531600 -0.575286 -1
9531700 -0.368301 -1
9531800 -0.71369 -1
9531900 -1.2342 -1
9532000 -1.21271 -1
9532100 -1.51468 -1
9532200 -1.64301 -1
9532300 -1.55197 -1
9532400 -1.30039 -1
9532500 -0.959553 -1
9532600 -1.03758 -1
9532700 -1.17031 -1
9532800 -1.16328 -1
9532900 -1.19577 -1
9533000 -0.985497 -1
9533100 -0.661203 -1
9533200 -0.365529 -1
9533300 -0.276538 -1
9533400 -0.329758 -1
9533500 -0.44327 -1
9533600 -0.114903 -1
9533700 -0.168695 -1
9533800 -0.52873 -1
9533900 -0.499653 -1
9534000 -0.38884 -1
9534100 -0.535465 -1
9534200 -0.306254 -1
9534300 -0.305802 -1
9534400 -0.323328 -1
9534500 -0.190165 -1
9534600 -0.301962 -1
9534700 -0.241072 -1
9534800 -0.368576 -1
9534900 -0.223304 -1
9535000 -0.305846 -1
9535100 -0.575679 -1
9535200 -0.919282 -1
9535300 -0.85776 -1
9535400 -0.630157 -1
9535500 -0.692078 -1
9535600 -0.971552 -1
9535700 -1.34653 -1
9535800 -1.51934 -1
9535900 -1.47365 -1
9536000 -1.21884 -1
9536100 -1.05716 -1
9536200 -1.13204 -1
9536300 -0.98046 -1
9536400 -0.978078 -1
9536500 -1.36696 -1
9536600 -1.4699 -1
9536700 -1.36498 -1
9536800 -1.30114 -1
9536900 -1.10511 -1
9537000 -1.05066 -1
9537100 -1.3216 -1
9537200 -1.04656 -1
9537300 -1.21663 -1
9537400 -1.05405 -1
9537500 -1.10339 -1
9537600 -1.04968 -1
9537700 -0.945062 -1
9537800 -1.00164 -1
9537900 -1.13772 -1
9538000 -0.796291 -1
9538100 -0.56981 -1
9538200 -0.264671 -1
9538300 -0.239622 -1
9538400 -0.213467 -1
9538500 -0.478029 -1
9538600 -0.802902 -1
9538700 -1.0578 -1
9538800 -0.836036 -1
9538900 -0.768187 -1
9539000 -0.796988 -1
9539100 -0.806573 -1
9539200 -0.999661 -1
9539300 -1.11684 -1
9539400 -1.12825 -1
9539500 -0.894787 -1
9539600 -0.824744 -1
9539700 -0.975359 -1
9539800 -1.33321 -1
9539900 -1.22252 -1
9540000 -1.48624 -1
9540100 -1.81119 -1
9540200 -1.9883 -1
9540300 -2.00226 -1
9540400 -1.69576 -1
9540500 -1.49088 -1
9540600 -1.55622 -1
9540700 -1.56057 -1
9540800 -1.45943 -1
9540900 -1.21258 -1
9541000 -1.12613 -1
9541100 -1.23508 -1
9541200 -1.42995 -1
9541300 -1.34819 -1
9541400 -0.997254 -1
9541500 -1.07629 -1
9541600 -1.28329 -1
9541700 -1.22184 -1
9541800 -1.2404 -1
9541900 -1.16984 -1
9542000 -1.17859 -1
9542100 -1.04241 -1
9542200 -0.883801 -1
9542300 -0.766282 -1
9542400 -0.642406 -1
9542500 -0.337949 -1
9542600 -0.533169 -1
9542700 -0.586562 -1
9542800 -0.409642 -1
9542900 -0.726402 -1
9543000 -1.15163 -1
9543100 -1.40069 -1
9543200 -1.31935 -1
9543300 -1.0866 -1
9543400 -0.967933 -1
9543500 -1.1883 -1
9543600 -1.24585 -1
9543700 -1.61193 -1
9543800 -1.79651 -1
9543900 -1.90447 -1
9544000 -2.19668 -1
9544100 -2.09526 -1
9544200 -1.85248 -1
9544300 -1.97508 -1
9544400 -2.16011 -1
9544500 -2.31053 -1
9544600 -2.06983 -1
9544700 -1.55395 -1
9544800 -1.55342 -1
9544900 -1.59504 -1
9545000 -1.49679 -1
9545100 -1.51944 -1
9545200 -1.39176 -1
9545300 -1.1353 -1
9545400 -0.89723 -1
9545500 -0.942899 -1
9545600 -0.91542 -1
9545700 -0.79858 -1
9545800 -1.00091 -1
9545900 -1.13747 -1
9546000 -1.01135 -1
9546100 -0.767672 -1
9546200 -0.593329 -1
9546300 -0.688708 -1
9546400 -0.4739 -1
9546500 -0.00339747 -1
9546600 0.108501 -1
9546700 0.0928133 -1
9546800 -0.426647 -1
9546900 -0.725646 -1
9547000 -0.839079 -1
9547100 -0.801856 -1
9547200 -0.883849 -1
9547300 -1.01135 -1
9547400 -0.837568 -1
9547500 -0.77773 -1
9547600 -0.75588 -1
9547700 -0.774378 -1
9547800 -0.93521 -1
9547900 -1.26096 -1
9548000 -1.62498 -1
9548100 -1.54845 -1
9548200 -1.40843 -1
9548300 -1.34354 -1
9548400 -1.36691 -1
9548500 -1.10564 -1
9548600 -0.866924 -1
9548700 -0.848557 -1
9548800 -0.962923 -1
9548900 -1.11639 -1
9549000 -1.25615 -1
9549100 -1.25298 -1
9549200 -1.60474 -1
9549300 -1.78026 -1
9549400 -1.43297 -1
9549500 -0.937474 -1
9549600 -0.522089 -1
9549700 -0.682509 -1
9549800 -1.31638 -1
9549900 -1.49452 -1
9550000 -1.63921 -1
9550100 -1.92788 -1
9550200 -1.81864 -1
9550300 -1.8001 -1
9550400 -1.52896 -1
9550500 -1.06538 -1
9550600 -0.802263 -1
9550700 -0.739096 -1
9550800 -0.988946 -1
9550900 -1.02838 -1
9551000 -0.683913 -1
9551100 -0.474746 -1
9551200 -0.492631 -1
9551300 -0.856442 -1
9551400 -1.00691 -1
9551500 -1.28241 -1
9551600 -1.2975 -1
9551700 -1.111 -1
9551800 -0.972358 -1
9551900 -0.892854 -1
9552000 -1.20193 -1
9552100 -1.31375 -1
9552200 -1.3323 -1
9552300 -1.40973 -1
9552400 -1.35196 -1
9552500 -0.968139 -1
9552600 -0.615772 -1
9552700 -0.735577 -1
9552800 -0.799041 -1
9552900 -0.783729 -1
9553000 -0.696645 -1
9553100 -0.732331 -1
9553200 -0.686274 -1
9553300 -0.957822 -1
9553400 -1.00102 -1
9553500 -1.20764 -1
9553600 -1.31376 -1
9553700 -1.30312 -1
9553800 -1.04815 -1
9553900 -1.02393 -1
9554000 -1.05599 -1
9554100 -1.2078 -1
9554200 -1.26912 -1
9554300 -1.00936 -1
9554400 -1.08219 -1
9554500 -0.978912 -1
9554600 -1.09478 -1
9554700 -1.06075 -1
9554800 -0.97698 -1
9554900 -1.01445 -1
9555000 -0.697245 -1
9555100 -0.917618 -1
9555200 -1.04807 -1
9555300 -1.11829 -1
9555400 -1.14699 -1
9555500 -1.24952 -1
9555600 -1.21625 -1
9555700 -1.32064 -1
9555800 -1.37769 -1
9555900 -1.335 -1
9556000 -1.38154 -1
9556100 -1.41921 -1
9556200 -1.51812 -1
9556300 -1.40637 -1
9556400 -1.26712 -1
9556500 -1.03344 -1
9556600 -0.938029 -1
9556700 -0.673056 -1
9556800 -0.223964 -1
9556900 0.0484929 -1
9557000 -0.256339 -1
9557100 -0.506124 -1
9557200 -0.717652 -1
9557300 -1.02152 -1
9557400 -1.66156 -1
9557500 -1.91927 -1
9557600 -2.09227 -1
9557700 -2.45171 -1
9557800 -2.55858 -1
9557900 -2.3767 -1
9558000 -2.11308 -1
9558100 -1.98667 -1
9558200 -1.4288 -1
9558300 -0.976011 -1
9558400 -0.474998 -1
9558500 -0.546403 -1
9558600 -0.559253 -1
9558700 -0.66476 -1
9558800 -0.597722 -1
9558900 -0.619243 -1
9559000 -0.624987 -1
9559100 -0.6535 -1
9559200 -0.764713 -1
9559300 -1.20076 -1
9559400 -1.47333 -1
9559500 -1.46253 -1
9559600 -1.38281 -1
9559700 -1.22306 -1
9559800 -0.991471 -1
9559900 -0.980903 -1
9560000 -1.36566 -1
9560100 -1.75632 -1
9560200 -1.90228 -1
9560300 -1.64745 -1
9560400 -1.60148 -1
9560500 -1.39134 -1
9560600 -1.08511 -1
9560700 -0.74508 -1
9560800 -0.776297 -1
9560900 -0.801947 -1
9561000 -0.957697 -1
9561100 -1.105 -1
9561200 -1.16532 -1
9561300 -1.08495 -1
9561400 -0.892586 -1
9561500 -1.02769 -1
9561600 -1.07496 -1
9561700 -0.944804 -1
9561800 -1.13568 -1
9561900 -1.04308 -1
9562000 -0.952048 -1
9562100 -0.916624 -1
9562200 -0.841263 -1
9562300 -0.971522 -1
9562400 -0.673721 -1
9562500 -0.722631 -1
9562600 -0.945829 -1
9562700 -1.095 -1
9562800 -1.07565 -1
9562900 -0.866627 -1
9563000 -0.734987 -1
9563100 -0.552245 -1
9563200 -0.3707 -1
9563300 -0.343431 -1
9563400 -0.44121 -1
9563500 -0.619991 -1
9563600 -1.03879 -1
9563700 -1.15645 -1
9563800 -1.03152 -1
9563900 -0.831415 -1
9564000 -0.918889 -1
9564100 -1.0246 -1
9564200 -0.763781 -1
9564300 -0.777146 -1
9564400 -0.884744 -1
9564500 -0.785786 -1
9564600 -0.431253 -1
9564700 -0.513718 -1
9564800 -0.825358 -1
9564900 -1.15758 -1
9565000 -1.43211 -1
9565100 -1.57467 -1
9565200 -1.57535 -1
9565300 -1.47013 -1
9565400 -1.60229 -1
9565500 -1.62601 -1
9565600 -1.41029 -1
9565700 -1.55065 -1
9565800 -1.33228 -1
9565900 -0.96464 -1
9566000 -0.902669 -1
9566100 -0.972327 -1
9566200 -0.870877 -1
9566300 -0.743466 -1
9566400 -0.802956 -1
9566500 -0.823861 -1
9566600 -0.568428 -1
9566700 -0.391221 -1
9566800 -0.603965 -1
9566900 -0.760915 -1
9567000 -0.809052 -1
9567100 -0.867798 -1
9567200 -1.04456 -1
9567300 -1.17515 -1
9567400 -1.41877 -1
9567500 -1.29126 -1
9567600 -1.32092 -1
9567700 -1.18391 -1
9567800 -1.02541 -1
9567900 -0.998967 -1
9568000 -1.14434 -1
9568100 -1.34207 -1
9568200 -1.14879 -1
9568300 -0.745819 -1
9568400 -0.586878 -1
9568500 -0.567722 -1
9568600 -0.820037 -1
9568700 -1.19357 -1
9568800 -1.31309 -1
9568900 -1.17854 -1
9569000 -1.23321 -1
9569100 -1.23964 -1
9569200 -1.1176 -1
9569300 -0.850916 -1
9569400 -0.607281 -1
9569500 -0.883903 -1
9569600 -1.1382 -1
9569700 -1.53319 -1
9569800 -1.6195 -1
9569900 -1.07837 -1
9570000 -0.785268 -1
9570100 -0.936673 -1
9570200 -0.984356 -1
9570300 -1.16394 -1
9570400 -1.22446 -1
9570500 -1.36496 -1
9570600 -1.32338 -1
9570700 -1.31283 -1
9570800 -1.25994 -1
9570900 -1.11671 -1
9571000 -0.832041 -1
9571100 -0.446879 -1
9571200 -0.236556 -1
9571300 -0.0240582 -1
9571400 -0.0757187 -1
9571500 -0.207194 -1
9571600 -0.311876 -1
9571700 -0.0773916 -1
9571800 0.0124855 -1
9571900 -0.230604 -1
9572000 -0.279955 -1
9572100 -0.39196 -1
9572200 -0.653067 -1
9572300 -0.487569 -1
9572400 -0.303503 -1
9572500 -0.0429243 -1
9572600 0.0999729 -1
9572700 -0.0405566 -1
9572800 -0.61896 -1
9572900 -0.762234 -1
9573000 -0.40223 -1
9573100 -0.458667 -1
9573200 -0.647183 -1
9573300 -0.808728 -1
9573400 -1.16373 -1
9573500 -1.31498 -1
9573600 -1.51918 -1
9573700 -1.40835 -1
9573800 -1.269 -1
9573900 -1.22926 -1
9574000 -1.02788 -1
9574100 -0.973244 -1
9574200 -0.869297 -1
9574300 -0.884431 -1
9574400 -0.915447 -1
9574500 -1.09163 -1
9574600 -0.66302 -1
9574700 -0.38753 -1
9574800 -0.452817 -1
9574900 -0.560254 -1
9575000 -0.777903 -1
9575100 -0.943526 -1
9575200 -1.15411 -1
9575300 -1.30027 -1
9575400 -1.47935 -1
9575500 -1.44831 -1
9575600 -1.36925 -1
9575700 -1.15531 -1
9575800 -0.557941 -1
9575900 -0.2806 -1
9576000 -0.501288 -1
9576100 -1.14385 -1
9576200 -0.9877 -1
9576300 -0.858454 -1
9576400 -0.770018 -1
9576500 -0.656833 -1
9576600 -0.855022 -1
9576700 -0.892421 -1
9576800 -0.919348 -1
9576900 -1.08077 -1
9577000 -0.960861 -1
9577100 -0.816076 -1
9577200 -0.887638 -1
9577300 -1.27526 -1
9577400 -1.53499 -1
9577500 -1.60714 -1
9577600 -1.57323 -1
9577700 -1.27206 -1
9577800 -1.13195 -1
9577900 -1.05595 -1
9578000 -1.01502 -1
9578100 -1.05747 -1
9578200 -0.830147 -1
9578300 -0.821535 -1
9578400 -1.19966 -1
9578500 -1.39887 -1
9578600 -1.44095 -1
9578700 -1.39397 -1
9578800 -1.55441 -1
9578900 -1.07819 -1
9579000 -0.609821 -1
9579100 -0.212517 -1
9579200 -0.0752468 -1
9579300 -0.309633 -1
9579400 -0.730282 -1
9579500 -0.608072 -1
9579600 -0.835913 -1
9579700 -1.20627 -1
9579800 -1.34758 -1
9579900 -1.46086 -1
9580000 -1.27221 -1
9580100 -0.889862 -1
9580200 -1.04559 -1
9580300 -1.21683 -1
9580400 -1.11504 -1
9580500 -1.10529 -1
9580600 -1.12569 -1
9580700 -1.07206 -1
9580800 -1.12697 -1
9580900 -1.11355 -1
9581000 -0.822871 -1
9581100 -0.593096 -1
9581200 -0.80249 -1
9581300 -1.11653 -1
9581400 -1.13563 -1
9581500 -1.07205 -1
9581600 -0.945265 -1
9581700 -0.659928 -1
9581800 -0.597653 -1
9581900 -0.684419 -1
9582000 -0.81741 -1
9582100 -0.955137 -1
9582200 -1.01362 -1
9582300 -1.06874 -1
9582400 -1.20084 -1
9582500 -1.32641 -1
9582600 -1.31496 -1
9582700 -1.4143 -1
9582800 -1.09671 -1
9582900 -1.11732 -1
9583000 -1.34246 -1
9583100 -1.42119 -1
9583200 -1.20319 -1
9583300 -0.898405 -1
9583400 -0.999301 -1
9583500 -1.00649 -1
9583600 -1.22295 -1
9583700 -1.1692 -1
9583800 -1.22253 -1
9583900 -1.31538 -1
9584000 -1.38955 -1
9584100 -1.28104 -1
9584200 -1.45323 -1
9584300 -1.62653 -1
9584400 -1.5419 -1
9584500 -1.39707 -1
9584600 -1.39623 -1
9584700 -1.29143 -1
9584800 -1.02693 -1
9584900 -0.842989 -1
9585000 -0.941256 -1
9585100 -1.18793 -1
9585200 -1.41389 -1
9585300 -1.34908 -1
9585400 -1.51047 -1
9585500 -1.19764 -1
9585600 -0.610156 -1
9585700 -0.354174 -1
9585800 -0.367031 -1
9585900 -0.575063 -1
9586000 -0.592032 -1
9586100 -0.63381 -1
9586200 -0.641239 -1
9586300 -0.862459 -1
9586400 -1.10551 -1
9586500 -1.33265 -1
9586600 -1.47688 -1
9586700 -1.03421 -1
9586800 -0.894737 -1
9586900 -0.924617 -1
9587000 -1.01352 -1
9587100 -0.903502 -1
9587200 -0.755354 -1
9587300 -0.715414 -1
9587400 -0.941124 -1
9587500 -1.01956 -1
9587600 -0.81317 -1
9587700 -0.821281 -1
9587800 -0.785779 -1
9587900 -0.575738 -1
9588000 -0.188338 -1
9588100 -0.067398 -1
9588200 -0.179856 -1
9588300 -0.176296 -1
9588400 -0.230675 -1
9588500 -0.78595 -1
9588600 -1.30497 -1
9588700 -1.22596 -1
9588800 -1.03093 -1
9588900 -0.910529 -1
9589000 -1.10888 -1
9589100 -1.27944 -1
9589200 -1.4822 -1
9589300 -1.61651 -1
9589400 -1.78739 -1
9589500 -1.77925 -1
9589600 -1.78441 -1
9589700 -1.6862 -1
9589800 -1.21526 -1
9589900 -0.942952 -1
9590000 -1.03857 -1
9590100 -1.01093 -1
9590200 -0.885667 -1
9590300 -0.927785 -1
9590400 -0.765395 -1
9590500 -0.543625 -1
9590600 -0.980074 -1
9590700 -1.44189 -1
9590800 -1.22634 -1
9590900 -1.18729 -1
9591000 -1.22531 -1
9591100 -1.43626 -1
9591200 -1.77189 -1
9591300 -2.26193 -1
9591400 -2.15358 -1
9591500 -1.68351 -1
9591600 -1.53343 -1
9591700 -1.29886 -1
9591800 -0.948367 -1
9591900 -0.465155 -1
9592000 -0.309478 -1
9592100 -0.495494 -1
9592200 -0.466773 -1
9592300 -0.445147 -1
9592400 -0.320414 -1
9592500 -0.297119 -1
9592600 -0.50518 -1
9592700 -0.65612 -1
9592800 -0.7893 -1
9592900 -0.418061 -1
9593000 -0.544141 -1
9593100 -0.934971 -1
9593200 -1.03824 -1
9593300 -0.882025 -1
9593400 -1.0946 -1
9593500 -1.14761 -1
9593600 -1.15329 -1
9593700 -1.34786 -1
9593800 -1.41079 -1
9593900 -1.21576 -1
9594000 -1.25219 -1
9594100 -1.04793 -1
9594200 -0.898588 -1
9594300 -1.16385 -1
9594400 -1.56048 -1
9594500 -1.63355 -1
9594600 -1.66695 -1
9594700 -1.5504 -1
9594800 -1.4347 -1
9594900 -1.33783 -1
9595000 -1.2716 -1
9595100 -1.15231 -1
9595200 -1.04705 -1
9595300 -1.19052 -1
9595400 -1.23006 -1
9595500 -0.820052 -1
9595600 -0.665242 -1
9595700 -0.70308 -1
9595800 -0.640492 -1
9595900 -0.696698 -1
9596000 -0.709172 -1
9596100 -0.604616 -1
9596200 -0.606731 -1
9596300 -0.793601 -1
9596400 -1.02097 -1
9596500 -0.391912 -1
9596600 -0.157089 -1
9596700 -0.283082 -1
9596800 -0.816521 -1
9596900 -1.04854 -1
9597000 -0.844583 -1
9597100 -0.85907 -1
9597200 -0.862378 -1
9597300 -0.595454 -1
9597400 -0.324987 -1
9597500 -0.678503 -1
9597600 -0.925218 -1
9597700 -0.965646 -1
9597800 -1.16925 -1
9597900 -1.1567 -1
9598000 -1.03507 -1
9598100 -0.859122 -1
9598200 -0.765404 -1
9598300 -0.987746 -1
9598400 -1.18631 -1
9598500 -1.34947 -1
9598600 -1.4233 -1
9598700 -1.49316 -1
9598800 -1.49149 -1
9598900 -1.64868 -1
9599000 -1.90464 -1
9599100 -2.08867 -1
9599200 -1.77707 -1
9599300 -1.45415 -1
9599400 -1.55913 -1
9599500 -1.61562 -1
9599600 -1.55739 -1
9599700 -1.30812 -1
9599800 -1.26747 -1
9599900 -1.05041 -1
9600000 -1.05454 -1
