# Time-averaged data for fix myat1
# TimeStep v_xave v_xdes
15400100 13.8838 14
15400200 13.7176 14
15400300 14.2449 14
15400400 14.2824 14
15400500 13.8607 14
15400600 13.8248 14
15400700 13.6737 14
15400800 13.7551 14
15400900 14.0467 14
15401000 14.0602 14
15401100 14.1655 14
15401200 14.5177 14
15401300 14.7117 14
15401400 14.5209 14
15401500 14.3034 14
15401600 14.0691 14
15401700 14.0884 14
15401800 14.4359 14
15401900 14.18 14
15402000 14.1213 14
15402100 14.0628 14
15402200 13.9114 14
15402300 14.3687 14
15402400 14.5409 14
15402500 14.5073 14
15402600 14.2417 14
15402700 14.1889 14
15402800 14.069 14
15402900 14.0057 14
15403000 13.9824 14
15403100 13.9563 14
15403200 13.961 14
15403300 13.8004 14
15403400 13.7987 14
15403500 13.8996 14
15403600 14.2429 14
15403700 14.363 14
15403800 14.2231 14
15403900 13.7481 14
15404000 13.224 14
15404100 13.2955 14
15404200 13.4199 14
15404300 13.2504 14
15404400 13.259 14
15404500 13.21 14
15404600 13.3661 14
15404700 13.4056 14
15404800 13.4353 14
15404900 13.7672 14
15405000 14.089 14
15405100 14.2172 14
15405200 14.0989 14
15405300 14.114 14
15405400 14.354 14
15405500 14.5006 14
15405600 14.5578 14
15405700 14.7509 14
15405800 14.4581 14
15405900 14.1123 14
15406000 14.1253 14
15406100 14.2226 14
15406200 14.0816 14
15406300 14.1098 14
15406400 14.0391 14
15406500 14.1598 14
15406600 13.7671 14
15406700 13.991 14
15406800 14.2634 14
15406900 14.4524 14
15407000 14.3351 14
15407100 14.3185 14
15407200 14.2799 14
15407300 14.3812 14
15407400 13.8456 14
15407500 13.4586 14
15407600 13.4966 14
15407700 13.6602 14
15407800 13.7826 14
15407900 13.7878 14
15408000 14.2643 14
15408100 14.4997 14
15408200 14.3857 14
15408300 13.994 14
15408400 13.538 14
15408500 13.4208 14
15408600 13.7837 14
15408700 13.6222 14
15408800 13.5092 14
15408900 13.6281 14
15409000 13.6919 14
15409100 13.7037 14
15409200 13.8893 14
15409300 14.4064 14
15409400 14.7536 14
15409500 14.8603 14
15409600 14.793 14
15409700 14.6037 14
15409800 14.4815 14
15409900 14.465 14
15410000 14.4267 14
15410100 14.3521 14
15410200 14.6207 14
15410300 14.8013 14
15410400 14.4372 14
15410500 14.2793 14
15410600 13.8594 14
15410700 13.8103 14
15410800 14.0908 14
15410900 14.0788 14
15411000 13.9536 14
15411100 13.8238 14
15411200 13.9422 14
15411300 13.8613 14
15411400 13.522 14
15411500 13.3031 14
15411600 13.1936 14
15411700 13.5385 14
15411800 13.8628 14
15411900 14.1004 14
15412000 14.1125 14
15412100 14.0778 14
15412200 14.1723 14
15412300 13.9365 14
15412400 13.8343 14
15412500 13.9648 14
15412600 14.1297 14
15412700 14.226 14
15412800 14.0068 14
15412900 13.7213 14
15413000 14.0373 14
15413100 14.2844 14
15413200 14.3511 14
15413300 14.4014 14
15413400 14.2974 14
15413500 13.9275 14
15413600 13.9876 14
15413700 14.2352 14
15413800 14.0791 14
15413900 13.9764 14
15414000 13.8977 14
15414100 13.9247 14
15414200 14.1896 14
15414300 14.1404 14
15414400 13.9889 14
15414500 13.911 14
15414600 14.2435 14
15414700 14.3315 14
15414800 14.3168 14
15414900 14.357 14
15415000 14.4109 14
15415100 14.362 14
15415200 14.2378 14
15415300 14.273 14
15415400 14.4215 14
15415500 14.6171 14
15415600 14.6236 14
15415700 14.4055 14
15415800 14.3383 14
15415900 14.2177 14
15416000 14.1111 14
15416100 14.0332 14
15416200 14.1837 14
15416300 14.2328 14
15416400 14.1096 14
15416500 13.9553 14
15416600 14.0298 14
15416700 14.2521 14
15416800 14.5709 14
15416900 14.3946 14
15417000 14.4487 14
15417100 14.6828 14
15417200 14.8694 14
15417300 15.0123 14
15417400 14.8476 14
15417500 14.6331 14
15417600 14.3315 14
15417700 14.2212 14
15417800 13.9588 14
15417900 13.7392 14
15418000 13.5668 14
15418100 13.7141 14
15418200 13.7714 14
15418300 13.7603 14
15418400 13.98 14
15418500 13.7309 14
15418600 13.5136 14
15418700 13.9114 14
15418800 14.1018 14
15418900 14.0423 14
15419000 13.8766 14
15419100 13.6536 14
15419200 13.8205 14
15419300 13.7232 14
15419400 13.8519 14
15419500 14.068 14
15419600 14.0199 14
15419700 14.0485 14
15419800 14.0454 14
15419900 14.1909 14
15420000 13.8401 14
15420100 13.8816 14
15420200 14.0878 14
15420300 13.6865 14
15420400 13.5321 14
15420500 13.8419 14
15420600 14.2283 14
15420700 14.0567 14
15420800 14.034 14
15420900 14.2896 14
15421000 14.2421 14
15421100 14.3429 14
15421200 14.1463 14
15421300 13.7846 14
15421400 13.708 14
15421500 13.9003 14
15421600 14.0068 14
15421700 13.7596 14
15421800 13.9235 14
15421900 14.3536 14
15422000 14.6991 14
15422100 14.6218 14
15422200 14.61 14
15422300 14.8904 14
15422400 14.8505 14
15422500 14.618 14
15422600 14.618 14
15422700 14.7672 14
15422800 14.8164 14
15422900 14.5284 14
15423000 14.0091 14
15423100 13.9626 14
15423200 14.0885 14
15423300 14.2123 14
15423400 14.0057 14
15423500 14.0438 14
15423600 14.1924 14
15423700 14.3174 14
15423800 14.3653 14
15423900 14.2107 14
15424000 14.2017 14
15424100 14.3493 14
15424200 14.2614 14
15424300 13.9993 14
15424400 14.0868 14
15424500 14.2751 14
15424600 14.4487 14
15424700 14.3806 14
15424800 14.2491 14
15424900 14.1704 14
15425000 14.1232 14
15425100 13.8358 14
15425200 14.0822 14
15425300 14.1286 14
15425400 14.0421 14
15425500 14.3944 14
15425600 14.2602 14
15425700 14.3181 14
15425800 14.4448 14
15425900 14.2641 14
15426000 13.9224 14
15426100 13.5652 14
15426200 13.4707 14
15426300 13.7002 14
15426400 13.8655 14
15426500 13.7248 14
15426600 13.4489 14
15426700 13.6027 14
15426800 13.596 14
15426900 13.5165 14
15427000 13.5824 14
15427100 13.6469 14
15427200 14.0802 14
15427300 14.1708 14
15427400 14.3132 14
15427500 14.1247 14
15427600 13.9244 14
15427700 14.0904 14
15427800 14.1522 14
15427900 14.2275 14
15428000 14.7323 14
15428100 14.8201 14
15428200 14.5075 14
15428300 14.1808 14
15428400 14.1513 14
15428500 14.2272 14
15428600 14.2752 14
15428700 14.2618 14
15428800 14.1137 14
15428900 13.8982 14
15429000 13.7128 14
15429100 13.9515 14
15429200 14.0614 14
15429300 14.5277 14
15429400 14.9336 14
15429500 14.5718 14
15429600 14.2111 14
15429700 14.0237 14
15429800 13.9021 14
15429900 14.093 14
15430000 14.1325 14
15430100 14.3673 14
15430200 14.2677 14
15430300 14.3043 14
15430400 14.7301 14
15430500 14.7622 14
15430600 14.6643 14
15430700 14.4862 14
15430800 14.3261 14
15430900 13.8607 14
15431000 13.7661 14
15431100 14.0681 14
15431200 13.9275 14
15431300 14.0278 14
15431400 13.921 14
15431500 13.7891 14
15431600 13.8495 14
15431700 13.899 14
15431800 13.9636 14
15431900 13.9643 14
15432000 13.9264 14
15432100 13.8205 14
15432200 13.6323 14
15432300 13.9238 14
15432400 14.183 14
15432500 14.0247 14
15432600 13.6483 14
15432700 13.4627 14
15432800 13.5735 14
15432900 13.587 14
15433000 13.5378 14
15433100 13.4018 14
15433200 13.4586 14
15433300 13.7845 14
15433400 14.0567 14
15433500 14.3317 14
15433600 14.5824 14
15433700 14.1111 14
15433800 13.6612 14
15433900 13.2202 14
15434000 13.3077 14
15434100 13.4757 14
15434200 13.7497 14
15434300 14.0583 14
15434400 14.0962 14
15434500 13.9741 14
15434600 13.9114 14
15434700 13.6947 14
15434800 13.5304 14
15434900 13.6021 14
15435000 13.7147 14
15435100 13.5809 14
15435200 13.5824 14
15435300 13.8658 14
15435400 13.9921 14
15435500 13.9293 14
15435600 13.9446 14
15435700 13.9259 14
15435800 13.9129 14
15435900 14.1083 14
15436000 14.324 14
15436100 14.2994 14
15436200 14.1993 14
15436300 13.9866 14
15436400 14.2119 14
15436500 14.3319 14
15436600 14.0981 14
15436700 13.6378 14
15436800 13.8803 14
15436900 14.0042 14
15437000 14.1372 14
15437100 14.2082 14
15437200 14.2442 14
15437300 14.1462 14
15437400 13.9573 14
15437500 13.6859 14
15437600 13.6509 14
15437700 13.5128 14
15437800 13.6471 14
15437900 14.1613 14
15438000 14.677 14
15438100 14.6127 14
15438200 14.3887 14
15438300 14.2155 14
15438400 14.2211 14
15438500 13.9021 14
15438600 13.6512 14
15438700 13.8113 14
15438800 13.9853 14
15438900 14.3257 14
15439000 14.4899 14
15439100 15.0515 14
15439200 14.7921 14
15439300 14.4008 14
15439400 14.2399 14
15439500 14.1138 14
15439600 14.4448 14
15439700 14.4635 14
15439800 14.24 14
15439900 14.1009 14
15440000 13.5828 14
15440100 13.1932 14
15440200 13.3738 14
15440300 13.6392 14
15440400 13.8106 14
15440500 13.8375 14
15440600 13.6885 14
15440700 13.5724 14
15440800 13.6222 14
15440900 13.7163 14
15441000 13.5644 14
15441100 13.2915 14
15441200 13.3341 14
15441300 13.6027 14
15441400 13.6422 14
15441500 13.6839 14
15441600 13.41 14
15441700 13.3426 14
15441800 13.7805 14
15441900 14.1549 14
15442000 13.9465 14
15442100 13.6799 14
15442200 13.5919 14
15442300 13.6284 14
15442400 13.7966 14
15442500 13.8268 14
15442600 14.0527 14
15442700 14.2669 14
15442800 14.5729 14
15442900 14.4854 14
15443000 14.4748 14
15443100 14.3597 14
15443200 14.2731 14
15443300 14.4289 14
15443400 14.307 14
15443500 14.0649 14
15443600 14.2076 14
15443700 14.3654 14
15443800 14.1061 14
15443900 13.9573 14
15444000 13.6896 14
15444100 13.809 14
15444200 14.0172 14
15444300 13.929 14
15444400 13.9994 14
15444500 14.2471 14
15444600 14.0271 14
15444700 14.1046 14
15444800 14.2061 14
15444900 14.3301 14
15445000 14.1483 14
15445100 14.0398 14
15445200 13.9222 14
15445300 13.9637 14
15445400 13.8277 14
15445500 13.7857 14
15445600 13.7693 14
15445700 13.9246 14
15445800 14.1065 14
15445900 13.9779 14
15446000 13.8908 14
15446100 14.1696 14
15446200 14.3457 14
15446300 14.4181 14
15446400 14.552 14
15446500 14.6599 14
15446600 14.3556 14
15446700 13.852 14
15446800 13.6092 14
15446900 13.739 14
15447000 13.9293 14
15447100 13.9357 14
15447200 13.9402 14
15447300 13.8635 14
15447400 13.6971 14
15447500 13.6156 14
15447600 13.7183 14
15447700 14.3162 14
15447800 14.5565 14
15447900 14.6041 14
15448000 14.6859 14
15448100 14.4093 14
15448200 14.0221 14
15448300 14.0215 14
15448400 14.2905 14
15448500 14.1181 14
15448600 14.0017 14
15448700 14.0727 14
15448800 14.023 14
15448900 13.8167 14
15449000 13.6588 14
15449100 13.4812 14
15449200 13.4425 14
15449300 13.3865 14
15449400 13.441 14
15449500 13.3854 14
15449600 13.0958 14
15449700 13.3214 14
15449800 13.8561 14
15449900 14.46 14
15450000 14.525 14
15450100 14.1128 14
15450200 13.8647 14
15450300 14.2799 14
15450400 14.198 14
15450500 13.657 14
15450600 13.5326 14
15450700 13.4538 14
15450800 13.3169 14
15450900 13.4855 14
15451000 13.5271 14
15451100 14.0381 14
15451200 14.247 14
15451300 14.1446 14
15451400 13.8171 14
15451500 13.163 14
15451600 13.2504 14
15451700 13.5195 14
15451800 13.6545 14
15451900 14.0608 14
15452000 14.307 14
15452100 14.5961 14
15452200 14.7244 14
15452300 14.8864 14
15452400 14.9029 14
15452500 14.7279 14
15452600 14.3502 14
15452700 14.4897 14
15452800 14.3734 14
15452900 14.0211 14
15453000 13.9207 14
15453100 13.9583 14
15453200 14.0395 14
15453300 14.1247 14
15453400 13.9615 14
15453500 13.8367 14
15453600 14.008 14
15453700 14.2331 14
15453800 14.5556 14
15453900 14.5938 14
15454000 14.2953 14
15454100 14.2768 14
15454200 14.3115 14
15454300 14.2697 14
15454400 14.2309 14
15454500 14.1491 14
15454600 14.1821 14
15454700 14.3671 14
15454800 14.1804 14
15454900 14.0062 14
15455000 13.8696 14
15455100 14.1599 14
15455200 14.4354 14
15455300 14.4796 14
15455400 14.0807 14
15455500 13.7967 14
15455600 13.7959 14
15455700 13.8734 14
15455800 13.6996 14
15455900 13.4263 14
15456000 13.3531 14
15456100 13.7405 14
15456200 14.0591 14
15456300 13.9128 14
15456400 13.7503 14
15456500 13.7287 14
15456600 14.063 14
15456700 14.0775 14
15456800 13.9949 14
15456900 14.1795 14
15457000 14.1654 14
15457100 13.8664 14
15457200 13.7221 14
15457300 14.0749 14
15457400 14.0314 14
15457500 13.8751 14
15457600 13.6831 14
15457700 13.9163 14
15457800 13.7821 14
15457900 13.773 14
15458000 13.9301 14
15458100 13.925 14
15458200 14.0766 14
15458300 14.214 14
15458400 14.0282 14
15458500 13.788 14
15458600 13.9904 14
15458700 14.2671 14
15458800 14.1638 14
15458900 13.9725 14
15459000 13.9598 14
15459100 13.9148 14
15459200 14.1275 14
15459300 14.2537 14
15459400 14.0571 14
15459500 13.7688 14
15459600 13.8785 14
15459700 14.1431 14
15459800 13.7059 14
15459900 13.3328 14
15460000 13.5586 14
15460100 13.4661 14
15460200 13.3611 14
15460300 13.4294 14
15460400 13.8681 14
15460500 13.9283 14
15460600 13.5927 14
15460700 13.4444 14
15460800 13.5162 14
15460900 13.5314 14
15461000 14.0189 14
15461100 14.5294 14
15461200 14.584 14
15461300 14.3181 14
15461400 14.5146 14
15461500 14.6693 14
15461600 14.7793 14
15461700 14.779 14
15461800 14.4578 14
15461900 14.1308 14
15462000 13.7756 14
15462100 13.698 14
15462200 13.5098 14
15462300 13.5861 14
15462400 13.4368 14
15462500 13.4927 14
15462600 13.3886 14
15462700 13.7852 14
15462800 14.0496 14
15462900 14.071 14
15463000 14.0308 14
15463100 14.125 14
15463200 14.1498 14
15463300 14.135 14
15463400 14.1297 14
15463500 14.1617 14
15463600 14.1047 14
15463700 14.1494 14
15463800 14.0953 14
15463900 14.1189 14
15464000 14.1348 14
15464100 14.1091 14
15464200 13.9905 14
15464300 13.9705 14
15464400 13.6086 14
15464500 13.3899 14
15464600 13.4496 14
15464700 13.1774 14
15464800 13.2103 14
15464900 13.4702 14
15465000 13.8669 14
15465100 13.7839 14
15465200 13.6077 14
15465300 13.7847 14
15465400 14.0426 14
15465500 14.3297 14
15465600 14.4857 14
15465700 14.6689 14
15465800 14.9373 14
15465900 14.7491 14
15466000 14.5222 14
15466100 14.3226 14
15466200 14.2566 14
15466300 14.0686 14
15466400 13.8624 14
15466500 13.8678 14
15466600 13.7026 14
15466700 13.6824 14
15466800 13.7935 14
15466900 13.8027 14
15467000 13.6137 14
15467100 13.5771 14
15467200 13.4515 14
15467300 13.1533 14
15467400 13.0516 14
15467500 13.257 14
15467600 13.5261 14
15467700 13.9801 14
15467800 14.3618 14
15467900 14.2137 14
15468000 14.0367 14
15468100 14.0335 14
15468200 14.3385 14
15468300 14.4539 14
15468400 14.2109 14
15468500 13.9665 14
15468600 14.0322 14
15468700 14.3167 14
15468800 14.6582 14
15468900 14.4984 14
15469000 13.932 14
15469100 13.7595 14
15469200 14.054 14
15469300 14.3742 14
15469400 14.2319 14
15469500 14.0915 14
15469600 13.9087 14
15469700 13.5461 14
15469800 13.6045 14
15469900 14.2178 14
15470000 14.6332 14
15470100 14.383 14
15470200 14.1456 14
15470300 13.9581 14
15470400 13.8996 14
15470500 14.0155 14
15470600 14.1013 14
15470700 14.0768 14
15470800 13.6335 14
15470900 13.3959 14
15471000 13.5058 14
15471100 13.6248 14
15471200 13.9615 14
15471300 13.9635 14
15471400 14.0067 14
15471500 14.4293 14
15471600 14.6949 14
15471700 14.522 14
15471800 14.448 14
15471900 14.4961 14
15472000 14.5925 14
15472100 14.3291 14
15472200 14.1855 14
15472300 13.9895 14
15472400 13.707 14
15472500 13.4029 14
15472600 13.3779 14
15472700 13.6015 14
15472800 13.3645 14
15472900 13.6116 14
15473000 13.6393 14
15473100 13.5689 14
15473200 13.4324 14
15473300 13.6536 14
15473400 13.8687 14
15473500 14.2967 14
15473600 14.4388 14
15473700 14.4351 14
15473800 14.129 14
15473900 13.8952 14
15474000 13.681 14
15474100 13.7792 14
15474200 13.965 14
15474300 14.0329 14
15474400 13.8431 14
15474500 13.6506 14
15474600 13.9852 14
15474700 14.2562 14
15474800 14.4805 14
15474900 14.5544 14
15475000 14.5346 14
15475100 14.2407 14
15475200 14.0939 14
15475300 14.4574 14
15475400 14.7103 14
15475500 14.5532 14
15475600 14.4281 14
15475700 14.2106 14
15475800 13.8426 14
15475900 13.6087 14
15476000 13.7319 14
15476100 13.6227 14
15476200 13.5798 14
15476300 13.7525 14
15476400 13.8957 14
15476500 14.1097 14
15476600 14.0652 14
15476700 14.283 14
15476800 14.3755 14
15476900 14.0623 14
15477000 13.7771 14
15477100 13.7821 14
15477200 13.9834 14
15477300 13.9504 14
15477400 13.6707 14
15477500 13.5261 14
15477600 13.6811 14
15477700 13.8423 14
15477800 13.7193 14
15477900 13.6531 14
15478000 13.8511 14
15478100 13.8901 14
15478200 14.0898 14
15478300 14.2943 14
15478400 14.1496 14
15478500 14.1964 14
15478600 14.4966 14
15478700 14.4259 14
15478800 14.3561 14
15478900 14.1608 14
15479000 14.07 14
15479100 14.1538 14
15479200 14.226 14
15479300 14.23 14
15479400 14.1433 14
15479500 14.2842 14
15479600 14.2874 14
15479700 14.3482 14
15479800 14.4866 14
15479900 14.4102 14
15480000 14.6296 14
15480100 14.7158 14
15480200 14.3978 14
15480300 14.0984 14
15480400 13.8595 14
15480500 13.854 14
15480600 13.9258 14
15480700 13.5963 14
15480800 13.5109 14
15480900 13.4949 14
15481000 13.9998 14
15481100 14.0092 14
15481200 13.8418 14
15481300 13.7408 14
15481400 13.7255 14
15481500 13.7682 14
15481600 14.2232 14
15481700 14.7421 14
15481800 14.5114 14
15481900 14.0386 14
15482000 13.8994 14
15482100 13.4584 14
15482200 13.3034 14
15482300 13.358 14
15482400 13.2354 14
15482500 13.1953 14
15482600 13.3943 14
15482700 13.5557 14
15482800 13.9708 14
15482900 14.1185 14
15483000 13.6496 14
15483100 13.5651 14
15483200 13.7354 14
15483300 13.7223 14
15483400 13.6541 14
15483500 13.7554 14
15483600 13.8493 14
15483700 14.1766 14
15483800 14.779 14
15483900 14.8551 14
15484000 14.5538 14
15484100 14.2177 14
15484200 13.9238 14
15484300 13.6291 14
15484400 13.3537 14
15484500 13.3248 14
15484600 13.392 14
15484700 13.4095 14
15484800 13.3517 14
15484900 13.4322 14
15485000 13.7405 14
15485100 14.2957 14
15485200 14.1489 14
15485300 14.4467 14
15485400 14.7713 14
15485500 14.3943 14
15485600 14.1648 14
15485700 14.0819 14
15485800 14.2922 14
15485900 14.2126 14
15486000 14.2898 14
15486100 14.1722 14
15486200 13.9258 14
15486300 13.9384 14
15486400 13.7322 14
15486500 13.7247 14
15486600 14.0399 14
15486700 14.3032 14
15486800 14.0926 14
15486900 14.06 14
15487000 14.0329 14
15487100 13.9961 14
15487200 14.1707 14
15487300 14.2879 14
15487400 14.3378 14
15487500 14.2671 14
15487600 14.2195 14
15487700 14.3883 14
15487800 14.4776 14
15487900 14.6011 14
15488000 14.487 14
15488100 14.3389 14
15488200 14.4373 14
15488300 14.5887 14
15488400 14.3382 14
15488500 14.2911 14
15488600 14.5681 14
15488700 14.7177 14
15488800 14.6571 14
15488900 14.4182 14
15489000 14.0908 14
15489100 13.9292 14
15489200 13.69 14
15489300 13.8152 14
15489400 14.0036 14
15489500 14.1958 14
15489600 14.0961 14
15489700 14.0375 14
15489800 13.6525 14
15489900 13.8916 14
15490000 14.1619 14
15490100 13.9674 14
15490200 14.1401 14
15490300 14.2208 14
15490400 14.1455 14
15490500 13.9632 14
15490600 13.8681 14
15490700 13.9518 14
15490800 13.9551 14
15490900 14.032 14
15491000 14.0736 14
15491100 14.0983 14
15491200 14.4644 14
15491300 14.7995 14
15491400 14.7106 14
15491500 14.733 14
15491600 14.7495 14
15491700 14.5643 14
15491800 14.7755 14
15491900 14.6542 14
15492000 14.4625 14
15492100 14.2121 14
15492200 14.4116 14
15492300 14.6757 14
15492400 14.7459 14
15492500 14.7301 14
15492600 14.7943 14
15492700 14.395 14
15492800 14.2641 14
15492900 14.1107 14
15493000 14.0024 14
15493100 13.6998 14
15493200 13.8758 14
15493300 14.1579 14
15493400 14.1373 14
15493500 14.3378 14
15493600 14.4761 14
15493700 14.8687 14
15493800 14.9199 14
15493900 14.9644 14
15494000 15.3539 14
15494100 15.1568 14
15494200 14.7564 14
15494300 14.3678 14
15494400 14.1606 14
15494500 14.3597 14
15494600 14.8566 14
15494700 15.1092 14
15494800 14.9013 14
15494900 14.5812 14
15495000 14.4838 14
15495100 14.5664 14
15495200 14.8631 14
15495300 14.8766 14
15495400 14.6577 14
15495500 14.7564 14
15495600 15.0268 14
15495700 14.9122 14
15495800 14.6519 14
15495900 14.7709 14
15496000 14.6094 14
15496100 14.2152 14
15496200 13.994 14
15496300 13.8743 14
15496400 13.8696 14
15496500 13.7836 14
15496600 14.1069 14
15496700 14.3231 14
15496800 14.3977 14
15496900 14.462 14
15497000 14.3624 14
15497100 14.3289 14
15497200 13.975 14
15497300 13.888 14
15497400 13.8071 14
15497500 13.8619 14
15497600 13.4405 14
15497700 13.1715 14
15497800 13.1884 14
15497900 13.3345 14
15498000 13.6377 14
15498100 13.878 14
15498200 13.846 14
15498300 14.0592 14
15498400 14.1199 14
15498500 14.401 14
15498600 14.7577 14
15498700 14.4227 14
15498800 14.2491 14
15498900 14.2132 14
15499000 13.7509 14
15499100 13.5304 14
15499200 13.8799 14
15499300 14.2043 14
15499400 14.2685 14
15499500 14.126 14
15499600 13.9078 14
15499700 13.5038 14
15499800 13.3811 14
15499900 13.5817 14
15500000 13.329 14
15500100 13.2583 14
15500200 13.6814 14
15500300 13.8894 14
15500400 14.124 14
15500500 14.189 14
15500600 14.5732 14
15500700 14.5022 14
15500800 14.2192 14
15500900 14.0984 14
15501000 14.3008 14
15501100 14.2031 14
15501200 13.8908 14
15501300 13.849 14
15501400 13.7118 14
15501500 13.7223 14
15501600 14.0069 14
15501700 14.2221 14
15501800 14.2835 14
15501900 14.3556 14
15502000 14.1333 14
15502100 14.0325 14
15502200 13.8791 14
15502300 14.17 14
15502400 14.385 14
15502500 14.3089 14
15502600 14.2219 14
15502700 14.1428 14
15502800 14.256 14
15502900 14.422 14
15503000 14.4792 14
15503100 14.523 14
15503200 14.2174 14
15503300 13.7662 14
15503400 13.9807 14
15503500 14.2192 14
15503600 14.1605 14
15503700 14.0443 14
15503800 13.9961 14
15503900 13.9824 14
15504000 14.2253 14
15504100 13.8956 14
15504200 13.7999 14
15504300 13.9322 14
15504400 13.9791 14
15504500 14.0002 14
15504600 14.1818 14
15504700 14.3304 14
15504800 14.3121 14
15504900 14.4448 14
15505000 14.4328 14
15505100 14.4745 14
15505200 14.5076 14
15505300 14.6001 14
15505400 14.2287 14
15505500 13.6807 14
15505600 13.4237 14
15505700 13.413 14
15505800 13.8122 14
15505900 14.0325 14
15506000 14.2215 14
15506100 14.2622 14
15506200 14.2338 14
15506300 14.1288 14
15506400 14.0326 14
15506500 14.1555 14
15506600 14.0335 14
15506700 14.1692 14
15506800 14.2318 14
15506900 14.4524 14
15507000 14.4174 14
15507100 14.0447 14
15507200 13.9208 14
15507300 13.8619 14
15507400 13.6891 14
15507500 13.3986 14
15507600 13.6606 14
15507700 14.1695 14
15507800 14.4008 14
15507900 14.4783 14
15508000 14.5226 14
15508100 14.3267 14
15508200 14.407 14
15508300 14.3997 14
15508400 13.9604 14
15508500 13.5936 14
15508600 13.5563 14
15508700 13.4438 14
15508800 13.6401 14
15508900 13.7748 14
15509000 13.7755 14
15509100 14.0719 14
15509200 14.2155 14
15509300 14.2083 14
15509400 13.9683 14
15509500 13.9122 14
15509600 13.8129 14
15509700 13.7451 14
15509800 14.1437 14
15509900 14.6669 14
15510000 14.4706 14
15510100 14.136 14
15510200 14.0343 14
15510300 14.1285 14
15510400 14.4184 14
15510500 14.5609 14
15510600 14.6832 14
15510700 14.5138 14
15510800 14.6219 14
15510900 14.6512 14
15511000 14.6159 14
15511100 14.479 14
15511200 14.3364 14
15511300 14.4791 14
15511400 14.3935 14
15511500 13.9361 14
15511600 13.7018 14
15511700 13.5586 14
15511800 13.4016 14
15511900 12.9873 14
15512000 13.0861 14
15512100 13.2446 14
15512200 13.3129 14
15512300 13.3315 14
15512400 13.5972 14
15512500 14.0645 14
15512600 14.5067 14
15512700 14.6496 14
15512800 14.5992 14
15512900 14.7642 14
15513000 14.9158 14
15513100 14.7491 14
15513200 14.6524 14
15513300 14.5552 14
15513400 14.5156 14
15513500 14.444 14
15513600 14.1804 14
15513700 14.0097 14
15513800 14.1268 14
15513900 14.1836 14
15514000 14.2275 14
15514100 14.0219 14
15514200 13.7756 14
15514300 13.6483 14
15514400 14.0668 14
15514500 14.5091 14
15514600 14.3513 14
15514700 14.1252 14
15514800 13.8792 14
15514900 13.9337 14
15515000 14.2043 14
15515100 14.3735 14
15515200 14.5541 14
15515300 14.3474 14
15515400 13.9607 14
15515500 13.6379 14
15515600 13.6768 14
15515700 13.8407 14
15515800 13.8957 14
15515900 14.1484 14
15516000 13.9581 14
15516100 14.2182 14
15516200 14.5912 14
15516300 14.3669 14
15516400 14.4061 14
15516500 14.6248 14
15516600 14.4435 14
15516700 14.4954 14
15516800 14.498 14
15516900 14.4828 14
15517000 14.4131 14
15517100 14.4756 14
15517200 14.4953 14
15517300 14.4523 14
15517400 14.3964 14
15517500 14.4167 14
15517600 14.3426 14
15517700 14.0668 14
15517800 13.7902 14
15517900 13.668 14
15518000 13.5788 14
15518100 13.5882 14
15518200 13.7364 14
15518300 14.3037 14
15518400 14.5543 14
15518500 14.512 14
15518600 14.5231 14
15518700 14.2777 14
15518800 14.1338 14
15518900 14.1759 14
15519000 14.1249 14
15519100 14.1538 14
15519200 14.1533 14
15519300 14.1233 14
15519400 14.3336 14
15519500 14.4753 14
15519600 14.5775 14
15519700 14.4535 14
15519800 14.2663 14
15519900 14.0266 14
15520000 14.2243 14
15520100 14.4712 14
15520200 14.6188 14
15520300 14.5389 14
15520400 14.4474 14
15520500 14.3769 14
15520600 14.2728 14
15520700 14.1341 14
15520800 14.202 14
15520900 13.9691 14
15521000 13.5606 14
15521100 13.4629 14
15521200 13.4717 14
15521300 13.4516 14
15521400 13.5872 14
15521500 13.8351 14
15521600 13.8223 14
15521700 13.8232 14
15521800 13.7804 14
15521900 14.1681 14
15522000 14.2788 14
15522100 14.3805 14
15522200 14.3214 14
15522300 14.219 14
15522400 14.2197 14
15522500 14.203 14
15522600 14.1283 14
15522700 14.3301 14
15522800 14.3133 14
15522900 14.4608 14
15523000 14.3115 14
15523100 14.0183 14
15523200 13.5057 14
15523300 13.3941 14
15523400 13.5159 14
15523500 13.5232 14
15523600 13.6726 14
15523700 13.81 14
15523800 13.806 14
15523900 13.8327 14
15524000 13.9068 14
15524100 13.8216 14
15524200 13.7265 14
15524300 13.8195 14
15524400 13.7457 14
15524500 13.7012 14
15524600 13.6209 14
15524700 13.7689 14
15524800 13.8904 14
15524900 13.8383 14
15525000 13.7362 14
15525100 13.7865 14
15525200 13.5875 14
15525300 13.7596 14
15525400 14.1597 14
15525500 13.9836 14
15525600 13.7652 14
15525700 14.0664 14
15525800 14.2727 14
15525900 13.882 14
15526000 13.6693 14
15526100 13.8347 14
15526200 13.6463 14
15526300 13.5225 14
15526400 13.7185 14
15526500 13.8217 14
15526600 13.9911 14
15526700 14.0493 14
15526800 14.0168 14
15526900 13.7608 14
15527000 13.5679 14
15527100 13.7153 14
15527200 13.8674 14
15527300 13.9112 14
15527400 13.8245 14
15527500 13.8416 14
15527600 13.8315 14
15527700 13.7367 14
15527800 13.7724 14
15527900 13.756 14
15528000 13.8632 14
15528100 13.9423 14
15528200 13.7705 14
15528300 13.5488 14
15528400 13.4106 14
15528500 13.3003 14
15528600 13.5118 14
15528700 13.5843 14
15528800 13.5265 14
15528900 13.6758 14
15529000 13.792 14
15529100 13.8586 14
15529200 13.9772 14
15529300 13.7145 14
15529400 13.6692 14
15529500 13.5239 14
15529600 13.7347 14
15529700 13.8371 14
15529800 13.7581 14
15529900 13.9944 14
15530000 14.2066 14
15530100 13.9995 14
15530200 14.0872 14
15530300 14.1219 14
15530400 14.1934 14
15530500 14.3768 14
15530600 14.4604 14
15530700 14.4663 14
15530800 14.5112 14
15530900 14.3209 14
15531000 14.2123 14
15531100 14.0044 14
15531200 13.6064 14
15531300 13.2468 14
15531400 13.2011 14
15531500 13.191 14
15531600 13.4557 14
15531700 13.9146 14
15531800 14.2421 14
15531900 14.1591 14
15532000 13.951 14
15532100 14.1277 14
15532200 14.1941 14
15532300 14.1663 14
15532400 14.2871 14
15532500 14.3218 14
15532600 13.9965 14
15532700 13.7934 14
15532800 13.6796 14
15532900 13.6518 14
15533000 13.7842 14
15533100 14.4128 14
15533200 14.7307 14
15533300 14.4083 14
15533400 14.2396 14
15533500 14.0564 14
15533600 13.9598 14
15533700 13.7802 14
15533800 13.5994 14
15533900 13.7021 14
15534000 13.953 14
15534100 14.1927 14
15534200 14.0724 14
15534300 13.8982 14
15534400 13.7843 14
15534500 13.6342 14
15534600 13.3516 14
15534700 13.1663 14
15534800 13.3753 14
15534900 13.5206 14
15535000 13.5738 14
15535100 13.8289 14
15535200 13.4255 14
15535300 13.0779 14
15535400 13.1077 14
15535500 13.039 14
15535600 13.1585 14
15535700 13.3209 14
15535800 13.2942 14
15535900 13.5843 14
15536000 13.7734 14
15536100 13.729 14
15536200 13.8121 14
15536300 13.9119 14
15536400 13.9425 14
15536500 14.1417 14
15536600 14.3469 14
15536700 14.3879 14
15536800 14.4661 14
15536900 14.2864 14
15537000 14.1081 14
15537100 14.0459 14
15537200 13.9072 14
15537300 13.7998 14
15537400 13.7273 14
15537500 13.6094 14
15537600 13.5895 14
15537700 13.5014 14
15537800 13.5752 14
15537900 13.7492 14
15538000 13.8009 14
15538100 14.0075 14
15538200 14.1005 14
15538300 14.3886 14
15538400 14.5096 14
15538500 14.3457 14
15538600 14.1172 14
15538700 14.1128 14
15538800 14.2527 14
15538900 14.1567 14
15539000 14.1314 14
15539100 14.5872 14
15539200 14.7029 14
15539300 15.0284 14
15539400 14.9135 14
15539500 14.5916 14
15539600 14.4867 14
15539700 14.1851 14
15539800 13.8097 14
15539900 14.0527 14
15540000 14.307 14
15540100 14.2041 14
15540200 14.0828 14
15540300 13.8123 14
15540400 13.4157 14
15540500 13.4187 14
15540600 13.7056 14
15540700 13.9784 14
15540800 14.1893 14
15540900 14.7479 14
15541000 14.8258 14
15541100 14.4001 14
15541200 14.1863 14
15541300 13.954 14
15541400 13.7713 14
15541500 14.0081 14
15541600 14.1854 14
15541700 14.0353 14
15541800 14.0652 14
15541900 13.5623 14
15542000 13.3329 14
15542100 13.7655 14
15542200 14.3158 14
15542300 14.1853 14
15542400 13.8351 14
15542500 13.6666 14
15542600 13.9027 14
15542700 14.3044 14
15542800 14.2867 14
15542900 14.2919 14
15543000 14.3916 14
15543100 14.3303 14
15543200 14.4592 14
15543300 14.2747 14
15543400 14.0582 14
15543500 13.8607 14
15543600 13.7431 14
15543700 13.7629 14
15543800 13.7517 14
15543900 13.5764 14
15544000 13.7504 14
15544100 14.0764 14
15544200 14.2591 14
15544300 14.3567 14
15544400 14.47 14
15544500 14.7273 14
15544600 14.8689 14
15544700 14.8844 14
15544800 14.5151 14
15544900 14.0497 14
15545000 13.8851 14
15545100 14.1466 14
15545200 14.2441 14
15545300 14.2562 14
15545400 14.0303 14
15545500 14.0541 14
15545600 13.9845 14
15545700 14.0244 14
15545800 14.0675 14
15545900 14.0344 14
15546000 13.9454 14
15546100 13.7285 14
15546200 13.681 14
15546300 14.0108 14
15546400 14.2142 14
15546500 14.1337 14
15546600 13.9584 14
15546700 13.7722 14
15546800 13.8978 14
15546900 13.9441 14
15547000 14.1401 14
15547100 14.3922 14
15547200 14.4924 14
15547300 14.3249 14
15547400 14.1643 14
15547500 13.6684 14
15547600 13.6917 14
15547700 13.7262 14
15547800 13.702 14
15547900 14.2185 14
15548000 14.3174 14
15548100 14.2962 14
15548200 14.0669 14
15548300 13.9451 14
15548400 13.8661 14
15548500 13.9776 14
15548600 14.2903 14
15548700 14.4494 14
15548800 14.682 14
15548900 14.7815 14
15549000 14.6694 14
15549100 14.8631 14
15549200 14.5789 14
15549300 14.4455 14
15549400 14.3399 14
15549500 14.0355 14
15549600 13.6962 14
15549700 13.7181 14
15549800 13.7585 14
15549900 13.7518 14
15550000 13.9294 14
15550100 14.0142 14
15550200 13.9972 14
15550300 14.0243 14
15550400 14.0689 14
15550500 14.3317 14
15550600 14.6052 14
15550700 14.5444 14
15550800 14.1282 14
15550900 13.8491 14
15551000 13.6906 14
15551100 13.5618 14
15551200 13.2021 14
15551300 13.0993 14
15551400 13.0572 14
15551500 13.3035 14
15551600 13.603 14
15551700 13.8185 14
15551800 13.8809 14
15551900 14.1474 14
15552000 14.1666 14
15552100 14.2326 14
15552200 14.2255 14
15552300 14.3965 14
15552400 14.4874 14
15552500 14.0152 14
15552600 13.8411 14
15552700 13.7288 14
15552800 14.003 14
15552900 14.2615 14
15553000 14.3603 14
15553100 14.2583 14
15553200 14.1623 14
15553300 14.1672 14
15553400 14.3183 14
15553500 14.1446 14
15553600 14.0068 14
15553700 14.0668 14
15553800 13.8798 14
15553900 13.8039 14
15554000 13.5658 14
15554100 13.4889 14
15554200 13.7939 14
15554300 13.9093 14
15554400 13.7746 14
15554500 13.5341 14
15554600 13.8627 14
15554700 14.0057 14
15554800 14.1387 14
15554900 13.8991 14
15555000 13.5715 14
15555100 13.5625 14
15555200 13.7685 14
15555300 14.0433 14
15555400 14.2097 14
15555500 14.1301 14
15555600 13.9381 14
15555700 13.71 14
15555800 13.7113 14
15555900 13.6745 14
15556000 13.3326 14
15556100 13.327 14
15556200 13.5671 14
15556300 13.3752 14
15556400 13.4741 14
15556500 13.3679 14
15556600 13.2651 14
15556700 13.1676 14
15556800 13.3009 14
15556900 13.6773 14
15557000 13.6847 14
15557100 13.6413 14
15557200 13.8155 14
15557300 13.9518 14
15557400 14.1093 14
15557500 13.7383 14
15557600 13.6902 14
15557700 13.749 14
15557800 13.7155 14
15557900 13.5019 14
15558000 13.1791 14
15558100 13.3143 14
15558200 13.3503 14
15558300 13.4936 14
15558400 13.7663 14
15558500 14.0208 14
15558600 14.3729 14
15558700 14.1842 14
15558800 13.8402 14
15558900 13.8991 14
15559000 14.0873 14
15559100 13.9615 14
15559200 14.3803 14
15559300 14.9712 14
15559400 15.3547 14
15559500 15.2339 14
15559600 14.8234 14
15559700 14.2181 14
15559800 13.8097 14
15559900 14.0111 14
15560000 14.0518 14
15560100 14.2824 14
15560200 14.2934 14
15560300 14.1765 14
15560400 14.055 14
15560500 13.6988 14
15560600 13.5331 14
15560700 13.4916 14
15560800 13.6803 14
15560900 13.6352 14
15561000 13.7645 14
15561100 13.7552 14
15561200 13.7618 14
15561300 14.1505 14
15561400 14.5035 14
15561500 14.3886 14
15561600 14.3289 14
15561700 14.1574 14
15561800 14.0739 14
15561900 14.2068 14
15562000 14.1506 14
15562100 14.3403 14
15562200 14.6522 14
15562300 14.6954 14
15562400 14.7166 14
15562500 14.7372 14
15562600 14.4537 14
15562700 14.4152 14
15562800 14.2099 14
15562900 14.1143 14
15563000 14.1816 14
15563100 14.2931 14
15563200 14.4075 14
15563300 14.3036 14
15563400 14.2231 14
15563500 14.1035 14
15563600 14.0768 14
15563700 13.8428 14
15563800 13.7857 14
15563900 13.7406 14
15564000 13.362 14
15564100 13.5743 14
15564200 13.4406 14
15564300 13.3746 14
15564400 13.5931 14
15564500 13.932 14
15564600 13.7897 14
15564700 13.8365 14
15564800 13.8464 14
15564900 13.6748 14
15565000 13.5302 14
15565100 13.2868 14
15565200 13.1516 14
15565300 13.1828 14
15565400 13.4189 14
15565500 13.6689 14
15565600 13.4944 14
15565700 13.6227 14
15565800 14.0762 14
15565900 14.1106 14
15566000 13.938 14
15566100 14.0533 14
15566200 13.964 14
15566300 14.018 14
15566400 14.2295 14
15566500 14.1688 14
15566600 13.8875 14
15566700 14.0548 14
15566800 14.1979 14
15566900 14.175 14
15567000 14.0946 14
15567100 14.046 14
15567200 14.1943 14
15567300 14.2158 14
15567400 14.1665 14
15567500 14.3785 14
15567600 14.3768 14
15567700 13.7383 14
15567800 13.527 14
15567900 13.5941 14
15568000 13.8212 14
15568100 13.7428 14
15568200 13.4196 14
15568300 13.3495 14
15568400 13.5407 14
15568500 13.9315 14
15568600 13.9325 14
15568700 13.6927 14
15568800 13.3418 14
15568900 13.3895 14
15569000 13.5868 14
15569100 13.642 14
15569200 13.8728 14
15569300 13.7699 14
15569400 14.007 14
15569500 14.3374 14
15569600 13.8837 14
15569700 13.6703 14
15569800 13.8119 14
15569900 13.9926 14
15570000 14.1985 14
15570100 14.2133 14
15570200 14.1579 14
15570300 14.4363 14
15570400 14.4491 14
15570500 14.2917 14
15570600 14.028 14
15570700 14.1294 14
15570800 14.1124 14
15570900 14.3001 14
15571000 14.4683 14
15571100 14.461 14
15571200 14.4587 14
15571300 14.1381 14
15571400 14.1185 14
15571500 14.1599 14
15571600 14.3453 14
15571700 14.5101 14
15571800 14.6826 14
15571900 14.3368 14
15572000 14.1018 14
15572100 14.0859 14
15572200 14.5436 14
15572300 14.6979 14
15572400 14.4134 14
15572500 14.0748 14
15572600 14.2942 14
15572700 14.1459 14
15572800 13.5687 14
15572900 12.9703 14
15573000 13.0359 14
15573100 13.3326 14
15573200 13.6659 14
15573300 13.5779 14
15573400 13.5495 14
15573500 13.5101 14
15573600 13.5848 14
15573700 13.6668 14
15573800 13.7218 14
15573900 13.9013 14
15574000 13.8221 14
15574100 13.6897 14
15574200 13.6431 14
15574300 13.9052 14
15574400 14.1202 14
15574500 14.4772 14
15574600 14.4278 14
15574700 14.0554 14
15574800 13.7508 14
15574900 13.6583 14
15575000 13.6519 14
15575100 13.8264 14
15575200 13.7592 14
15575300 13.6545 14
15575400 13.5805 14
15575500 13.2795 14
15575600 13.2494 14
15575700 13.32 14
15575800 13.2224 14
15575900 13.1281 14
15576000 13.6417 14
15576100 13.9149 14
15576200 13.97 14
15576300 14.3347 14
15576400 14.5003 14
15576500 14.4297 14
15576600 14.1351 14
15576700 14.1755 14
15576800 14.1033 14
15576900 13.8798 14
15577000 13.6917 14
15577100 13.8118 14
15577200 14.1624 14
15577300 14.4337 14
15577400 14.1582 14
15577500 14.1563 14
15577600 14.4998 14
15577700 14.6927 14
15577800 14.3135 14
15577900 13.6569 14
15578000 13.5218 14
15578100 14.086 14
15578200 14.4319 14
15578300 14.2844 14
15578400 14.3662 14
15578500 14.311 14
15578600 14.0006 14
15578700 13.6899 14
15578800 13.7505 14
15578900 14.0003 14
15579000 14.0109 14
15579100 14.1231 14
15579200 14.2456 14
15579300 14.3475 14
15579400 14.3575 14
15579500 14.5116 14
15579600 14.5412 14
15579700 14.4261 14
15579800 14.2567 14
15579900 14.0186 14
15580000 13.8588 14
15580100 13.7613 14
15580200 13.7087 14
15580300 13.5638 14
15580400 13.4256 14
15580500 13.144 14
15580600 13.3558 14
15580700 13.4771 14
15580800 13.6902 14
15580900 13.7296 14
15581000 13.4783 14
15581100 13.6185 14
15581200 13.9556 14
15581300 14.0295 14
15581400 14.3187 14
15581500 14.5042 14
15581600 14.5117 14
15581700 14.5834 14
15581800 14.3616 14
15581900 13.865 14
15582000 13.5345 14
15582100 13.2093 14
15582200 12.9783 14
15582300 13.156 14
15582400 13.6575 14
15582500 13.949 14
15582600 13.7849 14
15582700 13.6187 14
15582800 14.0142 14
15582900 14.4081 14
15583000 14.5471 14
15583100 14.6222 14
15583200 14.6471 14
15583300 14.1204 14
15583400 13.5682 14
15583500 13.5335 14
15583600 13.2612 14
15583700 13.2765 14
15583800 13.4279 14
15583900 13.6099 14
15584000 13.3995 14
15584100 13.326 14
15584200 13.7361 14
15584300 13.7913 14
15584400 13.8971 14
15584500 14.0748 14
15584600 13.8292 14
15584700 13.9614 14
15584800 14.5006 14
15584900 14.8746 14
15585000 14.629 14
15585100 14.6223 14
15585200 14.2953 14
15585300 13.9553 14
15585400 13.6612 14
15585500 13.508 14
15585600 13.4925 14
15585700 13.5155 14
15585800 13.4593 14
15585900 13.1963 14
15586000 13.0819 14
15586100 13.0908 14
15586200 13.5289 14
15586300 13.5424 14
15586400 13.691 14
15586500 13.8113 14
15586600 14.0475 14
15586700 14.0808 14
15586800 13.9423 14
15586900 14.0302 14
15587000 14.2374 14
15587100 14.3062 14
15587200 14.2961 14
15587300 14.5434 14
15587400 14.5758 14
15587500 14.3614 14
15587600 14.1104 14
15587700 13.7693 14
15587800 13.2418 14
15587900 13.2868 14
15588000 13.7641 14
15588100 13.6872 14
15588200 13.5719 14
15588300 13.4938 14
15588400 13.6623 14
15588500 14.3877 14
15588600 14.8513 14
15588700 14.9805 14
15588800 15.0931 14
15588900 14.8727 14
15589000 14.4586 14
15589100 14.3618 14
15589200 14.5782 14
15589300 14.7435 14
15589400 14.3129 14
15589500 14.0364 14
15589600 14.0708 14
15589700 13.7872 14
15589800 13.602 14
15589900 13.5279 14
15590000 13.7779 14
15590100 13.8774 14
15590200 13.7694 14
15590300 13.7633 14
15590400 13.614 14
15590500 13.3558 14
15590600 13.2683 14
15590700 13.4428 14
15590800 13.6594 14
15590900 13.6244 14
15591000 13.6646 14
15591100 13.8698 14
15591200 14.1207 14
15591300 14.3782 14
15591400 14.2707 14
15591500 13.9916 14
15591600 13.9617 14
15591700 14.2416 14
15591800 14.2975 14
15591900 13.8347 14
15592000 13.9017 14
15592100 14.235 14
15592200 14.0816 14
15592300 14.1131 14
15592400 14.0029 14
15592500 14.1803 14
15592600 14.4684 14
15592700 14.4527 14
15592800 14.153 14
15592900 14.2667 14
15593000 14.1735 14
15593100 14.0956 14
15593200 14.0105 14
15593300 13.9534 14
15593400 13.8685 14
15593500 14.0751 14
15593600 14.0787 14
15593700 14.1536 14
15593800 14.1839 14
15593900 13.9826 14
15594000 13.9527 14
15594100 14.0469 14
15594200 14.2223 14
15594300 14.7546 14
15594400 14.7583 14
15594500 14.6973 14
15594600 14.5665 14
15594700 14.5904 14
15594800 14.5891 14
15594900 14.5721 14
15595000 14.4663 14
15595100 14.1911 14
15595200 14.1879 14
15595300 14.1563 14
15595400 13.8234 14
15595500 13.7986 14
15595600 14.012 14
15595700 14.3663 14
15595800 14.5537 14
15595900 14.5027 14
15596000 14.4497 14
15596100 14.6378 14
15596200 14.5644 14
15596300 14.3012 14
15596400 14.1772 14
15596500 14.3103 14
15596600 14.2917 14
15596700 14.3293 14
15596800 14.4602 14
15596900 14.7108 14
15597000 14.7777 14
15597100 14.5741 14
15597200 14.3876 14
15597300 14.3022 14
15597400 14.2263 14
15597500 14.5632 14
15597600 14.8462 14
15597700 14.8641 14
15597800 14.6321 14
15597900 14.6374 14
15598000 14.3296 14
15598100 14.2044 14
15598200 14.1298 14
15598300 14.0552 14
15598400 13.872 14
15598500 13.6037 14
15598600 13.4985 14
15598700 13.6375 14
15598800 13.3013 14
15598900 13.3701 14
15599000 13.3907 14
15599100 13.3931 14
15599200 13.5396 14
15599300 13.7236 14
15599400 14.0727 14
15599500 14.149 14
15599600 14.3623 14
15599700 14.3683 14
15599800 14.2453 14
15599900 13.797 14
15600000 13.8856 14
