# Time-averaged data for fix myat1
# TimeStep v_xave v_xdes
600100 -23.0662 -23
600200 -22.9902 -23
600300 -23.4313 -23
600400 -23.4875 -23
600500 -23.4436 -23
600600 -23.4226 -23
600700 -22.9726 -23
600800 -22.5341 -23
600900 -22.5606 -23
601000 -22.7353 -23
601100 -22.9186 -23
601200 -22.8781 -23
601300 -23.0547 -23
601400 -23.2325 -23
601500 -23.1041 -23
601600 -22.881 -23
601700 -22.7325 -23
601800 -22.7088 -23
601900 -22.7838 -23
602000 -22.6152 -23
602100 -22.5529 -23
602200 -22.6358 -23
602300 -23.0831 -23
602400 -23.1339 -23
602500 -23.0688 -23
602600 -22.907 -23
602700 -22.9865 -23
602800 -23.0731 -23
602900 -22.9372 -23
603000 -22.9669 -23
603100 -23.005 -23
603200 -23.1526 -23
603300 -23.1561 -23
603400 -23.1456 -23
603500 -23.0498 -23
603600 -23.2941 -23
603700 -23.2876 -23
603800 -23.3514 -23
603900 -23.3026 -23
604000 -23.1475 -23
604100 -23.254 -23
604200 -23.1693 -23
604300 -22.9324 -23
604400 -22.8654 -23
604500 -22.9571 -23
604600 -23.2399 -23
604700 -23.4323 -23
604800 -23.0629 -23
604900 -22.6248 -23
605000 -22.5892 -23
605100 -22.3493 -23
605200 -22.0542 -23
605300 -22.0083 -23
605400 -22.1828 -23
605500 -22.5025 -23
605600 -22.4 -23
605700 -22.5244 -23
605800 -22.9296 -23
605900 -23.3142 -23
606000 -23.4892 -23
606100 -23.3288 -23
606200 -23.0704 -23
606300 -22.9905 -23
606400 -23.1439 -23
606500 -23.0563 -23
606600 -23.0554 -23
606700 -23.0607 -23
606800 -23.2697 -23
606900 -23.1229 -23
607000 -22.7502 -23
607100 -22.8832 -23
607200 -23.1762 -23
607300 -23.2551 -23
607400 -23.1976 -23
607500 -23.0787 -23
607600 -23.1169 -23
607700 -23.0317 -23
607800 -23.0226 -23
607900 -23.1365 -23
608000 -23.3536 -23
608100 -23.031 -23
608200 -22.654 -23
608300 -22.8717 -23
608400 -22.9641 -23
608500 -22.9876 -23
608600 -23.1905 -23
608700 -23.2979 -23
608800 -23.2078 -23
608900 -23.3189 -23
609000 -23.6322 -23
609100 -23.8566 -23
609200 -23.5702 -23
609300 -23.5529 -23
609400 -23.2767 -23
609500 -23.0564 -23
609600 -23.0408 -23
609700 -22.9965 -23
609800 -22.9125 -23
609900 -23.0311 -23
610000 -23.1438 -23
610100 -23.1063 -23
610200 -23.0046 -23
610300 -22.9207 -23
610400 -22.9181 -23
610500 -22.9859 -23
610600 -22.9599 -23
610700 -23.1459 -23
610800 -23.302 -23
610900 -23.3356 -23
611000 -23.3219 -23
611100 -23.2473 -23
611200 -23.1182 -23
611300 -23.1996 -23
611400 -23.0857 -23
611500 -23.3 -23
611600 -23.2919 -23
611700 -23.164 -23
611800 -23.184 -23
611900 -23.051 -23
612000 -22.9927 -23
612100 -22.9008 -23
612200 -22.6975 -23
612300 -22.5681 -23
612400 -22.6082 -23
612500 -22.33 -23
612600 -22.301 -23
612700 -22.323 -23
612800 -22.4388 -23
612900 -22.553 -23
613000 -22.6952 -23
613100 -22.4936 -23
613200 -22.2892 -23
613300 -22.6247 -23
613400 -23.1679 -23
613500 -23.5813 -23
613600 -23.7961 -23
613700 -23.8259 -23
613800 -23.8762 -23
613900 -23.8632 -23
614000 -23.7175 -23
614100 -23.5082 -23
614200 -23.4669 -23
614300 -23.3856 -23
614400 -23.4395 -23
614500 -23.3403 -23
614600 -23.2567 -23
614700 -22.8733 -23
614800 -22.5508 -23
614900 -22.4189 -23
615000 -22.6879 -23
615100 -22.5185 -23
615200 -22.273 -23
615300 -22.4281 -23
615400 -22.5762 -23
615500 -22.8238 -23
615600 -23.2694 -23
615700 -23.3255 -23
615800 -22.9489 -23
615900 -22.6823 -23
616000 -22.8379 -23
616100 -23.1232 -23
616200 -23.2335 -23
616300 -23.3351 -23
616400 -23.526 -23
616500 -23.156 -23
616600 -22.8632 -23
616700 -22.5988 -23
616800 -22.5022 -23
616900 -22.4531 -23
617000 -22.3174 -23
617100 -22.6002 -23
617200 -22.5098 -23
617300 -22.7756 -23
617400 -23.0365 -23
617500 -23.0656 -23
617600 -23.1789 -23
617700 -23.1746 -23
617800 -23.2806 -23
617900 -22.9664 -23
618000 -22.8155 -23
618100 -22.654 -23
618200 -22.6955 -23
618300 -22.5268 -23
618400 -22.3818 -23
618500 -22.3679 -23
618600 -22.779 -23
618700 -23.1782 -23
618800 -23.1097 -23
618900 -22.8696 -23
619000 -22.7855 -23
619100 -22.7546 -23
619200 -22.59 -23
619300 -22.713 -23
619400 -22.7259 -23
619500 -22.9097 -23
619600 -23.0627 -23
619700 -23.21 -23
619800 -23.0401 -23
619900 -22.9831 -23
620000 -23.0226 -23
620100 -22.6169 -23
620200 -22.4718 -23
620300 -22.7196 -23
620400 -22.871 -23
620500 -22.9877 -23
620600 -23.1913 -23
620700 -23.0361 -23
620800 -23.0589 -23
620900 -22.9161 -23
621000 -22.8999 -23
621100 -23.3078 -23
621200 -23.3442 -23
621300 -23.2872 -23
621400 -23.3292 -23
621500 -23.3808 -23
621600 -23.5539 -23
621700 -23.5895 -23
621800 -23.857 -23
621900 -24.0013 -23
622000 -23.9562 -23
622100 -23.7998 -23
622200 -23.5159 -23
622300 -23.4368 -23
622400 -23.3167 -23
622500 -23.1429 -23
622600 -23.4217 -23
622700 -23.6265 -23
622800 -23.7114 -23
622900 -23.6504 -23
623000 -23.3394 -23
623100 -23.1131 -23
623200 -22.7465 -23
623300 -22.3643 -23
623400 -22.1739 -23
623500 -22.3975 -23
623600 -22.6395 -23
623700 -22.8258 -23
623800 -22.9419 -23
623900 -22.993 -23
624000 -22.8169 -23
624100 -22.5813 -23
624200 -22.6214 -23
624300 -22.5869 -23
624400 -22.6493 -23
624500 -22.8629 -23
624600 -22.9094 -23
624700 -23.0989 -23
624800 -23.0175 -23
624900 -22.9521 -23
625000 -23.0573 -23
625100 -22.9403 -23
625200 -23.1056 -23
625300 -23.2189 -23
625400 -23.0176 -23
625500 -23.1584 -23
625600 -23.0394 -23
625700 -22.9163 -23
625800 -22.7856 -23
625900 -22.8903 -23
626000 -22.8097 -23
626100 -22.9421 -23
626200 -23.1116 -23
626300 -22.8301 -23
626400 -22.6629 -23
626500 -22.6457 -23
626600 -22.6231 -23
626700 -22.8174 -23
626800 -23.017 -23
626900 -22.7899 -23
627000 -22.3244 -23
627100 -22.1348 -23
627200 -22.2638 -23
627300 -22.7545 -23
627400 -22.9473 -23
627500 -23.0296 -23
627600 -23.1888 -23
627700 -23.3651 -23
627800 -23.1472 -23
627900 -23.267 -23
628000 -23.2567 -23
628100 -23.2785 -23
628200 -23.1976 -23
628300 -23.1663 -23
628400 -23.0444 -23
628500 -23.1194 -23
628600 -23.1666 -23
628700 -23.2212 -23
628800 -23.0526 -23
628900 -22.5333 -23
629000 -22.6077 -23
629100 -22.6209 -23
629200 -22.8617 -23
629300 -22.7959 -23
629400 -22.7671 -23
629500 -22.8262 -23
629600 -22.664 -23
629700 -22.7807 -23
629800 -23.0636 -23
629900 -23.284 -23
630000 -23.3485 -23
630100 -23.1806 -23
630200 -23.0852 -23
630300 -22.9392 -23
630400 -22.8654 -23
630500 -22.8098 -23
630600 -22.9332 -23
630700 -23.3364 -23
630800 -23.4387 -23
630900 -23.5123 -23
631000 -23.3287 -23
631100 -23.2888 -23
631200 -23.4087 -23
631300 -23.5086 -23
631400 -23.3138 -23
631500 -23.0364 -23
631600 -23.0976 -23
631700 -23.1462 -23
631800 -23.2076 -23
631900 -23.3178 -23
632000 -23.6167 -23
632100 -23.5327 -23
632200 -23.0995 -23
632300 -23.0712 -23
632400 -23.2719 -23
632500 -23.5391 -23
632600 -23.5333 -23
632700 -23.5947 -23
632800 -23.1023 -23
632900 -23.0079 -23
633000 -23.2015 -23
633100 -23.4477 -23
633200 -23.5948 -23
633300 -23.5207 -23
633400 -23.567 -23
633500 -23.5673 -23
633600 -23.4435 -23
633700 -23.2751 -23
633800 -23.2976 -23
633900 -23.2015 -23
634000 -22.9478 -23
634100 -22.705 -23
634200 -22.6391 -23
634300 -22.5652 -23
634400 -22.7649 -23
634500 -22.9026 -23
634600 -23.0265 -23
634700 -23.1672 -23
634800 -23.0573 -23
634900 -23.1224 -23
635000 -23.1085 -23
635100 -22.8432 -23
635200 -22.8816 -23
635300 -22.8569 -23
635400 -23.1357 -23
635500 -23.515 -23
635600 -23.6217 -23
635700 -22.9752 -23
635800 -22.859 -23
635900 -22.9218 -23
636000 -23.12 -23
636100 -22.937 -23
636200 -22.6849 -23
636300 -22.7625 -23
636400 -22.9246 -23
636500 -23.2918 -23
636600 -23.1715 -23
636700 -22.9599 -23
636800 -22.7327 -23
636900 -22.8464 -23
637000 -22.8554 -23
637100 -22.7074 -23
637200 -22.6922 -23
637300 -22.7725 -23
637400 -22.6758 -23
637500 -22.8504 -23
637600 -22.6889 -23
637700 -22.5719 -23
637800 -22.6961 -23
637900 -22.614 -23
638000 -22.7703 -23
638100 -22.7642 -23
638200 -22.8306 -23
638300 -23.1468 -23
638400 -22.9572 -23
638500 -22.8099 -23
638600 -23.1413 -23
638700 -23.3843 -23
638800 -23.0886 -23
638900 -23.1153 -23
639000 -23.2921 -23
639100 -23.3232 -23
639200 -23.0749 -23
639300 -22.9412 -23
639400 -22.7005 -23
639500 -22.5111 -23
639600 -22.6761 -23
639700 -22.542 -23
639800 -22.3311 -23
639900 -22.4912 -23
640000 -22.6744 -23
640100 -22.7242 -23
640200 -22.9599 -23
640300 -22.7616 -23
640400 -23.0559 -23
640500 -23.1885 -23
640600 -22.9562 -23
640700 -22.556 -23
640800 -22.5255 -23
640900 -22.6548 -23
641000 -23.0307 -23
641100 -23.293 -23
641200 -23.6809 -23
641300 -23.896 -23
641400 -23.7859 -23
641500 -23.4671 -23
641600 -23.1107 -23
641700 -22.6837 -23
641800 -22.4774 -23
641900 -22.074 -23
642000 -21.9925 -23
642100 -22.3526 -23
642200 -22.5595 -23
642300 -22.5532 -23
642400 -22.6512 -23
642500 -22.8304 -23
642600 -22.928 -23
642700 -22.8968 -23
642800 -22.8779 -23
642900 -23.131 -23
643000 -23.0585 -23
643100 -23.0798 -23
643200 -23.2234 -23
643300 -23.5198 -23
643400 -23.4921 -23
643500 -23.4191 -23
643600 -23.3613 -23
643700 -23.3554 -23
643800 -23.6473 -23
643900 -23.849 -23
644000 -23.7383 -23
644100 -23.7134 -23
644200 -23.6378 -23
644300 -23.348 -23
644400 -22.9971 -23
644500 -22.789 -23
644600 -22.4578 -23
644700 -22.3091 -23
644800 -22.425 -23
644900 -22.7724 -23
645000 -22.8977 -23
645100 -22.9311 -23
645200 -22.9148 -23
645300 -22.6638 -23
645400 -22.6205 -23
645500 -22.8728 -23
645600 -22.8448 -23
645700 -23.0232 -23
645800 -23.1304 -23
645900 -23.0325 -23
646000 -22.8896 -23
646100 -23.0565 -23
646200 -23.2708 -23
646300 -23.1886 -23
646400 -23.095 -23
646500 -23.2017 -23
646600 -23.3372 -23
646700 -23.0512 -23
646800 -22.7342 -23
646900 -22.8193 -23
647000 -23.0167 -23
647100 -23.4069 -23
647200 -23.5578 -23
647300 -23.0258 -23
647400 -22.5722 -23
647500 -22.363 -23
647600 -22.304 -23
647700 -22.1067 -23
647800 -22.3841 -23
647900 -22.5272 -23
648000 -22.654 -23
648100 -22.7659 -23
648200 -22.9528 -23
648300 -23.1667 -23
648400 -23.1849 -23
648500 -23.163 -23
648600 -22.9574 -23
648700 -23.0657 -23
648800 -23.0932 -23
648900 -23.0122 -23
649000 -23.3349 -23
649100 -23.6327 -23
649200 -23.6615 -23
649300 -23.5075 -23
649400 -23.0135 -23
649500 -22.5007 -23
649600 -22.4498 -23
649700 -22.5912 -23
649800 -22.7923 -23
649900 -23.0864 -23
650000 -23.0662 -23
650100 -22.9107 -23
650200 -22.976 -23
650300 -23.1952 -23
650400 -23.052 -23
650500 -22.6805 -23
650600 -22.6641 -23
650700 -22.7797 -23
650800 -22.6731 -23
650900 -22.6919 -23
651000 -22.7741 -23
651100 -23.0254 -23
651200 -23.3377 -23
651300 -23.567 -23
651400 -23.9932 -23
651500 -23.9458 -23
651600 -23.5881 -23
651700 -23.5045 -23
651800 -23.3539 -23
651900 -23.3694 -23
652000 -23.4442 -23
652100 -23.3435 -23
652200 -23.1322 -23
652300 -23.1372 -23
652400 -23.3658 -23
652500 -23.5394 -23
652600 -23.9331 -23
652700 -24.0283 -23
652800 -24.1558 -23
652900 -24.1146 -23
653000 -24.0435 -23
653100 -24.0131 -23
653200 -24.0457 -23
653300 -23.6215 -23
653400 -23.4887 -23
653500 -23.1929 -23
653600 -23.1114 -23
653700 -23.142 -23
653800 -23.1189 -23
653900 -23.2042 -23
654000 -23.0588 -23
654100 -23.2236 -23
654200 -23.4232 -23
654300 -23.525 -23
654400 -23.3263 -23
654500 -23.2726 -23
654600 -23.0257 -23
654700 -22.6682 -23
654800 -22.7824 -23
654900 -23.0342 -23
655000 -23.1415 -23
655100 -23.2691 -23
655200 -23.3966 -23
655300 -23.174 -23
655400 -22.967 -23
655500 -22.8552 -23
655600 -22.8365 -23
655700 -22.911 -23
655800 -23.2281 -23
655900 -23.3454 -23
656000 -23.4097 -23
656100 -23.5551 -23
656200 -23.2377 -23
656300 -22.8005 -23
656400 -22.7818 -23
656500 -22.5863 -23
656600 -22.7163 -23
656700 -23.1836 -23
656800 -23.1404 -23
656900 -23.128 -23
657000 -23.2686 -23
657100 -23.0661 -23
657200 -22.9643 -23
657300 -22.9723 -23
657400 -23.3792 -23
657500 -23.4044 -23
657600 -23.2595 -23
657700 -23.1169 -23
657800 -23.1622 -23
657900 -22.9489 -23
658000 -23.0008 -23
658100 -22.9393 -23
658200 -22.9582 -23
658300 -22.8003 -23
658400 -22.747 -23
658500 -22.963 -23
658600 -22.9614 -23
658700 -22.8442 -23
658800 -22.6125 -23
658900 -23.0704 -23
659000 -23.1807 -23
659100 -23.0312 -23
659200 -22.9404 -23
659300 -22.9927 -23
659400 -22.8438 -23
659500 -22.9664 -23
659600 -23.0825 -23
659700 -23.06 -23
659800 -22.9407 -23
659900 -22.8942 -23
660000 -23.1057 -23
660100 -22.7933 -23
660200 -22.8093 -23
660300 -22.7781 -23
660400 -22.8617 -23
660500 -22.7839 -23
660600 -22.7377 -23
660700 -22.7769 -23
660800 -23.1282 -23
660900 -23.2375 -23
661000 -23.0059 -23
661100 -22.8235 -23
661200 -22.8474 -23
661300 -22.6942 -23
661400 -22.6141 -23
661500 -22.744 -23
661600 -22.4294 -23
661700 -22.5214 -23
661800 -22.7866 -23
661900 -23.0989 -23
662000 -23.1078 -23
662100 -23.0722 -23
662200 -23.2741 -23
662300 -23.098 -23
662400 -23.0776 -23
662500 -23.1959 -23
662600 -23.2438 -23
662700 -23.4539 -23
662800 -23.1423 -23
662900 -22.5946 -23
663000 -22.3906 -23
663100 -22.6354 -23
663200 -22.8645 -23
663300 -22.7851 -23
663400 -22.729 -23
663500 -22.9777 -23
663600 -22.9458 -23
663700 -22.8177 -23
663800 -22.7905 -23
663900 -22.8147 -23
664000 -23.1386 -23
664100 -23.12 -23
664200 -22.8938 -23
664300 -22.7586 -23
664400 -22.6723 -23
664500 -22.8567 -23
664600 -22.9847 -23
664700 -22.828 -23
664800 -22.7117 -23
664900 -22.619 -23
665000 -22.5383 -23
665100 -22.8237 -23
665200 -22.7476 -23
665300 -22.8615 -23
665400 -22.9687 -23
665500 -23.1469 -23
665600 -22.9558 -23
665700 -22.9332 -23
665800 -22.7043 -23
665900 -22.8419 -23
666000 -23.2941 -23
666100 -23.485 -23
666200 -23.5595 -23
666300 -23.3854 -23
666400 -23.3051 -23
666500 -23.159 -23
666600 -23.1079 -23
666700 -23.2292 -23
666800 -22.8866 -23
666900 -22.2813 -23
667000 -22.0083 -23
667100 -22.1566 -23
667200 -22.3571 -23
667300 -22.5159 -23
667400 -22.2905 -23
667500 -22.2576 -23
667600 -22.4932 -23
667700 -22.9245 -23
667800 -23.0843 -23
667900 -22.8001 -23
668000 -22.7751 -23
668100 -22.9105 -23
668200 -23.0629 -23
668300 -22.9972 -23
668400 -22.6196 -23
668500 -22.4231 -23
668600 -22.3397 -23
668700 -22.3586 -23
668800 -22.5542 -23
668900 -22.4661 -23
669000 -22.1437 -23
669100 -22.0551 -23
669200 -22.4259 -23
669300 -22.7504 -23
669400 -22.9746 -23
669500 -23.1748 -23
669600 -23.0314 -23
669700 -22.8585 -23
669800 -22.7879 -23
669900 -23.0396 -23
670000 -23.065 -23
670100 -23.1566 -23
670200 -23.114 -23
670300 -23.1365 -23
670400 -23.3892 -23
670500 -23.63 -23
670600 -23.3088 -23
670700 -23.1247 -23
670800 -23.2422 -23
670900 -23.1681 -23
671000 -23.2982 -23
671100 -23.4158 -23
671200 -23.1761 -23
671300 -22.8883 -23
671400 -22.8673 -23
671500 -23.1644 -23
671600 -23.2224 -23
671700 -23.1159 -23
671800 -23.2026 -23
671900 -23.3489 -23
672000 -23.0727 -23
672100 -23.1598 -23
672200 -23.2915 -23
672300 -23.1658 -23
672400 -22.9929 -23
672500 -22.4873 -23
672600 -22.6239 -23
672700 -22.5574 -23
672800 -22.4842 -23
672900 -22.4426 -23
673000 -22.7268 -23
673100 -22.9468 -23
673200 -22.7503 -23
673300 -22.678 -23
673400 -22.8933 -23
673500 -22.6705 -23
673600 -22.4081 -23
673700 -22.5564 -23
673800 -23.0422 -23
673900 -23.5551 -23
674000 -23.8733 -23
674100 -23.7181 -23
674200 -23.4459 -23
674300 -23.4222 -23
674400 -23.356 -23
674500 -23.1799 -23
674600 -23.2 -23
674700 -23.3856 -23
674800 -23.6075 -23
674900 -23.757 -23
675000 -23.6264 -23
675100 -23.3382 -23
675200 -23.3425 -23
675300 -23.0754 -23
675400 -22.8698 -23
675500 -22.9359 -23
675600 -23.0615 -23
675700 -22.7416 -23
675800 -22.2355 -23
675900 -22.1673 -23
676000 -22.4755 -23
676100 -22.4233 -23
676200 -22.2523 -23
676300 -22.2968 -23
676400 -22.138 -23
676500 -21.8867 -23
676600 -22.0738 -23
676700 -22.4182 -23
676800 -22.8546 -23
676900 -22.8856 -23
677000 -22.8769 -23
677100 -22.6955 -23
677200 -22.6961 -23
677300 -22.9796 -23
677400 -22.9888 -23
677500 -22.7783 -23
677600 -22.4877 -23
677700 -22.5045 -23
677800 -22.7096 -23
677900 -22.7717 -23
678000 -22.819 -23
678100 -22.9691 -23
678200 -22.9672 -23
678300 -22.6379 -23
678400 -22.6824 -23
678500 -22.7565 -23
678600 -22.6186 -23
678700 -22.4779 -23
678800 -22.3955 -23
678900 -22.5362 -23
679000 -22.8547 -23
679100 -22.8552 -23
679200 -23.096 -23
679300 -23.1251 -23
679400 -22.7793 -23
679500 -22.7132 -23
679600 -22.8444 -23
679700 -23.1516 -23
679800 -23.0104 -23
679900 -22.9223 -23
680000 -22.9124 -23
680100 -22.6251 -23
680200 -22.5393 -23
680300 -22.5169 -23
680400 -22.7401 -23
680500 -22.8412 -23
680600 -23.073 -23
680700 -23.4826 -23
680800 -23.2449 -23
680900 -23.0511 -23
681000 -22.9097 -23
681100 -23.0876 -23
681200 -23.0033 -23
681300 -23.1857 -23
681400 -23.2906 -23
681500 -23.272 -23
681600 -22.9975 -23
681700 -23.0525 -23
681800 -22.9566 -23
681900 -22.9185 -23
682000 -23.0492 -23
682100 -23.0851 -23
682200 -22.6784 -23
682300 -22.5906 -23
682400 -22.6956 -23
682500 -22.6955 -23
682600 -22.9788 -23
682700 -23.0807 -23
682800 -23.0277 -23
682900 -23.0582 -23
683000 -23.2239 -23
683100 -23.3183 -23
683200 -23.0939 -23
683300 -23.3179 -23
683400 -23.6141 -23
683500 -23.5816 -23
683600 -23.6955 -23
683700 -23.805 -23
683800 -23.79 -23
683900 -23.6977 -23
684000 -23.8089 -23
684100 -23.87 -23
684200 -23.7355 -23
684300 -23.4239 -23
684400 -23.2325 -23
684500 -23.4312 -23
684600 -23.3491 -23
684700 -23.1822 -23
684800 -23.0201 -23
684900 -22.9344 -23
685000 -22.736 -23
685100 -22.8349 -23
685200 -23.068 -23
685300 -23.2942 -23
685400 -23.424 -23
685500 -23.819 -23
685600 -23.8444 -23
685700 -23.694 -23
685800 -23.6957 -23
685900 -23.6833 -23
686000 -23.3793 -23
686100 -23.5879 -23
686200 -23.6243 -23
686300 -23.4841 -23
686400 -23.2982 -23
686500 -23.1579 -23
686600 -23.0589 -23
686700 -22.9365 -23
686800 -22.9995 -23
686900 -23.2001 -23
687000 -23.3586 -23
687100 -23.9816 -23
687200 -24.0518 -23
687300 -23.7519 -23
687400 -23.6037 -23
687500 -23.6512 -23
687600 -23.4854 -23
687700 -23.4571 -23
687800 -23.4602 -23
687900 -23.2293 -23
688000 -23.2398 -23
688100 -23.2652 -23
688200 -23.2398 -23
688300 -23.071 -23
688400 -23.0228 -23
688500 -23.2779 -23
688600 -23.1034 -23
688700 -22.9891 -23
688800 -22.7797 -23
688900 -22.845 -23
689000 -23.2378 -23
689100 -23.2227 -23
689200 -23.142 -23
689300 -23.1605 -23
689400 -23.3142 -23
689500 -23.3517 -23
689600 -23.2478 -23
689700 -22.8792 -23
689800 -22.7608 -23
689900 -22.8315 -23
690000 -23.104 -23
690100 -23.3417 -23
690200 -23.2272 -23
690300 -23.0534 -23
690400 -23.3694 -23
690500 -23.6908 -23
690600 -24.0988 -23
690700 -23.6581 -23
690800 -23.5032 -23
690900 -23.3168 -23
691000 -23.2134 -23
691100 -23.1279 -23
691200 -23.2746 -23
691300 -23.1575 -23
691400 -22.7618 -23
691500 -22.4999 -23
691600 -22.3104 -23
691700 -22.7021 -23
691800 -23.0953 -23
691900 -23.1599 -23
692000 -22.9068 -23
692100 -23.0308 -23
692200 -22.8907 -23
692300 -22.9461 -23
692400 -23.0086 -23
692500 -23.198 -23
692600 -23.3014 -23
692700 -22.9111 -23
692800 -22.7911 -23
692900 -22.6689 -23
693000 -22.5512 -23
693100 -22.638 -23
693200 -22.9214 -23
693300 -23.0122 -23
693400 -22.9564 -23
693500 -22.7792 -23
693600 -22.9763 -23
693700 -23.0394 -23
693800 -22.7486 -23
693900 -22.3925 -23
694000 -22.4723 -23
694100 -22.4875 -23
694200 -22.273 -23
694300 -22.3631 -23
694400 -22.8612 -23
694500 -23.0059 -23
694600 -23.0029 -23
694700 -23.0336 -23
694800 -23.2657 -23
694900 -22.9386 -23
695000 -22.6004 -23
695100 -22.7838 -23
695200 -22.7845 -23
695300 -22.9594 -23
695400 -23.4929 -23
695500 -23.7195 -23
695600 -23.4749 -23
695700 -23.1285 -23
695800 -22.8859 -23
695900 -22.8465 -23
696000 -22.8148 -23
696100 -22.8793 -23
696200 -22.7898 -23
696300 -22.7989 -23
696400 -22.8689 -23
696500 -22.877 -23
696600 -22.7687 -23
696700 -22.7829 -23
696800 -22.7471 -23
696900 -22.8295 -23
697000 -22.6769 -23
697100 -22.9049 -23
697200 -23.1271 -23
697300 -23.1948 -23
697400 -23.4294 -23
697500 -23.6437 -23
697600 -23.4695 -23
697700 -23.1882 -23
697800 -22.7437 -23
697900 -22.4057 -23
698000 -22.5251 -23
698100 -22.7436 -23
698200 -22.6858 -23
698300 -22.8883 -23
698400 -23.3595 -23
698500 -23.7127 -23
698600 -23.7612 -23
698700 -23.7994 -23
698800 -23.8889 -23
698900 -23.936 -23
699000 -24.047 -23
699100 -23.9985 -23
699200 -23.7639 -23
699300 -23.2567 -23
699400 -22.9868 -23
699500 -22.9064 -23
699600 -23.0315 -23
699700 -22.8872 -23
699800 -22.777 -23
699900 -23.0249 -23
700000 -23.0465 -23
700100 -22.6578 -23
700200 -22.3749 -23
700300 -22.2659 -23
700400 -22.1642 -23
700500 -22.3034 -23
700600 -22.5674 -23
700700 -22.83 -23
700800 -22.8957 -23
700900 -22.9241 -23
701000 -22.9372 -23
701100 -22.8837 -23
701200 -22.6337 -23
701300 -22.369 -23
701400 -22.6107 -23
701500 -22.7814 -23
701600 -22.9195 -23
701700 -23.2118 -23
701800 -23.5391 -23
701900 -23.9558 -23
702000 -24.0219 -23
702100 -23.5879 -23
702200 -23.4615 -23
702300 -23.4213 -23
702400 -23.2077 -23
702500 -23.1616 -23
702600 -23.1991 -23
702700 -22.765 -23
702800 -22.5149 -23
702900 -22.9091 -23
703000 -23.1565 -23
703100 -23.1063 -23
703200 -22.9378 -23
703300 -23.1262 -23
703400 -23.1002 -23
703500 -22.8265 -23
703600 -22.5728 -23
703700 -23.1248 -23
703800 -23.2754 -23
703900 -23.183 -23
704000 -22.9379 -23
704100 -22.8123 -23
704200 -22.671 -23
704300 -22.5774 -23
704400 -22.7066 -23
704500 -22.7724 -23
704600 -22.9647 -23
704700 -23.0283 -23
704800 -22.8767 -23
704900 -22.6181 -23
705000 -22.7825 -23
705100 -22.7896 -23
705200 -22.8714 -23
705300 -23.2688 -23
705400 -23.1555 -23
705500 -23.135 -23
705600 -23.184 -23
705700 -22.9469 -23
705800 -22.9721 -23
705900 -23.0536 -23
706000 -23.1286 -23
706100 -23.121 -23
706200 -22.6474 -23
706300 -22.9347 -23
706400 -22.8795 -23
706500 -22.5945 -23
706600 -22.6279 -23
706700 -22.9714 -23
706800 -23.2958 -23
706900 -23.2652 -23
707000 -22.9739 -23
707100 -22.7558 -23
707200 -22.8458 -23
707300 -23.1033 -23
707400 -23.2404 -23
707500 -23.1564 -23
707600 -23.2797 -23
707700 -23.5326 -23
707800 -23.8268 -23
707900 -23.8547 -23
708000 -23.555 -23
708100 -23.3445 -23
708200 -23.531 -23
708300 -23.3911 -23
708400 -23.3047 -23
708500 -23.2274 -23
708600 -22.9931 -23
708700 -23.1966 -23
708800 -23.2141 -23
708900 -22.9508 -23
709000 -22.7266 -23
709100 -22.5955 -23
709200 -22.501 -23
709300 -22.7064 -23
709400 -22.646 -23
709500 -22.4799 -23
709600 -22.9093 -23
709700 -23.2379 -23
709800 -22.9766 -23
709900 -22.7415 -23
710000 -22.822 -23
710100 -22.8576 -23
710200 -22.8286 -23
710300 -22.6919 -23
710400 -22.5315 -23
710500 -22.5352 -23
710600 -22.7011 -23
710700 -22.9324 -23
710800 -23.3618 -23
710900 -23.52 -23
711000 -23.2438 -23
711100 -23.0171 -23
711200 -23.0603 -23
711300 -23.0842 -23
711400 -22.9061 -23
711500 -22.7633 -23
711600 -22.8057 -23
711700 -22.6108 -23
711800 -22.5312 -23
711900 -22.8493 -23
712000 -23.083 -23
712100 -23.2115 -23
712200 -23.2347 -23
712300 -23.0754 -23
712400 -22.799 -23
712500 -22.7222 -23
712600 -22.5038 -23
712700 -22.396 -23
712800 -22.8914 -23
712900 -23.0975 -23
713000 -23.1149 -23
713100 -22.9278 -23
713200 -23.1594 -23
713300 -23.145 -23
713400 -23.2531 -23
713500 -23.2983 -23
713600 -23.3109 -23
713700 -23.3093 -23
713800 -23.2128 -23
713900 -23.0005 -23
714000 -22.9762 -23
714100 -23.3221 -23
714200 -23.2233 -23
714300 -23.0522 -23
714400 -22.9733 -23
714500 -22.9664 -23
714600 -23.089 -23
714700 -23.0894 -23
714800 -23.3114 -23
714900 -23.3064 -23
715000 -23.0266 -23
715100 -22.8464 -23
715200 -22.9755 -23
715300 -23.163 -23
715400 -23.3117 -23
715500 -23.2224 -23
715600 -22.9829 -23
715700 -23.2063 -23
715800 -23.379 -23
715900 -23.3095 -23
716000 -22.9735 -23
716100 -23.0604 -23
716200 -23.1081 -23
716300 -23.1237 -23
716400 -23.0855 -23
716500 -22.8774 -23
716600 -22.9777 -23
716700 -23.0056 -23
716800 -23.1181 -23
716900 -23.1675 -23
717000 -23.5206 -23
717100 -23.6783 -23
717200 -23.7896 -23
717300 -23.4458 -23
717400 -23.2728 -23
717500 -23.1896 -23
717600 -23.3414 -23
717700 -23.386 -23
717800 -23.1613 -23
717900 -22.7209 -23
718000 -22.4258 -23
718100 -22.5899 -23
718200 -22.727 -23
718300 -23.0164 -23
718400 -23.3867 -23
718500 -23.343 -23
718600 -23.5725 -23
718700 -23.52 -23
718800 -23.5788 -23
718900 -23.545 -23
719000 -23.1689 -23
719100 -23.2982 -23
719200 -23.3093 -23
719300 -23.4076 -23
719400 -22.9825 -23
719500 -23.1269 -23
719600 -23.2577 -23
719700 -23.3139 -23
719800 -23.0715 -23
719900 -22.9098 -23
720000 -22.8492 -23
720100 -22.9344 -23
720200 -23.0645 -23
720300 -22.756 -23
720400 -22.5795 -23
720500 -22.6623 -23
720600 -22.8458 -23
720700 -23.1111 -23
720800 -23.4735 -23
720900 -23.5381 -23
721000 -23.6054 -23
721100 -23.472 -23
721200 -23.3865 -23
721300 -23.5981 -23
721400 -23.1542 -23
721500 -22.8273 -23
721600 -22.6128 -23
721700 -22.5485 -23
721800 -22.6028 -23
721900 -22.6091 -23
722000 -22.6805 -23
722100 -22.8033 -23
722200 -22.9508 -23
722300 -23.1422 -23
722400 -22.9509 -23
722500 -23.1175 -23
722600 -22.941 -23
722700 -22.9333 -23
722800 -22.9803 -23
722900 -22.7749 -23
723000 -22.8415 -23
723100 -22.9546 -23
723200 -22.8004 -23
723300 -22.8651 -23
723400 -22.9988 -23
723500 -23.2909 -23
723600 -23.6415 -23
723700 -23.8109 -23
723800 -23.7794 -23
723900 -23.551 -23
724000 -23.398 -23
724100 -22.8312 -23
724200 -22.6442 -23
724300 -22.7887 -23
724400 -22.9931 -23
724500 -22.7858 -23
724600 -22.5602 -23
724700 -22.4486 -23
724800 -22.3896 -23
724900 -22.5207 -23
725000 -22.8132 -23
725100 -22.7613 -23
725200 -22.8683 -23
725300 -22.7376 -23
725400 -22.6542 -23
725500 -22.4192 -23
725600 -22.6755 -23
725700 -22.523 -23
725800 -22.3657 -23
725900 -22.3377 -23
726000 -22.6249 -23
726100 -22.5756 -23
726200 -22.6047 -23
726300 -22.8858 -23
726400 -22.8299 -23
726500 -22.7264 -23
726600 -22.8707 -23
726700 -22.7575 -23
726800 -22.8399 -23
726900 -22.7727 -23
727000 -22.9282 -23
727100 -22.6118 -23
727200 -22.638 -23
727300 -22.6369 -23
727400 -22.7047 -23
727500 -22.9897 -23
727600 -23.097 -23
727700 -23.0526 -23
727800 -22.9845 -23
727900 -23.1093 -23
728000 -23.1134 -23
728100 -23.0062 -23
728200 -22.864 -23
728300 -23.0971 -23
728400 -23.564 -23
728500 -23.7987 -23
728600 -23.8924 -23
728700 -23.5834 -23
728800 -23.499 -23
728900 -23.6358 -23
729000 -23.8081 -23
729100 -23.9076 -23
729200 -23.7528 -23
729300 -23.8111 -23
729400 -23.7783 -23
729500 -23.6481 -23
729600 -23.5956 -23
729700 -23.4136 -23
729800 -23.2587 -23
729900 -23.1753 -23
730000 -23.4248 -23
730100 -23.3535 -23
730200 -22.8874 -23
730300 -22.7017 -23
730400 -22.6055 -23
730500 -22.8058 -23
730600 -22.768 -23
730700 -22.7898 -23
730800 -22.7953 -23
730900 -22.7184 -23
731000 -22.6211 -23
731100 -22.9006 -23
731200 -22.765 -23
731300 -22.7902 -23
731400 -22.94 -23
731500 -22.4575 -23
731600 -22.3881 -23
731700 -22.5528 -23
731800 -22.7039 -23
731900 -22.7893 -23
732000 -22.9352 -23
732100 -22.9005 -23
732200 -22.9151 -23
732300 -22.9267 -23
732400 -23.1575 -23
732500 -23.0378 -23
732600 -22.968 -23
732700 -23.092 -23
732800 -23.21 -23
732900 -22.8945 -23
733000 -22.7615 -23
733100 -23.0865 -23
733200 -22.9995 -23
733300 -23.1375 -23
733400 -23.3341 -23
733500 -23.379 -23
733600 -23.3426 -23
733700 -23.2306 -23
733800 -23.0698 -23
733900 -22.9876 -23
734000 -22.7964 -23
734100 -22.741 -23
734200 -22.8273 -23
734300 -22.8733 -23
734400 -22.8175 -23
734500 -23.0352 -23
734600 -23.3528 -23
734700 -23.3289 -23
734800 -23.2214 -23
734900 -23.0323 -23
735000 -22.7261 -23
735100 -22.6518 -23
735200 -22.0409 -23
735300 -21.7536 -23
735400 -22.372 -23
735500 -22.4766 -23
735600 -22.2519 -23
735700 -22.4086 -23
735800 -22.6267 -23
735900 -22.8942 -23
736000 -23.3486 -23
736100 -23.4853 -23
736200 -23.4262 -23
736300 -23.23 -23
736400 -23.1113 -23
736500 -22.9363 -23
736600 -22.906 -23
736700 -22.8645 -23
736800 -22.8554 -23
736900 -22.7826 -23
737000 -22.8975 -23
737100 -22.8732 -23
737200 -23.1376 -23
737300 -22.9787 -23
737400 -22.6734 -23
737500 -22.4737 -23
737600 -22.4637 -23
737700 -22.2984 -23
737800 -22.3284 -23
737900 -22.3939 -23
738000 -22.4507 -23
738100 -22.6918 -23
738200 -22.8865 -23
738300 -22.8287 -23
738400 -22.8721 -23
738500 -22.8833 -23
738600 -23.0992 -23
738700 -23.2398 -23
738800 -23.153 -23
738900 -23.129 -23
739000 -22.9633 -23
739100 -23.2915 -23
739200 -23.6087 -23
739300 -24.0131 -23
739400 -24.2447 -23
739500 -23.929 -23
739600 -23.9181 -23
739700 -23.8515 -23
739800 -23.5811 -23
739900 -23.2726 -23
740000 -23.0861 -23
740100 -23.1802 -23
740200 -23.3334 -23
740300 -23.4081 -23
740400 -23.4269 -23
740500 -23.2107 -23
740600 -22.9425 -23
740700 -22.9313 -23
740800 -22.8721 -23
740900 -23.0363 -23
741000 -22.8976 -23
741100 -22.7556 -23
741200 -22.6614 -23
741300 -22.7207 -23
741400 -22.9709 -23
741500 -23.1284 -23
741600 -23.4973 -23
741700 -23.4803 -23
741800 -23.311 -23
741900 -23.4079 -23
742000 -23.2891 -23
742100 -23.0069 -23
742200 -22.8565 -23
742300 -22.8674 -23
742400 -22.7082 -23
742500 -22.6351 -23
742600 -22.675 -23
742700 -22.3124 -23
742800 -22.0745 -23
742900 -22.3571 -23
743000 -22.3381 -23
743100 -22.3592 -23
743200 -22.4835 -23
743300 -22.5351 -23
743400 -22.8705 -23
743500 -23.1484 -23
743600 -23.0802 -23
743700 -23.0858 -23
743800 -23.3016 -23
743900 -23.5195 -23
744000 -23.4175 -23
744100 -23.2935 -23
744200 -23.0922 -23
744300 -23.1177 -23
744400 -23.0565 -23
744500 -22.9765 -23
744600 -23.2829 -23
744700 -23.4642 -23
744800 -23.7189 -23
744900 -23.5111 -23
745000 -23.2685 -23
745100 -22.9029 -23
745200 -22.7717 -23
745300 -22.7274 -23
745400 -22.6189 -23
745500 -22.41 -23
745600 -22.3374 -23
745700 -22.4222 -23
745800 -22.4565 -23
745900 -22.6043 -23
746000 -22.6767 -23
746100 -22.7163 -23
746200 -22.6732 -23
746300 -22.5534 -23
746400 -22.5151 -23
746500 -22.333 -23
746600 -22.1574 -23
746700 -22.2194 -23
746800 -22.3654 -23
746900 -22.1631 -23
747000 -22.0936 -23
747100 -22.4748 -23
747200 -22.5372 -23
747300 -22.7516 -23
747400 -23.0497 -23
747500 -23.3783 -23
747600 -23.4261 -23
747700 -23.0871 -23
747800 -22.9941 -23
747900 -23.037 -23
748000 -23.0873 -23
748100 -22.7036 -23
748200 -22.4702 -23
748300 -22.8722 -23
748400 -23.3523 -23
748500 -23.429 -23
748600 -23.3508 -23
748700 -23.5425 -23
748800 -23.9954 -23
748900 -24.1875 -23
749000 -23.8998 -23
749100 -23.7259 -23
749200 -23.5602 -23
749300 -23.2708 -23
749400 -23.1898 -23
749500 -23.3079 -23
749600 -23.2174 -23
749700 -23.0027 -23
749800 -23.0057 -23
749900 -23.1314 -23
750000 -22.9557 -23
750100 -22.6567 -23
750200 -22.4333 -23
750300 -22.2044 -23
750400 -21.8619 -23
750500 -21.633 -23
750600 -22.1507 -23
750700 -22.1899 -23
750800 -22.5294 -23
750900 -22.7143 -23
751000 -23.0509 -23
751100 -23.2611 -23
751200 -23.2232 -23
751300 -23.1736 -23
751400 -22.7762 -23
751500 -22.7771 -23
751600 -22.8409 -23
751700 -22.8811 -23
751800 -23.1713 -23
751900 -23.1459 -23
752000 -23.0905 -23
752100 -23.3274 -23
752200 -23.4121 -23
752300 -23.3536 -23
752400 -23.2742 -23
752500 -23.4082 -23
752600 -23.1986 -23
752700 -23.0248 -23
752800 -22.8764 -23
752900 -22.8585 -23
753000 -22.506 -23
753100 -22.3884 -23
753200 -22.0966 -23
753300 -22.3387 -23
753400 -22.4414 -23
753500 -22.5579 -23
753600 -22.7367 -23
753700 -22.7942 -23
753800 -22.7815 -23
753900 -23.1194 -23
754000 -23.3634 -23
754100 -23.5087 -23
754200 -23.4646 -23
754300 -23.6109 -23
754400 -23.6746 -23
754500 -23.4595 -23
754600 -23.3705 -23
754700 -23.5518 -23
754800 -23.3577 -23
754900 -22.9644 -23
755000 -22.4821 -23
755100 -22.5816 -23
755200 -22.9893 -23
755300 -23.0454 -23
755400 -22.994 -23
755500 -22.8874 -23
755600 -23.093 -23
755700 -23.2851 -23
755800 -23.3736 -23
755900 -23.1022 -23
756000 -22.9276 -23
756100 -23.2351 -23
756200 -23.403 -23
756300 -23.3089 -23
756400 -23.2432 -23
756500 -23.2199 -23
756600 -23.5286 -23
756700 -23.6637 -23
756800 -23.5064 -23
756900 -23.2979 -23
757000 -23.1787 -23
757100 -22.9681 -23
757200 -22.9466 -23
757300 -23.2692 -23
757400 -23.4572 -23
757500 -23.2328 -23
757600 -22.8589 -23
757700 -22.6028 -23
757800 -22.4139 -23
757900 -22.5764 -23
758000 -22.7865 -23
758100 -22.7176 -23
758200 -22.9211 -23
758300 -23.2861 -23
758400 -23.3202 -23
758500 -23.2766 -23
758600 -23.0683 -23
758700 -22.8875 -23
758800 -22.4484 -23
758900 -22.6745 -23
759000 -23.0692 -23
759100 -23.4867 -23
759200 -23.581 -23
759300 -22.9233 -23
759400 -22.3986 -23
759500 -22.4521 -23
759600 -22.7218 -23
759700 -23.146 -23
759800 -23.4219 -23
759900 -23.3855 -23
760000 -23.3242 -23
760100 -23.4452 -23
760200 -23.1897 -23
760300 -23.2088 -23
760400 -23.476 -23
760500 -23.688 -23
760600 -23.5726 -23
760700 -23.4071 -23
760800 -23.2475 -23
760900 -23.0522 -23
761000 -22.9183 -23
761100 -22.9098 -23
761200 -22.8137 -23
761300 -22.6731 -23
761400 -23.0211 -23
761500 -23.2846 -23
761600 -23.6256 -23
761700 -23.8081 -23
761800 -23.553 -23
761900 -22.9905 -23
762000 -22.9077 -23
762100 -22.8323 -23
762200 -22.9408 -23
762300 -22.8567 -23
762400 -23.0629 -23
762500 -23.2547 -23
762600 -22.9609 -23
762700 -22.9884 -23
762800 -23.3392 -23
762900 -23.6595 -23
763000 -23.5699 -23
763100 -23.3469 -23
763200 -23.0207 -23
763300 -22.8424 -23
763400 -22.8498 -23
763500 -22.6419 -23
763600 -22.7433 -23
763700 -22.8115 -23
763800 -22.6698 -23
763900 -22.6329 -23
764000 -22.8531 -23
764100 -22.9289 -23
764200 -22.9918 -23
764300 -22.7633 -23
764400 -22.5067 -23
764500 -22.5835 -23
764600 -22.7366 -23
764700 -22.9102 -23
764800 -22.9139 -23
764900 -22.5235 -23
765000 -22.3209 -23
765100 -22.3639 -23
765200 -22.2836 -23
765300 -22.6386 -23
765400 -23.1047 -23
765500 -23.2302 -23
765600 -22.8171 -23
765700 -23.0619 -23
765800 -23.5468 -23
765900 -23.3028 -23
766000 -23.268 -23
766100 -23.4226 -23
766200 -23.5279 -23
766300 -23.4094 -23
766400 -22.9788 -23
766500 -22.8591 -23
766600 -22.9175 -23
766700 -22.817 -23
766800 -23.2976 -23
766900 -23.4597 -23
767000 -23.4885 -23
767100 -23.5411 -23
767200 -23.4793 -23
767300 -23.3132 -23
767400 -23.1796 -23
767500 -23.1581 -23
767600 -23.4036 -23
767700 -23.506 -23
767800 -23.3633 -23
767900 -23.0124 -23
768000 -22.8155 -23
768100 -22.6492 -23
768200 -22.5167 -23
768300 -22.8096 -23
768400 -23.1398 -23
768500 -23.6959 -23
768600 -24.023 -23
768700 -23.937 -23
768800 -23.5251 -23
768900 -23.0522 -23
769000 -23.0563 -23
769100 -22.9408 -23
769200 -22.5358 -23
769300 -22.5689 -23
769400 -22.9055 -23
769500 -22.8662 -23
769600 -22.9279 -23
769700 -22.7315 -23
769800 -22.6357 -23
769900 -22.7079 -23
770000 -22.7603 -23
770100 -22.4309 -23
770200 -22.3066 -23
770300 -22.3656 -23
770400 -22.5907 -23
770500 -22.7417 -23
770600 -22.8388 -23
770700 -22.6714 -23
770800 -22.6205 -23
770900 -22.9212 -23
771000 -22.8336 -23
771100 -22.7148 -23
771200 -22.7081 -23
771300 -22.6985 -23
771400 -22.783 -23
771500 -22.6173 -23
771600 -22.4589 -23
771700 -22.2149 -23
771800 -22.319 -23
771900 -22.5964 -23
772000 -22.8067 -23
772100 -22.7285 -23
772200 -22.6609 -23
772300 -22.5782 -23
772400 -22.9006 -23
772500 -23.2634 -23
772600 -23.4773 -23
772700 -23.3785 -23
772800 -23.142 -23
772900 -22.8451 -23
773000 -22.6253 -23
773100 -22.8264 -23
773200 -22.9003 -23
773300 -22.6703 -23
773400 -22.8815 -23
773500 -22.925 -23
773600 -22.3496 -23
773700 -22.1748 -23
773800 -22.5349 -23
773900 -22.9576 -23
774000 -23.2575 -23
774100 -23.5385 -23
774200 -23.466 -23
774300 -23.2635 -23
774400 -23.2202 -23
774500 -23.3456 -23
774600 -22.9475 -23
774700 -22.6857 -23
774800 -22.7669 -23
774900 -22.8677 -23
775000 -22.9158 -23
775100 -23.0451 -23
775200 -22.9969 -23
775300 -22.7776 -23
775400 -22.7035 -23
775500 -22.7269 -23
775600 -22.6224 -23
775700 -22.8534 -23
775800 -23.0002 -23
775900 -23.134 -23
776000 -23.2046 -23
776100 -23.57 -23
776200 -23.662 -23
776300 -23.5015 -23
776400 -23.4339 -23
776500 -23.3303 -23
776600 -23.2199 -23
776700 -23.1713 -23
776800 -23.3084 -23
776900 -23.3 -23
777000 -23.1933 -23
777100 -23.348 -23
777200 -23.4828 -23
777300 -23.3413 -23
777400 -22.9763 -23
777500 -22.9854 -23
777600 -23.393 -23
777700 -23.6131 -23
777800 -23.816 -23
777900 -23.9819 -23
778000 -23.7554 -23
778100 -23.4532 -23
778200 -23.3109 -23
778300 -23.5281 -23
778400 -23.6076 -23
778500 -23.4311 -23
778600 -23.1371 -23
778700 -22.8157 -23
778800 -23.0029 -23
778900 -23.1743 -23
779000 -22.8934 -23
779100 -22.583 -23
779200 -22.7897 -23
779300 -22.9478 -23
779400 -23.2672 -23
779500 -23.5367 -23
779600 -23.6328 -23
779700 -23.9529 -23
779800 -24.1543 -23
779900 -23.9991 -23
780000 -23.6935 -23
780100 -23.5602 -23
780200 -23.4418 -23
780300 -23.2312 -23
780400 -22.9738 -23
780500 -22.541 -23
780600 -22.3822 -23
780700 -22.5304 -23
780800 -22.364 -23
780900 -22.3005 -23
781000 -22.3332 -23
781100 -22.2514 -23
781200 -22.1537 -23
781300 -22.2436 -23
781400 -22.3679 -23
781500 -22.7273 -23
781600 -22.8854 -23
781700 -22.9258 -23
781800 -22.8137 -23
781900 -22.8489 -23
782000 -23.1446 -23
782100 -23.2202 -23
782200 -23.1283 -23
782300 -22.9118 -23
782400 -23.0156 -23
782500 -22.9586 -23
782600 -22.8395 -23
782700 -23.0934 -23
782800 -23.5329 -23
782900 -23.8395 -23
783000 -23.7844 -23
783100 -23.5898 -23
783200 -23.2536 -23
783300 -23.0742 -23
783400 -23.1319 -23
783500 -23.0032 -23
783600 -22.6361 -23
783700 -22.3605 -23
783800 -22.5876 -23
783900 -22.8355 -23
784000 -22.8288 -23
784100 -22.7247 -23
784200 -22.8634 -23
784300 -22.8504 -23
784400 -22.8877 -23
784500 -22.5839 -23
784600 -22.5478 -23
784700 -22.6482 -23
784800 -22.783 -23
784900 -22.8477 -23
785000 -22.6825 -23
785100 -22.3948 -23
785200 -21.7776 -23
785300 -21.5657 -23
785400 -21.7699 -23
785500 -22.0475 -23
785600 -22.2038 -23
785700 -22.2567 -23
785800 -22.1928 -23
785900 -22.8086 -23
786000 -23.1942 -23
786100 -23.6541 -23
786200 -23.8068 -23
786300 -23.5577 -23
786400 -23.2179 -23
786500 -22.9643 -23
786600 -23.0039 -23
786700 -22.9043 -23
786800 -22.7455 -23
786900 -23.0743 -23
787000 -22.8496 -23
787100 -22.9231 -23
787200 -23.0497 -23
787300 -22.9935 -23
787400 -23.2442 -23
787500 -23.3107 -23
787600 -23.0291 -23
787700 -23.179 -23
787800 -23.3471 -23
787900 -23.3911 -23
788000 -23.1278 -23
788100 -23.1547 -23
788200 -23.0034 -23
788300 -23.1348 -23
788400 -23.4385 -23
788500 -23.7863 -23
788600 -24.2229 -23
788700 -24.4428 -23
788800 -24.2843 -23
788900 -23.9905 -23
789000 -23.5309 -23
789100 -23.2283 -23
789200 -23.213 -23
789300 -23.2032 -23
789400 -22.8456 -23
789500 -22.7016 -23
789600 -23.03 -23
789700 -23.2108 -23
789800 -23.2257 -23
789900 -23.2731 -23
790000 -23.3014 -23
790100 -23.4679 -23
790200 -23.4067 -23
790300 -23.2898 -23
790400 -23.1074 -23
790500 -23.2265 -23
790600 -23.0483 -23
790700 -22.7775 -23
790800 -22.932 -23
790900 -22.921 -23
791000 -23.0595 -23
791100 -23.2422 -23
791200 -23.2622 -23
791300 -23.2928 -23
791400 -23.3515 -23
791500 -23.005 -23
791600 -23.2128 -23
791700 -23.1694 -23
791800 -23.1465 -23
791900 -23.3204 -23
792000 -23.0263 -23
792100 -22.5573 -23
792200 -22.3341 -23
792300 -22.2207 -23
792400 -22.0779 -23
792500 -22.5942 -23
792600 -22.9658 -23
792700 -23.2561 -23
792800 -23.1119 -23
792900 -23.1076 -23
793000 -23.067 -23
793100 -23.4665 -23
793200 -23.4328 -23
793300 -23.4415 -23
793400 -23.6512 -23
793500 -23.4906 -23
793600 -23.4236 -23
793700 -23.1959 -23
793800 -23.2188 -23
793900 -23.1598 -23
794000 -22.963 -23
794100 -22.7418 -23
794200 -23.0293 -23
794300 -23.2394 -23
794400 -23.3493 -23
794500 -23.586 -23
794600 -23.7125 -23
794700 -23.7824 -23
794800 -23.9153 -23
794900 -24.0421 -23
795000 -23.6708 -23
795100 -23.3592 -23
795200 -22.9777 -23
795300 -23.0045 -23
795400 -22.8946 -23
795500 -22.7653 -23
795600 -22.5231 -23
795700 -22.764 -23
795800 -23.1032 -23
795900 -23.1209 -23
796000 -22.7529 -23
796100 -22.7853 -23
796200 -22.9966 -23
796300 -22.9421 -23
796400 -22.7393 -23
796500 -22.4906 -23
796600 -22.6253 -23
796700 -22.8862 -23
796800 -23.0775 -23
796900 -23.088 -23
797000 -23.133 -23
797100 -23.0085 -23
797200 -22.8782 -23
797300 -22.5403 -23
797400 -22.6265 -23
797500 -22.8939 -23
797600 -23.5187 -23
797700 -23.6518 -23
797800 -23.2653 -23
797900 -23.2739 -23
798000 -23.484 -23
798100 -23.018 -23
798200 -22.8565 -23
798300 -23.0589 -23
798400 -23.6223 -23
798500 -24.0317 -23
798600 -23.9365 -23
798700 -23.6742 -23
798800 -23.3326 -23
798900 -23.3324 -23
799000 -23.2519 -23
799100 -23.1912 -23
799200 -23.3241 -23
799300 -23.2614 -23
799400 -23.242 -23
799500 -23.1414 -23
799600 -23.3584 -23
799700 -23.8284 -23
799800 -23.7642 -23
799900 -23.5273 -23
800000 -23.2657 -23
