# Time-averaged data for fix myat1
# TimeStep v_xave v_xdes
9000100 -2.1573 -2
9000200 -2.22909 -2
9000300 -2.36066 -2
9000400 -2.47534 -2
9000500 -2.3745 -2
9000600 -2.46766 -2
9000700 -2.31517 -2
9000800 -1.90375 -2
9000900 -1.77436 -2
9001000 -1.46189 -2
9001100 -1.3236 -2
9001200 -1.22201 -2
9001300 -1.3327 -2
9001400 -1.39174 -2
9001500 -1.53752 -2
9001600 -1.63379 -2
9001700 -1.55806 -2
9001800 -1.57855 -2
9001900 -1.68906 -2
9002000 -1.68521 -2
9002100 -1.73538 -2
9002200 -2.09674 -2
9002300 -2.55414 -2
9002400 -2.7489 -2
9002500 -2.40678 -2
9002600 -1.98671 -2
9002700 -1.90017 -2
9002800 -2.1653 -2
9002900 -2.21809 -2
9003000 -1.87944 -2
9003100 -1.64362 -2
9003200 -1.44887 -2
9003300 -1.37893 -2
9003400 -1.37205 -2
9003500 -1.24279 -2
9003600 -1.26853 -2
9003700 -1.64955 -2
9003800 -1.86433 -2
9003900 -2.03785 -2
9004000 -2.18402 -2
9004100 -2.42697 -2
9004200 -2.46188 -2
9004300 -2.17276 -2
9004400 -1.736 -2
9004500 -1.44686 -2
9004600 -1.46638 -2
9004700 -1.28718 -2
9004800 -1.21789 -2
9004900 -1.05582 -2
9005000 -1.48076 -2
9005100 -1.69394 -2
9005200 -1.82652 -2
9005300 -2.02432 -2
9005400 -2.08589 -2
9005500 -1.82341 -2
9005600 -1.56792 -2
9005700 -1.76749 -2
9005800 -2.05627 -2
9005900 -2.13508 -2
9006000 -2.4278 -2
9006100 -2.6753 -2
9006200 -2.66225 -2
9006300 -2.53197 -2
9006400 -2.19284 -2
9006500 -2.15914 -2
9006600 -2.11926 -2
9006700 -1.86265 -2
9006800 -2.04518 -2
9006900 -2.35889 -2
9007000 -2.36465 -2
9007100 -2.30983 -2
9007200 -2.43968 -2
9007300 -2.46325 -2
9007400 -2.58072 -2
9007500 -2.57435 -2
9007600 -2.648 -2
9007700 -2.49147 -2
9007800 -2.3572 -2
9007900 -2.30947 -2
9008000 -2.56515 -2
9008100 -2.47068 -2
9008200 -2.49183 -2
9008300 -2.6125 -2
9008400 -2.46447 -2
9008500 -2.6995 -2
9008600 -3.10736 -2
9008700 -2.9204 -2
9008800 -2.84515 -2
9008900 -2.85606 -2
9009000 -2.57016 -2
9009100 -2.01062 -2
9009200 -1.53934 -2
9009300 -1.34811 -2
9009400 -1.48622 -2
9009500 -1.81195 -2
9009600 -1.8936 -2
9009700 -1.87703 -2
9009800 -1.89852 -2
9009900 -2.2366 -2
9010000 -2.15371 -2
9010100 -1.94987 -2
9010200 -1.92486 -2
9010300 -2.10475 -2
9010400 -1.8898 -2
9010500 -1.54066 -2
9010600 -1.63205 -2
9010700 -2.05847 -2
9010800 -2.40572 -2
9010900 -2.35263 -2
9011000 -2.35716 -2
9011100 -2.33913 -2
9011200 -2.33559 -2
9011300 -2.44451 -2
9011400 -2.72382 -2
9011500 -2.52741 -2
9011600 -2.19958 -2
9011700 -1.9796 -2
9011800 -1.99478 -2
9011900 -1.67929 -2
9012000 -1.52733 -2
9012100 -1.32687 -2
9012200 -1.1706 -2
9012300 -1.25785 -2
9012400 -1.32618 -2
9012500 -1.39464 -2
9012600 -1.37738 -2
9012700 -1.48158 -2
9012800 -1.47802 -2
9012900 -1.48908 -2
9013000 -1.58294 -2
9013100 -1.63556 -2
9013200 -1.50077 -2
9013300 -1.38865 -2
9013400 -1.47342 -2
9013500 -1.67294 -2
9013600 -1.65019 -2
9013700 -1.75839 -2
9013800 -1.70824 -2
9013900 -1.37663 -2
9014000 -1.20906 -2
9014100 -1.41882 -2
9014200 -1.71451 -2
9014300 -2.01926 -2
9014400 -1.76706 -2
9014500 -2.04577 -2
9014600 -2.14089 -2
9014700 -1.9759 -2
9014800 -1.8498 -2
9014900 -1.56079 -2
9015000 -1.3321 -2
9015100 -1.3428 -2
9015200 -1.58536 -2
9015300 -1.85224 -2
9015400 -2.10933 -2
9015500 -2.11525 -2
9015600 -1.99744 -2
9015700 -2.20479 -2
9015800 -2.31424 -2
9015900 -2.16854 -2
9016000 -2.00239 -2
9016100 -1.53727 -2
9016200 -1.43466 -2
9016300 -1.40307 -2
9016400 -1.28902 -2
9016500 -1.28063 -2
9016600 -1.72223 -2
9016700 -1.94367 -2
9016800 -2.16526 -2
9016900 -2.54958 -2
9017000 -2.72417 -2
9017100 -2.62677 -2
9017200 -2.63747 -2
9017300 -2.80037 -2
9017400 -2.64761 -2
9017500 -2.76149 -2
9017600 -2.66259 -2
9017700 -2.46405 -2
9017800 -2.51126 -2
9017900 -2.64348 -2
9018000 -2.72027 -2
9018100 -2.71785 -2
9018200 -2.76024 -2
9018300 -2.65055 -2
9018400 -2.5508 -2
9018500 -2.38586 -2
9018600 -2.29855 -2
9018700 -2.53543 -2
9018800 -2.65346 -2
9018900 -2.65904 -2
9019000 -2.35516 -2
9019100 -2.31531 -2
9019200 -2.36212 -2
9019300 -2.13183 -2
9019400 -1.8962 -2
9019500 -2.22897 -2
9019600 -2.39224 -2
9019700 -2.64325 -2
9019800 -2.79241 -2
9019900 -2.77768 -2
9020000 -2.73234 -2
9020100 -2.71954 -2
9020200 -2.71276 -2
9020300 -2.67492 -2
9020400 -2.50851 -2
9020500 -2.54041 -2
9020600 -2.41131 -2
9020700 -2.48288 -2
9020800 -2.22879 -2
9020900 -2.35185 -2
9021000 -2.64702 -2
9021100 -2.88299 -2
9021200 -2.9501 -2
9021300 -2.68087 -2
9021400 -2.19048 -2
9021500 -1.93408 -2
9021600 -1.65816 -2
9021700 -1.36438 -2
9021800 -1.32679 -2
9021900 -1.64295 -2
9022000 -1.85092 -2
9022100 -2.15226 -2
9022200 -2.1313 -2
9022300 -2.04556 -2
9022400 -1.81397 -2
9022500 -1.77272 -2
9022600 -2.05175 -2
9022700 -2.2145 -2
9022800 -2.41169 -2
9022900 -2.28713 -2
9023000 -2.2161 -2
9023100 -2.21018 -2
9023200 -2.10463 -2
9023300 -1.92531 -2
9023400 -1.78628 -2
9023500 -2.16569 -2
9023600 -2.41353 -2
9023700 -2.48961 -2
9023800 -2.41194 -2
9023900 -2.13374 -2
9024000 -1.91633 -2
9024100 -1.86105 -2
9024200 -1.84341 -2
9024300 -2.06537 -2
9024400 -2.15462 -2
9024500 -2.11256 -2
9024600 -1.97396 -2
9024700 -1.3908 -2
9024800 -1.42653 -2
9024900 -1.78166 -2
9025000 -1.83234 -2
9025100 -1.4586 -2
9025200 -1.25458 -2
9025300 -1.21738 -2
9025400 -1.05313 -2
9025500 -1.06141 -2
9025600 -1.17074 -2
9025700 -1.16789 -2
9025800 -1.28624 -2
9025900 -1.38083 -2
9026000 -1.55625 -2
9026100 -1.67588 -2
9026200 -1.68989 -2
9026300 -1.77787 -2
9026400 -1.95747 -2
9026500 -2.08704 -2
9026600 -2.11636 -2
9026700 -1.9406 -2
9026800 -1.97123 -2
9026900 -1.82703 -2
9027000 -2.16741 -2
9027100 -2.56302 -2
9027200 -2.6038 -2
9027300 -2.33821 -2
9027400 -1.94692 -2
9027500 -1.97409 -2
9027600 -2.25112 -2
9027700 -2.48896 -2
9027800 -2.50023 -2
9027900 -2.08095 -2
9028000 -2.28066 -2
9028100 -2.46206 -2
9028200 -2.37266 -2
9028300 -1.89778 -2
9028400 -1.53755 -2
9028500 -1.48666 -2
9028600 -1.56164 -2
9028700 -1.58933 -2
9028800 -1.86476 -2
9028900 -1.93328 -2
9029000 -2.14538 -2
9029100 -1.98765 -2
9029200 -1.61558 -2
9029300 -1.69505 -2
9029400 -1.89776 -2
9029500 -1.67951 -2
9029600 -1.71044 -2
9029700 -1.79318 -2
9029800 -2.0153 -2
9029900 -1.92502 -2
9030000 -1.82894 -2
9030100 -1.79176 -2
9030200 -1.90686 -2
9030300 -2.32415 -2
9030400 -2.46919 -2
9030500 -2.09426 -2
9030600 -1.67991 -2
9030700 -1.54045 -2
9030800 -1.52453 -2
9030900 -1.67811 -2
9031000 -1.60601 -2
9031100 -1.68972 -2
9031200 -1.65332 -2
9031300 -1.28931 -2
9031400 -1.14025 -2
9031500 -0.950582 -2
9031600 -1.29679 -2
9031700 -1.69641 -2
9031800 -1.80922 -2
9031900 -1.67253 -2
9032000 -1.50124 -2
9032100 -1.45167 -2
9032200 -1.66334 -2
9032300 -1.4576 -2
9032400 -1.28989 -2
9032500 -1.46529 -2
9032600 -1.7388 -2
9032700 -1.90269 -2
9032800 -1.9088 -2
9032900 -2.11946 -2
9033000 -2.187 -2
9033100 -2.12971 -2
9033200 -2.15944 -2
9033300 -2.47586 -2
9033400 -2.64644 -2
9033500 -2.57514 -2
9033600 -2.43299 -2
9033700 -1.98136 -2
9033800 -1.70004 -2
9033900 -1.51065 -2
9034000 -1.22872 -2
9034100 -1.51431 -2
9034200 -1.72932 -2
9034300 -1.77678 -2
9034400 -1.85777 -2
9034500 -1.99585 -2
9034600 -2.14322 -2
9034700 -2.11741 -2
9034800 -2.43556 -2
9034900 -2.79774 -2
9035000 -2.49564 -2
9035100 -2.24799 -2
9035200 -2.01966 -2
9035300 -1.89448 -2
9035400 -1.83564 -2
9035500 -1.9837 -2
9035600 -1.9413 -2
9035700 -2.02386 -2
9035800 -2.00994 -2
9035900 -1.98246 -2
9036000 -1.8167 -2
9036100 -1.67236 -2
9036200 -1.63882 -2
9036300 -1.5195 -2
9036400 -1.44864 -2
9036500 -1.64151 -2
9036600 -2.27983 -2
9036700 -2.9746 -2
9036800 -3.00343 -2
9036900 -2.81757 -2
9037000 -2.43675 -2
9037100 -2.74544 -2
9037200 -2.55069 -2
9037300 -2.64045 -2
9037400 -2.68879 -2
9037500 -2.54371 -2
9037600 -2.25289 -2
9037700 -2.17264 -2
9037800 -2.34957 -2
9037900 -2.0953 -2
9038000 -1.98617 -2
9038100 -2.03738 -2
9038200 -2.05501 -2
9038300 -2.12654 -2
9038400 -2.25549 -2
9038500 -2.68567 -2
9038600 -2.69837 -2
9038700 -2.80931 -2
9038800 -2.50706 -2
9038900 -2.0217 -2
9039000 -1.76061 -2
9039100 -1.61697 -2
9039200 -1.45731 -2
9039300 -1.50737 -2
9039400 -1.88269 -2
9039500 -1.70353 -2
9039600 -1.48653 -2
9039700 -1.46275 -2
9039800 -1.78387 -2
9039900 -2.09675 -2
9040000 -2.12554 -2
9040100 -2.19273 -2
9040200 -2.2591 -2
9040300 -2.00099 -2
9040400 -1.86839 -2
9040500 -2.13584 -2
9040600 -2.13826 -2
9040700 -2.06296 -2
9040800 -1.96185 -2
9040900 -2.06966 -2
9041000 -2.05651 -2
9041100 -1.89124 -2
9041200 -1.97075 -2
9041300 -2.16675 -2
9041400 -2.23086 -2
9041500 -2.17046 -2
9041600 -2.15718 -2
9041700 -1.98946 -2
9041800 -2.28477 -2
9041900 -2.40868 -2
9042000 -2.27682 -2
9042100 -2.35061 -2
9042200 -2.50632 -2
9042300 -2.53855 -2
9042400 -2.3386 -2
9042500 -2.31715 -2
9042600 -2.09295 -2
9042700 -2.09572 -2
9042800 -2.17382 -2
9042900 -2.46567 -2
9043000 -2.53418 -2
9043100 -2.24435 -2
9043200 -2.45776 -2
9043300 -2.46186 -2
9043400 -2.45274 -2
9043500 -2.24888 -2
9043600 -2.13822 -2
9043700 -2.21183 -2
9043800 -2.28094 -2
9043900 -2.2058 -2
9044000 -2.33331 -2
9044100 -2.33614 -2
9044200 -2.53733 -2
9044300 -2.45766 -2
9044400 -2.56829 -2
9044500 -2.64321 -2
9044600 -2.63328 -2
9044700 -2.12279 -2
9044800 -1.74337 -2
9044900 -1.80675 -2
9045000 -1.92014 -2
9045100 -2.13992 -2
9045200 -2.10909 -2
9045300 -2.32986 -2
9045400 -2.5387 -2
9045500 -2.43713 -2
9045600 -2.0584 -2
9045700 -1.51834 -2
9045800 -1.39107 -2
9045900 -1.44091 -2
9046000 -1.71382 -2
9046100 -1.77209 -2
9046200 -1.69613 -2
9046300 -1.72547 -2
9046400 -1.88015 -2
9046500 -2.23499 -2
9046600 -2.41713 -2
9046700 -2.64973 -2
9046800 -2.63659 -2
9046900 -2.33221 -2
9047000 -2.07899 -2
9047100 -2.00866 -2
9047200 -1.94522 -2
9047300 -1.80185 -2
9047400 -1.67382 -2
9047500 -1.81742 -2
9047600 -1.93894 -2
9047700 -1.70286 -2
9047800 -1.466 -2
9047900 -1.4226 -2
9048000 -1.60633 -2
9048100 -1.4671 -2
9048200 -1.67667 -2
9048300 -1.68993 -2
9048400 -1.34822 -2
9048500 -0.952626 -2
9048600 -1.05681 -2
9048700 -1.46876 -2
9048800 -1.84303 -2
9048900 -2.21233 -2
9049000 -2.44134 -2
9049100 -2.27115 -2
9049200 -1.94857 -2
9049300 -1.59085 -2
9049400 -1.33924 -2
9049500 -1.43415 -2
9049600 -1.53774 -2
9049700 -1.78526 -2
9049800 -1.93032 -2
9049900 -2.15704 -2
9050000 -2.38416 -2
9050100 -2.56577 -2
9050200 -2.53836 -2
9050300 -2.24094 -2
9050400 -2.07437 -2
9050500 -1.96588 -2
9050600 -1.99893 -2
9050700 -1.70826 -2
9050800 -1.6607 -2
9050900 -1.9295 -2
9051000 -1.99146 -2
9051100 -1.84672 -2
9051200 -1.7295 -2
9051300 -1.93958 -2
9051400 -2.16799 -2
9051500 -2.3064 -2
9051600 -1.97255 -2
9051700 -1.92045 -2
9051800 -1.90106 -2
9051900 -1.75647 -2
9052000 -1.76498 -2
9052100 -1.75179 -2
9052200 -1.82499 -2
9052300 -1.70131 -2
9052400 -1.85052 -2
9052500 -2.00076 -2
9052600 -1.80755 -2
9052700 -1.9998 -2
9052800 -1.86777 -2
9052900 -1.81358 -2
9053000 -2.07132 -2
9053100 -2.22554 -2
9053200 -2.12298 -2
9053300 -1.9126 -2
9053400 -1.7671 -2
9053500 -1.43484 -2
9053600 -1.39715 -2
9053700 -1.49024 -2
9053800 -1.42544 -2
9053900 -1.24222 -2
9054000 -1.56558 -2
9054100 -1.63602 -2
9054200 -1.78293 -2
9054300 -1.52638 -2
9054400 -1.71341 -2
9054500 -2.07895 -2
9054600 -2.00218 -2
9054700 -1.96194 -2
9054800 -2.00189 -2
9054900 -1.94146 -2
9055000 -2.13119 -2
9055100 -1.95699 -2
9055200 -1.86629 -2
9055300 -2.23891 -2
9055400 -2.21209 -2
9055500 -2.03828 -2
9055600 -2.1832 -2
9055700 -2.31045 -2
9055800 -2.2627 -2
9055900 -2.39068 -2
9056000 -2.67366 -2
9056100 -2.65744 -2
9056200 -2.49106 -2
9056300 -2.18193 -2
9056400 -2.26793 -2
9056500 -2.16096 -2
9056600 -2.31881 -2
9056700 -2.1318 -2
9056800 -1.96421 -2
9056900 -1.94367 -2
9057000 -2.16873 -2
9057100 -2.24342 -2
9057200 -2.23094 -2
9057300 -2.31164 -2
9057400 -2.26534 -2
9057500 -2.24981 -2
9057600 -2.23275 -2
9057700 -1.95789 -2
9057800 -1.53271 -2
9057900 -1.13925 -2
9058000 -0.951965 -2
9058100 -0.988283 -2
9058200 -1.06534 -2
9058300 -1.57098 -2
9058400 -1.7533 -2
9058500 -1.89039 -2
9058600 -2.126 -2
9058700 -2.26014 -2
9058800 -2.26688 -2
9058900 -2.25079 -2
9059000 -2.48587 -2
9059100 -2.34464 -2
9059200 -2.33704 -2
9059300 -2.54185 -2
9059400 -2.52351 -2
9059500 -2.55363 -2
9059600 -2.48902 -2
9059700 -2.71168 -2
9059800 -2.59849 -2
9059900 -2.32039 -2
9060000 -2.18924 -2
9060100 -2.29592 -2
9060200 -2.10153 -2
9060300 -1.89013 -2
9060400 -2.1294 -2
9060500 -2.33316 -2
9060600 -2.3867 -2
9060700 -2.08547 -2
9060800 -1.87779 -2
9060900 -2.01502 -2
9061000 -2.1875 -2
9061100 -2.22384 -2
9061200 -2.19907 -2
9061300 -2.25015 -2
9061400 -1.99755 -2
9061500 -1.58814 -2
9061600 -1.27346 -2
9061700 -1.15995 -2
9061800 -1.08553 -2
9061900 -1.183 -2
9062000 -1.28092 -2
9062100 -1.682 -2
9062200 -1.75264 -2
9062300 -2.01839 -2
9062400 -2.20366 -2
9062500 -2.07478 -2
9062600 -1.83829 -2
9062700 -1.64487 -2
9062800 -1.68711 -2
9062900 -1.68851 -2
9063000 -1.37922 -2
9063100 -1.59998 -2
9063200 -2.11778 -2
9063300 -2.41369 -2
9063400 -2.28842 -2
9063500 -1.9498 -2
9063600 -1.68761 -2
9063700 -1.40273 -2
9063800 -1.25178 -2
9063900 -1.69594 -2
9064000 -2.01128 -2
9064100 -1.80988 -2
9064200 -2.13079 -2
9064300 -2.34577 -2
9064400 -2.36614 -2
9064500 -2.19866 -2
9064600 -2.034 -2
9064700 -1.88138 -2
9064800 -1.813 -2
9064900 -1.98645 -2
9065000 -2.30681 -2
9065100 -2.3349 -2
9065200 -2.19841 -2
9065300 -2.07417 -2
9065400 -2.05045 -2
9065500 -1.78265 -2
9065600 -1.90841 -2
9065700 -1.85149 -2
9065800 -2.08942 -2
9065900 -2.38817 -2
9066000 -2.14786 -2
9066100 -1.99625 -2
9066200 -2.1101 -2
9066300 -2.21199 -2
9066400 -1.97364 -2
9066500 -1.99218 -2
9066600 -1.93229 -2
9066700 -2.16951 -2
9066800 -2.40671 -2
9066900 -2.69547 -2
9067000 -2.75484 -2
9067100 -2.49886 -2
9067200 -2.07273 -2
9067300 -1.93595 -2
9067400 -1.97015 -2
9067500 -1.75321 -2
9067600 -1.69329 -2
9067700 -1.47771 -2
9067800 -1.79292 -2
9067900 -2.05233 -2
9068000 -2.30358 -2
9068100 -2.5992 -2
9068200 -2.55464 -2
9068300 -2.28144 -2
9068400 -2.60036 -2
9068500 -2.69109 -2
9068600 -2.50534 -2
9068700 -2.25742 -2
9068800 -2.18198 -2
9068900 -1.7932 -2
9069000 -1.6087 -2
9069100 -1.8322 -2
9069200 -2.37369 -2
9069300 -2.41746 -2
9069400 -2.51493 -2
9069500 -2.60085 -2
9069600 -2.78349 -2
9069700 -2.4215 -2
9069800 -2.4063 -2
9069900 -2.61926 -2
9070000 -2.70102 -2
9070100 -2.86918 -2
9070200 -2.42032 -2
9070300 -1.82091 -2
9070400 -1.55753 -2
9070500 -1.47741 -2
9070600 -1.82946 -2
9070700 -2.06907 -2
9070800 -1.89082 -2
9070900 -1.50949 -2
9071000 -1.69985 -2
9071100 -1.69318 -2
9071200 -1.62433 -2
9071300 -1.66882 -2
9071400 -1.80944 -2
9071500 -1.80602 -2
9071600 -1.91047 -2
9071700 -1.8478 -2
9071800 -1.91812 -2
9071900 -2.0698 -2
9072000 -1.89496 -2
9072100 -1.47891 -2
9072200 -1.48683 -2
9072300 -1.49512 -2
9072400 -1.39316 -2
9072500 -1.42574 -2
9072600 -1.64602 -2
9072700 -1.92424 -2
9072800 -2.23151 -2
9072900 -2.15735 -2
9073000 -2.12114 -2
9073100 -2.22132 -2
9073200 -2.01932 -2
9073300 -1.69612 -2
9073400 -1.64649 -2
9073500 -1.73073 -2
9073600 -2.00879 -2
9073700 -1.99503 -2
9073800 -2.35803 -2
9073900 -2.44236 -2
9074000 -2.50197 -2
9074100 -2.34652 -2
9074200 -2.05168 -2
9074300 -1.89189 -2
9074400 -1.6493 -2
9074500 -1.85736 -2
9074600 -1.80465 -2
9074700 -1.3858 -2
9074800 -1.07094 -2
9074900 -1.1362 -2
9075000 -1.50374 -2
9075100 -2.01844 -2
9075200 -2.28044 -2
9075300 -2.35516 -2
9075400 -2.51555 -2
9075500 -2.24723 -2
9075600 -1.43148 -2
9075700 -1.26171 -2
9075800 -1.65211 -2
9075900 -1.85907 -2
9076000 -1.82016 -2
9076100 -2.04858 -2
9076200 -2.23657 -2
9076300 -1.87798 -2
9076400 -1.5799 -2
9076500 -1.9897 -2
9076600 -2.38468 -2
9076700 -2.69433 -2
9076800 -2.84265 -2
9076900 -2.63074 -2
9077000 -2.41226 -2
9077100 -2.14458 -2
9077200 -2.18805 -2
9077300 -1.71074 -2
9077400 -1.82632 -2
9077500 -1.80806 -2
9077600 -1.79781 -2
9077700 -1.89702 -2
9077800 -2.62563 -2
9077900 -2.55745 -2
9078000 -2.20278 -2
9078100 -2.30924 -2
9078200 -2.00954 -2
9078300 -1.79391 -2
9078400 -1.55108 -2
9078500 -1.31714 -2
9078600 -1.25299 -2
9078700 -1.45391 -2
9078800 -1.82848 -2
9078900 -1.7854 -2
9079000 -2.22926 -2
9079100 -2.62054 -2
9079200 -2.46467 -2
9079300 -2.18398 -2
9079400 -2.12398 -2
9079500 -2.14195 -2
9079600 -1.87198 -2
9079700 -1.95222 -2
9079800 -1.93973 -2
9079900 -1.89899 -2
9080000 -1.77764 -2
9080100 -1.70225 -2
9080200 -1.7264 -2
9080300 -1.70556 -2
9080400 -1.73704 -2
9080500 -1.96945 -2
9080600 -1.70548 -2
9080700 -1.42432 -2
9080800 -1.16365 -2
9080900 -1.21431 -2
9081000 -1.76099 -2
9081100 -1.81713 -2
9081200 -1.83302 -2
9081300 -2.01771 -2
9081400 -1.95036 -2
9081500 -1.78817 -2
9081600 -1.84762 -2
9081700 -1.79728 -2
9081800 -1.92526 -2
9081900 -2.12725 -2
9082000 -2.31088 -2
9082100 -2.16457 -2
9082200 -2.10064 -2
9082300 -2.45286 -2
9082400 -2.55097 -2
9082500 -2.44014 -2
9082600 -2.26003 -2
9082700 -2.22983 -2
9082800 -2.24416 -2
9082900 -2.45088 -2
9083000 -2.56545 -2
9083100 -2.60316 -2
9083200 -2.35481 -2
9083300 -2.37884 -2
9083400 -2.18562 -2
9083500 -2.02046 -2
9083600 -1.86707 -2
9083700 -2.04041 -2
9083800 -2.13365 -2
9083900 -1.96859 -2
9084000 -2.06944 -2
9084100 -2.22221 -2
9084200 -2.5818 -2
9084300 -2.50881 -2
9084400 -2.76127 -2
9084500 -2.8365 -2
9084600 -2.70025 -2
9084700 -2.60179 -2
9084800 -2.39646 -2
9084900 -2.13256 -2
9085000 -1.87981 -2
9085100 -1.88006 -2
9085200 -1.96435 -2
9085300 -2.10489 -2
9085400 -1.86357 -2
9085500 -1.79652 -2
9085600 -1.81805 -2
9085700 -1.73668 -2
9085800 -1.52325 -2
9085900 -1.5774 -2
9086000 -2.037 -2
9086100 -2.33581 -2
9086200 -2.36205 -2
9086300 -2.19775 -2
9086400 -2.30238 -2
9086500 -2.40584 -2
9086600 -2.4836 -2
9086700 -2.61431 -2
9086800 -2.48708 -2
9086900 -2.44198 -2
9087000 -2.27564 -2
9087100 -2.02394 -2
9087200 -1.88387 -2
9087300 -1.68999 -2
9087400 -1.54872 -2
9087500 -1.55626 -2
9087600 -1.40197 -2
9087700 -1.22565 -2
9087800 -1.26164 -2
9087900 -1.44637 -2
9088000 -1.66194 -2
9088100 -1.81533 -2
9088200 -1.73053 -2
9088300 -1.96422 -2
9088400 -2.16931 -2
9088500 -2.32846 -2
9088600 -2.10997 -2
9088700 -1.94256 -2
9088800 -2.43826 -2
9088900 -2.69592 -2
9089000 -2.48798 -2
9089100 -2.35578 -2
9089200 -1.99147 -2
9089300 -1.66996 -2
9089400 -1.69389 -2
9089500 -1.63684 -2
9089600 -1.56565 -2
9089700 -1.76068 -2
9089800 -2.01304 -2
9089900 -2.20265 -2
9090000 -2.31504 -2
9090100 -2.46387 -2
9090200 -2.18686 -2
9090300 -2.06137 -2
9090400 -1.97444 -2
9090500 -2.11925 -2
9090600 -2.30015 -2
9090700 -2.37111 -2
9090800 -2.0351 -2
9090900 -1.94455 -2
9091000 -1.91573 -2
9091100 -1.9591 -2
9091200 -1.9063 -2
9091300 -1.84876 -2
9091400 -1.82022 -2
9091500 -2.15618 -2
9091600 -1.95509 -2
9091700 -1.60386 -2
9091800 -1.83138 -2
9091900 -2.18652 -2
9092000 -2.20524 -2
9092100 -2.16001 -2
9092200 -2.15265 -2
9092300 -2.20004 -2
9092400 -2.41872 -2
9092500 -2.6037 -2
9092600 -2.84576 -2
9092700 -3.01103 -2
9092800 -2.92907 -2
9092900 -2.72081 -2
9093000 -2.65517 -2
9093100 -2.5047 -2
9093200 -2.39508 -2
9093300 -2.39159 -2
9093400 -2.33 -2
9093500 -2.29494 -2
9093600 -2.19167 -2
9093700 -1.80691 -2
9093800 -1.8199 -2
9093900 -2.10136 -2
9094000 -2.27331 -2
9094100 -2.16416 -2
9094200 -2.23791 -2
9094300 -2.25114 -2
9094400 -2.25403 -2
9094500 -2.308 -2
9094600 -2.45423 -2
9094700 -2.34468 -2
9094800 -2.23649 -2
9094900 -2.14405 -2
9095000 -2.11736 -2
9095100 -2.00426 -2
9095200 -2.01473 -2
9095300 -2.07301 -2
9095400 -2.18922 -2
9095500 -2.02169 -2
9095600 -1.71223 -2
9095700 -1.93717 -2
9095800 -1.97255 -2
9095900 -1.99792 -2
9096000 -2.21684 -2
9096100 -2.37012 -2
9096200 -2.44105 -2
9096300 -2.40931 -2
9096400 -2.07462 -2
9096500 -2.16801 -2
9096600 -2.58125 -2
9096700 -2.73158 -2
9096800 -2.68096 -2
9096900 -2.65639 -2
9097000 -2.24594 -2
9097100 -2.25458 -2
9097200 -2.39159 -2
9097300 -2.39739 -2
9097400 -2.15721 -2
9097500 -1.81484 -2
9097600 -1.79501 -2
9097700 -1.85036 -2
9097800 -1.91299 -2
9097900 -2.25532 -2
9098000 -2.75642 -2
9098100 -2.70171 -2
9098200 -2.56884 -2
9098300 -2.63329 -2
9098400 -2.55267 -2
9098500 -2.23236 -2
9098600 -2.13482 -2
9098700 -2.09979 -2
9098800 -2.13737 -2
9098900 -1.71439 -2
9099000 -1.56156 -2
9099100 -1.7097 -2
9099200 -1.75726 -2
9099300 -1.59099 -2
9099400 -1.65436 -2
9099500 -2.07408 -2
9099600 -2.37884 -2
9099700 -2.88055 -2
9099800 -2.78647 -2
9099900 -2.73378 -2
9100000 -2.72128 -2
9100100 -2.34572 -2
9100200 -2.42194 -2
9100300 -2.48227 -2
9100400 -2.39773 -2
9100500 -2.08158 -2
9100600 -2.0171 -2
9100700 -2.3239 -2
9100800 -2.21756 -2
9100900 -2.32408 -2
9101000 -2.24261 -2
9101100 -1.99789 -2
9101200 -2.02794 -2
9101300 -2.34007 -2
9101400 -2.26274 -2
9101500 -2.49902 -2
9101600 -2.60474 -2
9101700 -2.20047 -2
9101800 -1.82175 -2
9101900 -1.69441 -2
9102000 -1.83436 -2
9102100 -2.06253 -2
9102200 -2.35568 -2
9102300 -2.18146 -2
9102400 -2.04663 -2
9102500 -2.02059 -2
9102600 -2.02451 -2
9102700 -1.92889 -2
9102800 -1.50543 -2
9102900 -1.53233 -2
9103000 -1.74486 -2
9103100 -1.66873 -2
9103200 -1.51868 -2
9103300 -1.6287 -2
9103400 -1.89155 -2
9103500 -2.41407 -2
9103600 -2.65911 -2
9103700 -2.55009 -2
9103800 -2.56101 -2
9103900 -2.30075 -2
9104000 -1.88156 -2
9104100 -1.32698 -2
9104200 -1.30037 -2
9104300 -1.45485 -2
9104400 -1.58012 -2
9104500 -1.97594 -2
9104600 -2.20345 -2
9104700 -2.16365 -2
9104800 -2.04167 -2
9104900 -2.38866 -2
9105000 -2.68873 -2
9105100 -2.60715 -2
9105200 -2.52077 -2
9105300 -2.44634 -2
9105400 -2.39185 -2
9105500 -2.40042 -2
9105600 -2.31122 -2
9105700 -2.16541 -2
9105800 -1.96272 -2
9105900 -1.90332 -2
9106000 -1.91477 -2
9106100 -2.03047 -2
9106200 -2.26164 -2
9106300 -2.24786 -2
9106400 -1.92476 -2
9106500 -1.69167 -2
9106600 -1.80114 -2
9106700 -1.89607 -2
9106800 -2.08216 -2
9106900 -2.35731 -2
9107000 -2.41121 -2
9107100 -2.3592 -2
9107200 -2.04892 -2
9107300 -1.88648 -2
9107400 -2.0366 -2
9107500 -2.12599 -2
9107600 -2.28271 -2
9107700 -2.00997 -2
9107800 -1.67755 -2
9107900 -1.50894 -2
9108000 -1.62816 -2
9108100 -1.94203 -2
9108200 -1.92205 -2
9108300 -2.16665 -2
9108400 -2.21449 -2
9108500 -2.24021 -2
9108600 -2.31333 -2
9108700 -2.2775 -2
9108800 -2.06484 -2
9108900 -2.15571 -2
9109000 -2.42172 -2
9109100 -2.36193 -2
9109200 -2.21524 -2
9109300 -2.54295 -2
9109400 -2.52955 -2
9109500 -2.35946 -2
9109600 -2.28509 -2
9109700 -2.30243 -2
9109800 -2.14626 -2
9109900 -1.96225 -2
9110000 -1.63203 -2
9110100 -1.78819 -2
9110200 -1.93774 -2
9110300 -1.7123 -2
9110400 -1.59505 -2
9110500 -1.52865 -2
9110600 -1.68788 -2
9110700 -1.69079 -2
9110800 -1.71995 -2
9110900 -1.73086 -2
9111000 -1.86177 -2
9111100 -1.76591 -2
9111200 -1.88189 -2
9111300 -1.94608 -2
9111400 -2.01709 -2
9111500 -2.11691 -2
9111600 -2.03041 -2
9111700 -2.21241 -2
9111800 -2.35299 -2
9111900 -2.31279 -2
9112000 -2.19338 -2
9112100 -2.10685 -2
9112200 -1.97749 -2
9112300 -2.18579 -2
9112400 -2.60389 -2
9112500 -2.85785 -2
9112600 -2.95606 -2
9112700 -2.74361 -2
9112800 -2.74809 -2
9112900 -2.45907 -2
9113000 -2.27266 -2
9113100 -1.89619 -2
9113200 -1.50127 -2
9113300 -1.64864 -2
9113400 -1.91451 -2
9113500 -1.93094 -2
9113600 -1.77374 -2
9113700 -1.59943 -2
9113800 -1.74719 -2
9113900 -2.16691 -2
9114000 -2.27132 -2
9114100 -2.19159 -2
9114200 -1.84052 -2
9114300 -1.65714 -2
9114400 -1.39846 -2
9114500 -1.1122 -2
9114600 -1.12435 -2
9114700 -1.62674 -2
9114800 -1.87686 -2
9114900 -1.64094 -2
9115000 -1.66379 -2
9115100 -1.85122 -2
9115200 -1.60903 -2
9115300 -1.43296 -2
9115400 -1.57031 -2
9115500 -1.95123 -2
9115600 -1.80347 -2
9115700 -1.66686 -2
9115800 -1.27324 -2
9115900 -1.14295 -2
9116000 -1.17817 -2
9116100 -1.27409 -2
9116200 -1.32538 -2
9116300 -1.44392 -2
9116400 -1.77268 -2
9116500 -1.81165 -2
9116600 -1.85653 -2
9116700 -1.84579 -2
9116800 -2.08149 -2
9116900 -2.14399 -2
9117000 -1.7307 -2
9117100 -1.55579 -2
9117200 -1.40649 -2
9117300 -1.33852 -2
9117400 -1.47996 -2
9117500 -1.55126 -2
9117600 -1.85299 -2
9117700 -1.93801 -2
9117800 -2.14194 -2
9117900 -2.36245 -2
9118000 -2.42348 -2
9118100 -2.63408 -2
9118200 -2.68455 -2
9118300 -2.51984 -2
9118400 -2.35012 -2
9118500 -2.28554 -2
9118600 -2.23697 -2
9118700 -2.15318 -2
9118800 -2.29203 -2
9118900 -2.34735 -2
9119000 -2.26807 -2
9119100 -2.20451 -2
9119200 -2.02188 -2
9119300 -1.57999 -2
9119400 -1.68004 -2
9119500 -1.7012 -2
9119600 -1.42213 -2
9119700 -1.47451 -2
9119800 -1.8166 -2
9119900 -1.9971 -2
9120000 -2.223 -2
9120100 -2.31097 -2
9120200 -2.47956 -2
9120300 -2.47723 -2
9120400 -2.36664 -2
9120500 -2.4146 -2
9120600 -2.46334 -2
9120700 -2.65903 -2
9120800 -2.74533 -2
9120900 -2.66492 -2
9121000 -2.39536 -2
9121100 -2.08196 -2
9121200 -1.99313 -2
9121300 -1.88826 -2
9121400 -1.86915 -2
9121500 -2.09388 -2
9121600 -2.19466 -2
9121700 -1.80646 -2
9121800 -1.5058 -2
9121900 -1.46413 -2
9122000 -1.8951 -2
9122100 -2.16819 -2
9122200 -2.01156 -2
9122300 -1.77853 -2
9122400 -1.99648 -2
9122500 -2.22533 -2
9122600 -1.86476 -2
9122700 -1.7571 -2
9122800 -1.85223 -2
9122900 -1.83003 -2
9123000 -2.00967 -2
9123100 -2.13372 -2
9123200 -2.00641 -2
9123300 -2.00976 -2
9123400 -1.88658 -2
9123500 -1.94019 -2
9123600 -1.93152 -2
9123700 -1.82621 -2
9123800 -2.03607 -2
9123900 -2.07893 -2
9124000 -1.99864 -2
9124100 -2.10242 -2
9124200 -2.07556 -2
9124300 -2.02882 -2
9124400 -2.01947 -2
9124500 -2.3544 -2
9124600 -2.23749 -2
9124700 -2.05957 -2
9124800 -2.0531 -2
9124900 -1.70863 -2
9125000 -1.9061 -2
9125100 -1.89034 -2
9125200 -2.02202 -2
9125300 -2.30117 -2
9125400 -1.9886 -2
9125500 -2.28464 -2
9125600 -2.3441 -2
9125700 -2.19914 -2
9125800 -1.99734 -2
9125900 -1.97543 -2
9126000 -2.12464 -2
9126100 -1.9686 -2
9126200 -1.8263 -2
9126300 -2.06875 -2
9126400 -2.30906 -2
9126500 -2.28849 -2
9126600 -2.35018 -2
9126700 -2.45502 -2
9126800 -2.3268 -2
9126900 -2.0629 -2
9127000 -1.92163 -2
9127100 -1.65392 -2
9127200 -1.35432 -2
9127300 -1.46188 -2
9127400 -1.62551 -2
9127500 -1.8771 -2
9127600 -2.44556 -2
9127700 -2.63306 -2
9127800 -2.60223 -2
9127900 -2.48272 -2
9128000 -2.56353 -2
9128100 -2.67064 -2
9128200 -2.9911 -2
9128300 -2.97803 -2
9128400 -2.53591 -2
9128500 -2.32452 -2
9128600 -2.56059 -2
9128700 -2.64152 -2
9128800 -2.61665 -2
9128900 -2.69602 -2
9129000 -2.56954 -2
9129100 -2.13331 -2
9129200 -2.05081 -2
9129300 -2.35295 -2
9129400 -2.33881 -2
9129500 -2.29461 -2
9129600 -2.05481 -2
9129700 -1.7311 -2
9129800 -1.74147 -2
9129900 -1.59287 -2
9130000 -1.57614 -2
9130100 -1.33912 -2
9130200 -1.41187 -2
9130300 -1.67157 -2
9130400 -1.70344 -2
9130500 -1.5944 -2
9130600 -1.34751 -2
9130700 -1.32383 -2
9130800 -1.41804 -2
9130900 -1.21843 -2
9131000 -1.50683 -2
9131100 -1.8688 -2
9131200 -2.18414 -2
9131300 -2.43676 -2
9131400 -2.24258 -2
9131500 -2.18271 -2
9131600 -1.9883 -2
9131700 -1.84806 -2
9131800 -1.97391 -2
9131900 -1.93585 -2
9132000 -1.97894 -2
9132100 -2.10725 -2
9132200 -1.89663 -2
9132300 -1.75616 -2
9132400 -1.90742 -2
9132500 -2.10164 -2
9132600 -2.41757 -2
9132700 -2.54959 -2
9132800 -2.41904 -2
9132900 -2.36245 -2
9133000 -2.5323 -2
9133100 -2.61471 -2
9133200 -2.5707 -2
9133300 -2.32465 -2
9133400 -2.26548 -2
9133500 -2.14331 -2
9133600 -2.17061 -2
9133700 -2.12687 -2
9133800 -2.05263 -2
9133900 -2.04397 -2
9134000 -1.99707 -2
9134100 -2.04988 -2
9134200 -2.35096 -2
9134300 -2.56108 -2
9134400 -2.44113 -2
9134500 -2.08569 -2
9134600 -1.61427 -2
9134700 -1.34883 -2
9134800 -1.12486 -2
9134900 -1.38433 -2
9135000 -1.57462 -2
9135100 -1.69303 -2
9135200 -1.82798 -2
9135300 -1.7194 -2
9135400 -1.69546 -2
9135500 -1.77499 -2
9135600 -1.5342 -2
9135700 -1.33331 -2
9135800 -1.55694 -2
9135900 -1.7259 -2
9136000 -2.13051 -2
9136100 -2.25987 -2
9136200 -2.04247 -2
9136300 -2.07043 -2
9136400 -2.26511 -2
9136500 -2.26529 -2
9136600 -2.08077 -2
9136700 -2.30505 -2
9136800 -2.45476 -2
9136900 -2.38278 -2
9137000 -1.99127 -2
9137100 -2.02243 -2
9137200 -2.06123 -2
9137300 -1.94335 -2
9137400 -2.11764 -2
9137500 -2.406 -2
9137600 -2.25118 -2
9137700 -2.02052 -2
9137800 -1.91885 -2
9137900 -1.898 -2
9138000 -2.0348 -2
9138100 -2.34509 -2
9138200 -2.37624 -2
9138300 -2.4635 -2
9138400 -2.28779 -2
9138500 -2.09621 -2
9138600 -2.21801 -2
9138700 -2.28715 -2
9138800 -2.43442 -2
9138900 -2.21745 -2
9139000 -1.84981 -2
9139100 -1.63312 -2
9139200 -1.39004 -2
9139300 -1.48551 -2
9139400 -1.53644 -2
9139500 -1.28909 -2
9139600 -1.20425 -2
9139700 -1.51739 -2
9139800 -1.90734 -2
9139900 -1.7834 -2
9140000 -1.51618 -2
9140100 -1.72317 -2
9140200 -1.98691 -2
9140300 -1.93152 -2
9140400 -2.12031 -2
9140500 -2.32263 -2
9140600 -2.5249 -2
9140700 -2.31235 -2
9140800 -2.38101 -2
9140900 -2.66596 -2
9141000 -2.42539 -2
9141100 -2.13305 -2
9141200 -2.28044 -2
9141300 -2.25448 -2
9141400 -2.13784 -2
9141500 -1.90705 -2
9141600 -1.71384 -2
9141700 -2.00665 -2
9141800 -1.97755 -2
9141900 -1.93502 -2
9142000 -1.95321 -2
9142100 -1.88213 -2
9142200 -1.83915 -2
9142300 -1.98972 -2
9142400 -2.22893 -2
9142500 -2.25499 -2
9142600 -2.35713 -2
9142700 -2.09067 -2
9142800 -1.94193 -2
9142900 -1.849 -2
9143000 -1.94227 -2
9143100 -2.13296 -2
9143200 -2.38997 -2
9143300 -2.51075 -2
9143400 -2.65433 -2
9143500 -2.72543 -2
9143600 -2.8078 -2
9143700 -2.62788 -2
9143800 -2.20071 -2
9143900 -2.39603 -2
9144000 -2.74539 -2
9144100 -2.91227 -2
9144200 -3.01822 -2
9144300 -2.79442 -2
9144400 -2.49856 -2
9144500 -2.2846 -2
9144600 -2.31418 -2
9144700 -2.0766 -2
9144800 -1.82595 -2
9144900 -1.79509 -2
9145000 -1.74378 -2
9145100 -1.96429 -2
9145200 -1.88975 -2
9145300 -2.10369 -2
9145400 -1.91115 -2
9145500 -1.85473 -2
9145600 -1.9602 -2
9145700 -2.20951 -2
9145800 -2.43797 -2
9145900 -2.92245 -2
9146000 -3.21782 -2
9146100 -3.12624 -2
9146200 -2.97817 -2
9146300 -2.64508 -2
9146400 -2.35747 -2
9146500 -2.13144 -2
9146600 -2.02264 -2
9146700 -2.23091 -2
9146800 -1.88633 -2
9146900 -1.49698 -2
9147000 -1.58332 -2
9147100 -1.64628 -2
9147200 -1.96624 -2
9147300 -1.97719 -2
9147400 -1.63576 -2
9147500 -1.75827 -2
9147600 -2.0201 -2
9147700 -2.03278 -2
9147800 -2.02648 -2
9147900 -2.13721 -2
9148000 -1.8971 -2
9148100 -1.51318 -2
9148200 -1.59975 -2
9148300 -1.7263 -2
9148400 -1.85986 -2
9148500 -2.38744 -2
9148600 -2.52085 -2
9148700 -2.65322 -2
9148800 -2.91909 -2
9148900 -2.86149 -2
9149000 -2.52761 -2
9149100 -2.29006 -2
9149200 -2.33009 -2
9149300 -2.15214 -2
9149400 -2.02755 -2
9149500 -2.08777 -2
9149600 -2.0399 -2
9149700 -1.75102 -2
9149800 -1.33154 -2
9149900 -1.10095 -2
9150000 -1.21775 -2
9150100 -1.67358 -2
9150200 -1.93017 -2
9150300 -1.82007 -2
9150400 -1.93329 -2
9150500 -2.34705 -2
9150600 -2.40315 -2
9150700 -2.31415 -2
9150800 -2.2823 -2
9150900 -2.1615 -2
9151000 -2.30988 -2
9151100 -2.16405 -2
9151200 -2.09315 -2
9151300 -1.87449 -2
9151400 -2.30817 -2
9151500 -2.44916 -2
9151600 -2.06355 -2
9151700 -1.82937 -2
9151800 -1.91054 -2
9151900 -1.96998 -2
9152000 -2.15534 -2
9152100 -2.24091 -2
9152200 -2.28114 -2
9152300 -2.37808 -2
9152400 -2.49273 -2
9152500 -2.48608 -2
9152600 -2.19944 -2
9152700 -2.00231 -2
9152800 -1.90862 -2
9152900 -1.96662 -2
9153000 -1.86695 -2
9153100 -1.67791 -2
9153200 -1.9962 -2
9153300 -2.17981 -2
9153400 -2.16069 -2
9153500 -2.35953 -2
9153600 -2.26294 -2
9153700 -2.12613 -2
9153800 -1.90547 -2
9153900 -1.58733 -2
9154000 -1.251 -2
9154100 -1.09203 -2
9154200 -0.945097 -2
9154300 -1.3993 -2
9154400 -1.79107 -2
9154500 -1.91069 -2
9154600 -2.17559 -2
9154700 -2.1601 -2
9154800 -1.81799 -2
9154900 -1.54635 -2
9155000 -1.35924 -2
9155100 -1.48617 -2
9155200 -1.67892 -2
9155300 -1.75408 -2
9155400 -1.98748 -2
9155500 -2.28366 -2
9155600 -2.19609 -2
9155700 -2.27742 -2
9155800 -2.13028 -2
9155900 -1.83083 -2
9156000 -1.78196 -2
9156100 -1.91504 -2
9156200 -1.82101 -2
9156300 -1.67082 -2
9156400 -1.51384 -2
9156500 -1.70994 -2
9156600 -1.73737 -2
9156700 -1.8416 -2
9156800 -2.15293 -2
9156900 -2.24408 -2
9157000 -2.25257 -2
9157100 -2.27292 -2
9157200 -2.07072 -2
9157300 -1.93961 -2
9157400 -1.94895 -2
9157500 -2.22889 -2
9157600 -2.72187 -2
9157700 -2.90598 -2
9157800 -3.03379 -2
9157900 -2.74918 -2
9158000 -2.62045 -2
9158100 -2.67435 -2
9158200 -2.68917 -2
9158300 -2.74333 -2
9158400 -2.87849 -2
9158500 -2.86073 -2
9158600 -2.97918 -2
9158700 -3.03259 -2
9158800 -2.69632 -2
9158900 -2.39014 -2
9159000 -1.9436 -2
9159100 -1.82972 -2
9159200 -2.2087 -2
9159300 -2.30648 -2
9159400 -2.384 -2
9159500 -2.6356 -2
9159600 -2.30369 -2
9159700 -2.13775 -2
9159800 -2.21256 -2
9159900 -2.1413 -2
9160000 -2.24801 -2
9160100 -2.03557 -2
9160200 -2.13876 -2
9160300 -2.26325 -2
9160400 -2.43345 -2
9160500 -2.33395 -2
9160600 -2.34382 -2
9160700 -2.0195 -2
9160800 -1.67521 -2
9160900 -1.73575 -2
9161000 -2.18143 -2
9161100 -2.27501 -2
9161200 -2.28962 -2
9161300 -2.26213 -2
9161400 -1.74479 -2
9161500 -1.64453 -2
9161600 -2.04058 -2
9161700 -2.39289 -2
9161800 -2.35886 -2
9161900 -2.2731 -2
9162000 -2.48962 -2
9162100 -2.53243 -2
9162200 -2.52408 -2
9162300 -2.57156 -2
9162400 -2.78468 -2
9162500 -2.95306 -2
9162600 -2.72031 -2
9162700 -2.61867 -2
9162800 -2.30721 -2
9162900 -2.17948 -2
9163000 -2.19038 -2
9163100 -2.44897 -2
9163200 -2.43353 -2
9163300 -2.39777 -2
9163400 -2.18689 -2
9163500 -1.85194 -2
9163600 -1.9852 -2
9163700 -2.18261 -2
9163800 -1.89936 -2
9163900 -1.76753 -2
9164000 -1.95 -2
9164100 -1.81542 -2
9164200 -1.97719 -2
9164300 -2.01188 -2
9164400 -1.4153 -2
9164500 -1.3166 -2
9164600 -1.55946 -2
9164700 -1.60831 -2
9164800 -1.76313 -2
9164900 -1.49355 -2
9165000 -1.39244 -2
9165100 -1.55959 -2
9165200 -1.33331 -2
9165300 -1.21776 -2
9165400 -1.00007 -2
9165500 -1.17282 -2
9165600 -1.73401 -2
9165700 -1.90842 -2
9165800 -1.86229 -2
9165900 -1.63344 -2
9166000 -1.148 -2
9166100 -1.05627 -2
9166200 -1.14054 -2
9166300 -1.30964 -2
9166400 -1.51401 -2
9166500 -1.74812 -2
9166600 -1.92535 -2
9166700 -1.90489 -2
9166800 -1.74656 -2
9166900 -1.88976 -2
9167000 -1.99759 -2
9167100 -2.24267 -2
9167200 -2.31706 -2
9167300 -2.32408 -2
9167400 -2.27823 -2
9167500 -1.88844 -2
9167600 -1.7317 -2
9167700 -1.76653 -2
9167800 -1.93102 -2
9167900 -1.74444 -2
9168000 -2.12219 -2
9168100 -2.30492 -2
9168200 -2.48724 -2
9168300 -2.27079 -2
9168400 -1.88153 -2
9168500 -1.7342 -2
9168600 -1.97593 -2
9168700 -2.17733 -2
9168800 -2.27564 -2
9168900 -2.42115 -2
9169000 -2.36596 -2
9169100 -2.18411 -2
9169200 -2.01541 -2
9169300 -2.05337 -2
9169400 -1.86858 -2
9169500 -1.86894 -2
9169600 -1.6861 -2
9169700 -1.50274 -2
9169800 -1.50516 -2
9169900 -1.76299 -2
9170000 -1.83484 -2
9170100 -1.97742 -2
9170200 -1.99879 -2
9170300 -1.82677 -2
9170400 -1.8723 -2
9170500 -2.09108 -2
9170600 -2.1138 -2
9170700 -2.07094 -2
9170800 -1.90473 -2
9170900 -2.0744 -2
9171000 -2.08917 -2
9171100 -2.09855 -2
9171200 -2.44164 -2
9171300 -2.71868 -2
9171400 -2.94033 -2
9171500 -2.80996 -2
9171600 -2.33619 -2
9171700 -1.94095 -2
9171800 -1.97598 -2
9171900 -1.81622 -2
9172000 -1.61884 -2
9172100 -1.63705 -2
9172200 -1.88218 -2
9172300 -2.16913 -2
9172400 -2.56198 -2
9172500 -2.26893 -2
9172600 -2.14708 -2
9172700 -2.52572 -2
9172800 -2.298 -2
9172900 -2.14273 -2
9173000 -1.89374 -2
9173100 -2.05526 -2
9173200 -2.15276 -2
9173300 -1.89108 -2
9173400 -1.92012 -2
9173500 -2.02425 -2
9173600 -1.97686 -2
9173700 -2.01724 -2
9173800 -2.06173 -2
9173900 -2.22999 -2
9174000 -2.32307 -2
9174100 -2.12899 -2
9174200 -2.05422 -2
9174300 -2.16841 -2
9174400 -2.35693 -2
9174500 -2.41815 -2
9174600 -2.24859 -2
9174700 -2.71462 -2
9174800 -2.71481 -2
9174900 -2.57454 -2
9175000 -2.39551 -2
9175100 -2.15944 -2
9175200 -2.06443 -2
9175300 -2.099 -2
9175400 -2.06899 -2
9175500 -1.97931 -2
9175600 -2.0066 -2
9175700 -2.24908 -2
9175800 -2.44304 -2
9175900 -2.26775 -2
9176000 -1.93842 -2
9176100 -1.75728 -2
9176200 -1.78848 -2
9176300 -1.82912 -2
9176400 -1.8432 -2
9176500 -1.63885 -2
9176600 -1.58853 -2
9176700 -1.72589 -2
9176800 -1.91845 -2
9176900 -1.87589 -2
9177000 -1.95229 -2
9177100 -2.06619 -2
9177200 -2.27645 -2
9177300 -2.48199 -2
9177400 -2.35063 -2
9177500 -2.03276 -2
9177600 -1.99334 -2
9177700 -1.92024 -2
9177800 -1.87728 -2
9177900 -2.0637 -2
9178000 -2.23067 -2
9178100 -2.15036 -2
9178200 -1.78763 -2
9178300 -1.8656 -2
9178400 -2.01241 -2
9178500 -2.0527 -2
9178600 -1.70675 -2
9178700 -1.63996 -2
9178800 -1.76756 -2
9178900 -1.78229 -2
9179000 -1.66824 -2
9179100 -1.43487 -2
9179200 -1.36569 -2
9179300 -1.55464 -2
9179400 -1.88001 -2
9179500 -2.25458 -2
9179600 -2.17814 -2
9179700 -2.41384 -2
9179800 -2.3599 -2
9179900 -2.04896 -2
9180000 -1.77571 -2
9180100 -1.68766 -2
9180200 -1.89562 -2
9180300 -1.73501 -2
9180400 -1.70507 -2
9180500 -1.58818 -2
9180600 -1.62509 -2
9180700 -1.65019 -2
9180800 -1.7178 -2
9180900 -1.8112 -2
9181000 -1.84682 -2
9181100 -1.81518 -2
9181200 -1.63063 -2
9181300 -1.40388 -2
9181400 -1.38607 -2
9181500 -1.57236 -2
9181600 -1.94995 -2
9181700 -2.28369 -2
9181800 -2.50779 -2
9181900 -2.50806 -2
9182000 -2.34788 -2
9182100 -2.39503 -2
9182200 -2.68187 -2
9182300 -2.76515 -2
9182400 -2.76324 -2
9182500 -2.9651 -2
9182600 -3.36241 -2
9182700 -3.00252 -2
9182800 -2.28093 -2
9182900 -2.04786 -2
9183000 -2.07718 -2
9183100 -2.45426 -2
9183200 -2.45118 -2
9183300 -2.36136 -2
9183400 -2.06968 -2
9183500 -1.71676 -2
9183600 -1.61371 -2
9183700 -1.82433 -2
9183800 -1.99616 -2
9183900 -1.9893 -2
9184000 -1.76891 -2
9184100 -1.79779 -2
9184200 -2.09743 -2
9184300 -1.81269 -2
9184400 -1.70119 -2
9184500 -1.54691 -2
9184600 -1.42462 -2
9184700 -1.56201 -2
9184800 -1.90828 -2
9184900 -2.00777 -2
9185000 -2.10067 -2
9185100 -2.54889 -2
9185200 -2.55606 -2
9185300 -2.33767 -2
9185400 -2.10205 -2
9185500 -2.23113 -2
9185600 -2.29133 -2
9185700 -2.26598 -2
9185800 -2.19832 -2
9185900 -2.18592 -2
9186000 -1.99395 -2
9186100 -1.96279 -2
9186200 -1.88673 -2
9186300 -1.76954 -2
9186400 -1.79193 -2
9186500 -1.80994 -2
9186600 -1.59064 -2
9186700 -1.53907 -2
9186800 -1.38099 -2
9186900 -1.31161 -2
9187000 -1.30906 -2
9187100 -1.35464 -2
9187200 -1.71174 -2
9187300 -1.86606 -2
9187400 -2.44526 -2
9187500 -2.72976 -2
9187600 -2.84536 -2
9187700 -2.64778 -2
9187800 -2.40106 -2
9187900 -2.13657 -2
9188000 -1.982 -2
9188100 -1.99207 -2
9188200 -1.80411 -2
9188300 -1.81469 -2
9188400 -1.93716 -2
9188500 -1.77681 -2
9188600 -1.43071 -2
9188700 -1.39298 -2
9188800 -1.589 -2
9188900 -1.87851 -2
9189000 -2.31598 -2
9189100 -2.56416 -2
9189200 -2.24918 -2
9189300 -1.89598 -2
9189400 -1.72876 -2
9189500 -1.48369 -2
9189600 -1.5835 -2
9189700 -1.50455 -2
9189800 -1.84212 -2
9189900 -2.15726 -2
9190000 -2.57189 -2
9190100 -2.53759 -2
9190200 -2.67298 -2
9190300 -2.59186 -2
9190400 -2.22736 -2
9190500 -2.0454 -2
9190600 -2.19383 -2
9190700 -2.42855 -2
9190800 -2.45892 -2
9190900 -2.56816 -2
9191000 -2.45952 -2
9191100 -2.02236 -2
9191200 -1.84946 -2
9191300 -1.73303 -2
9191400 -1.53454 -2
9191500 -1.43327 -2
9191600 -1.39639 -2
9191700 -1.28907 -2
9191800 -1.52526 -2
9191900 -1.89263 -2
9192000 -2.11102 -2
9192100 -1.56414 -2
9192200 -1.37669 -2
9192300 -1.5938 -2
9192400 -1.41197 -2
9192500 -1.32854 -2
9192600 -1.28435 -2
9192700 -1.46608 -2
9192800 -1.57357 -2
9192900 -1.70077 -2
9193000 -1.98939 -2
9193100 -2.1029 -2
9193200 -1.99253 -2
9193300 -2.19058 -2
9193400 -2.45189 -2
9193500 -2.97143 -2
9193600 -2.90236 -2
9193700 -2.70891 -2
9193800 -2.69375 -2
9193900 -2.46455 -2
9194000 -2.22829 -2
9194100 -1.91151 -2
9194200 -1.99754 -2
9194300 -2.21764 -2
9194400 -2.37876 -2
9194500 -2.81814 -2
9194600 -2.77317 -2
9194700 -2.77513 -2
9194800 -2.60676 -2
9194900 -2.43965 -2
9195000 -2.25728 -2
9195100 -2.01584 -2
9195200 -1.75212 -2
9195300 -1.54197 -2
9195400 -1.18096 -2
9195500 -1.07708 -2
9195600 -1.29388 -2
9195700 -1.68747 -2
9195800 -1.91125 -2
9195900 -1.88501 -2
9196000 -1.7379 -2
9196100 -1.58969 -2
9196200 -1.68639 -2
9196300 -1.87652 -2
9196400 -1.67427 -2
9196500 -1.73872 -2
9196600 -2.00665 -2
9196700 -2.34364 -2
9196800 -2.48581 -2
9196900 -2.35206 -2
9197000 -2.15131 -2
9197100 -1.9516 -2
9197200 -2.06302 -2
9197300 -2.1802 -2
9197400 -1.93866 -2
9197500 -1.77867 -2
9197600 -2.14204 -2
9197700 -2.03754 -2
9197800 -1.78201 -2
9197900 -1.36296 -2
9198000 -1.48867 -2
9198100 -1.85516 -2
9198200 -1.81662 -2
9198300 -1.89288 -2
9198400 -2.03077 -2
9198500 -2.17653 -2
9198600 -2.17647 -2
9198700 -2.04455 -2
9198800 -1.9413 -2
9198900 -2.19527 -2
9199000 -2.24561 -2
9199100 -2.14642 -2
9199200 -2.43858 -2
9199300 -2.83128 -2
9199400 -2.85706 -2
9199500 -2.65505 -2
9199600 -2.64836 -2
9199700 -2.40352 -2
9199800 -2.26319 -2
9199900 -2.22593 -2
9200000 -2.01507 -2
