# Time-averaged data for fix myat1
# TimeStep v_kinetic_energy v_potential_energy
390 0.208725 -0.947088
400 1.02651 -0.908315
410 1.25976 -0.795122
420 1.36513 -0.762899
430 1.42172 -0.732686
440 1.46693 -0.704702
450 1.44526 -0.669476
460 1.49813 -0.629408
470 1.45737 -0.595928
480 1.47983 -0.57829
490 1.42776 -0.56695
500 1.45661 -0.568034
510 1.47978 -0.545715
520 1.49974 -0.530923
530 1.46907 -0.516014
540 1.51537 -0.510861
550 1.49925 -0.487901
560 1.52117 -0.481806
570 1.5194 -0.478495
580 1.55312 -0.470344
590 1.53075 -0.4583
600 1.55365 -0.442956
610 1.51811 -0.461594
620 1.51224 -0.44802
630 1.53594 -0.439976
640 1.46166 -0.431674
650 1.49035 -0.423179
660 1.45995 -0.421012
670 1.46057 -0.423393
680 1.47897 -0.414225
690 1.48426 -0.408716
700 1.51545 -0.396018
710 1.53538 -0.39804
720 1.52207 -0.391715
730 1.53511 -0.390069
740 1.53185 -0.394536
750 1.49322 -0.392524
760 1.47464 -0.389847
770 1.43328 -0.380364
780 1.4786 -0.380553
790 1.49766 -0.377504
800 1.4787 -0.378661
810 1.49192 -0.36868
820 1.53394 -0.379203
830 1.50047 -0.367318
840 1.50947 -0.363058
850 1.55687 -0.37078
860 1.47988 -0.36321
870 1.47992 -0.360397
880 1.47212 -0.355105
890 1.51708 -0.348052
900 1.51024 -0.349513
910 1.55163 -0.349309
920 1.52284 -0.341399
930 1.50576 -0.349189
940 1.44186 -0.33796
950 1.48168 -0.337929
960 1.53014 -0.327487
970 1.52394 -0.336699
980 1.47081 -0.324721
990 1.50332 -0.314101
1000 1.48111 -0.317731
1010 1.47363 -0.314372
1020 1.47719 -0.311641
1030 1.52703 -0.311895
1040 1.46583 -0.3098
1050 1.50144 -0.315494
1060 1.52028 -0.310165
1070 1.55675 -0.303585
1080 1.55337 -0.304981
1090 1.54313 -0.309884
1100 1.49766 -0.306089
1110 1.51639 -0.31269
1120 1.52248 -0.319426
1130 1.45521 -0.321668
1140 1.46598 -0.312654
1150 1.46203 -0.312183
1160 1.46862 -0.316408
1170 1.4654 -0.319833
1180 1.48267 -0.311226
1190 1.5266 -0.321827
1200 1.54361 -0.311001
1210 1.52312 -0.307484
1220 1.55019 -0.298747
1230 1.52321 -0.304399
1240 1.53356 -0.298217
1250 1.47813 -0.301999
1260 1.47054 -0.292904
1270 1.48612 -0.294724
1280 1.55019 -0.296823
1290 1.46875 -0.284881
1300 1.4873 -0.292361
1310 1.48696 -0.277536
1320 1.49972 -0.292796
1330 1.51678 -0.291974
1340 1.48038 -0.282078
1350 1.46727 -0.284493
1360 1.42119 -0.284095
1370 1.46637 -0.294078
1380 1.46211 -0.282989
1390 1.53108 -0.285941
1400 1.48595 -0.279371
1410 1.50342 -0.287659
1420 1.48948 -0.289716
1430 1.45794 -0.279834
1440 1.45831 -0.27953
1450 1.45019 -0.27976
1460 1.49803 -0.28245
1470 1.4953 -0.280792
1480 1.4923 -0.274927
1490 1.51502 -0.277035
1500 1.55229 -0.284875
1510 1.49166 -0.278951
1520 1.50212 -0.271921
1530 1.52093 -0.27643
1540 1.50341 -0.278604
1550 1.46559 -0.274602
1560 1.44283 -0.267651
1570 1.50541 -0.281155
1580 1.52531 -0.280515
1590 1.51946 -0.270011
1600 1.48387 -0.264448
1610 1.45178 -0.268099
1620 1.5308 -0.27522
1630 1.48163 -0.269833
1640 1.51301 -0.268487
1650 1.48531 -0.26394
1660 1.5075 -0.266737
1670 1.49318 -0.265114
1680 1.48881 -0.26354
1690 1.46937 -0.261995
1700 1.47601 -0.26785
1710 1.43908 -0.269038
1720 1.52493 -0.261744
1730 1.50229 -0.266868
1740 1.50182 -0.269706
1750 1.46637 -0.26838
1760 1.4714 -0.25649
1770 1.53601 -0.265299
1780 1.52947 -0.267933
1790 1.55189 -0.255226
1800 1.53579 -0.260361
1810 1.52973 -0.25939
1820 1.46854 -0.250811
1830 1.5076 -0.241004
1840 1.49191 -0.259878
1850 1.5173 -0.260127
1860 1.49787 -0.248432
1870 1.46146 -0.25848
1880 1.40245 -0.260359
1890 1.48358 -0.255358
1900 1.49315 -0.253458
1910 1.50742 -0.26077
1920 1.50733 -0.264983
1930 1.53039 -0.263922
1940 1.51485 -0.257554
1950 1.48542 -0.257698
1960 1.41491 -0.257686
1970 1.49186 -0.25821
1980 1.46249 -0.265182
1990 1.51075 -0.268719
2000 1.56418 -0.265344
2010 1.50383 -0.263372
2020 1.47439 -0.257342
2030 1.49684 -0.258442
2040 1.51991 -0.26793
2050 1.55803 -0.265744
2060 1.48371 -0.257205
2070 1.49418 -0.256203
2080 1.48492 -0.259781
2090 1.49824 -0.25303
2100 1.47191 -0.259567
2110 1.51066 -0.258822
2120 1.49373 -0.262371
2130 1.50356 -0.264651
2140 1.47365 -0.260628
2150 1.45436 -0.260779
2160 1.45453 -0.25631
2170 1.46621 -0.260695
2180 1.44766 -0.258635
2190 1.47362 -0.25811
2200 1.49049 -0.260009
2210 1.47372 -0.2552
2220 1.44297 -0.249088
2230 1.45883 -0.250821
2240 1.50663 -0.254355
2250 1.48955 -0.245175
2260 1.48617 -0.247541
2270 1.52102 -0.242649
2280 1.5068 -0.253825
2290 1.54084 -0.259125
2300 1.5399 -0.259167
2310 1.53048 -0.258865
2320 1.49642 -0.254375
2330 1.51761 -0.257001
2340 1.48176 -0.255827
2350 1.47245 -0.253017
2360 1.46425 -0.254751
2370 1.44689 -0.252154
2380 1.46048 -0.255116
2390 1.48203 -0.258218
2400 1.52161 -0.254359
2410 1.51726 -0.250501
2420 1.53138 -0.248114
2430 1.539 -0.248058
2440 1.50831 -0.245188
2450 1.51157 -0.242451
2460 1.5094 -0.236907
2470 1.47486 -0.245998
2480 1.48586 -0.244528
2490 1.49222 -0.245552
2500 1.51366 -0.240256
2510 1.48504 -0.238239
2520 1.5309 -0.237768
2530 1.47153 -0.237763
2540 1.48111 -0.230893
2550 1.52495 -0.239975
2560 1.51407 -0.240014
2570 1.52471 -0.239692
2580 1.52225 -0.246354
2590 1.48396 -0.246563
2600 1.49283 -0.247308
2610 1.48873 -0.245793
2620 1.45671 -0.249344
2630 1.4743 -0.251252
2640 1.49725 -0.245728
2650 1.50187 -0.243436
2660 1.497 -0.247167
2670 1.4716 -0.247232
2680 1.5226 -0.244363
2690 1.52697 -0.239234
2700 1.54306 -0.239289
2710 1.56634 -0.247246
2720 1.50922 -0.241819
2730 1.55671 -0.237433
2740 1.51903 -0.237783
2750 1.51368 -0.237093
2760 1.51094 -0.234907
2770 1.52148 -0.239289
2780 1.53122 -0.244651
2790 1.48415 -0.236963
2800 1.51855 -0.245221
2810 1.53311 -0.243386
2820 1.56644 -0.228484
2830 1.54427 -0.242311
2840 1.50845 -0.234451
2850 1.46967 -0.23172
2860 1.49855 -0.239641
2870 1.46981 -0.237681
2880 1.45056 -0.232004
2890 1.46161 -0.229817
2900 1.47477 -0.238434
2910 1.54864 -0.237602
2920 1.53071 -0.239737
2930 1.53122 -0.240415
2940 1.48795 -0.242983
2950 1.48485 -0.242972
2960 1.51253 -0.227366
2970 1.54722 -0.237064
2980 1.49462 -0.236903
2990 1.51149 -0.234917
3000 1.45812 -0.239464
3010 1.49479 -0.234107
3020 1.5447 -0.239123
3030 1.54458 -0.232206
3040 1.53923 -0.227308
3050 1.51612 -0.225287
3060 1.52201 -0.228523
3070 1.55067 -0.229046
3080 1.52448 -0.230925
3090 1.55867 -0.231275
3100 1.56654 -0.230063
3110 1.49167 -0.228962
3120 1.48358 -0.232023
3130 1.46918 -0.22764
3140 1.54951 -0.226723
3150 1.52465 -0.230749
3160 1.5243 -0.234185
3170 1.53276 -0.230169
3180 1.51834 -0.231834
3190 1.50165 -0.228368
3200 1.52998 -0.240092
3210 1.53142 -0.245144
3220 1.50513 -0.246423
3230 1.51501 -0.243161
3240 1.51269 -0.239736
3250 1.51198 -0.244407
3260 1.47562 -0.235052
3270 1.50219 -0.238394
3280 1.48367 -0.239476
3290 1.4706 -0.238818
3300 1.49074 -0.241208
3310 1.5262 -0.240913
3320 1.49346 -0.241384
3330 1.4447 -0.237298
3340 1.49876 -0.2405
3350 1.48286 -0.234946
3360 1.50142 -0.234317
3370 1.5061 -0.228339
3380 1.51207 -0.240354
3390 1.48234 -0.237296
3400 1.49517 -0.234367
3410 1.46976 -0.228953
3420 1.4629 -0.236892
3430 1.47618 -0.24299
3440 1.50653 -0.24322
3450 1.50248 -0.238758
3460 1.48455 -0.231423
3470 1.52443 -0.2312
3480 1.4986 -0.231756
3490 1.47805 -0.232316
3500 1.47211 -0.240949
3510 1.52804 -0.237862
3520 1.52261 -0.239901
3530 1.56533 -0.245185
3540 1.57819 -0.245209
3550 1.533 -0.234298
3560 1.51553 -0.23468
3570 1.51265 -0.240658
3580 1.45841 -0.236869
3590 1.48441 -0.237591
3600 1.53653 -0.235456
3610 1.55769 -0.240266
3620 1.52418 -0.237698
3630 1.44446 -0.235164
3640 1.56345 -0.242873
3650 1.53082 -0.239095
3660 1.46973 -0.237853
3670 1.48709 -0.243029
3680 1.4542 -0.243197
3690 1.49911 -0.244401
3700 1.49755 -0.240418
3710 1.498 -0.244418
3720 1.48287 -0.239277
3730 1.47858 -0.240825
3740 1.48984 -0.239467
3750 1.4719 -0.242725
3760 1.48661 -0.235426
3770 1.50502 -0.235515
3780 1.54963 -0.236855
3790 1.5518 -0.240995
3800 1.50929 -0.238419
3810 1.503 -0.238516
3820 1.50661 -0.231924
3830 1.50444 -0.235353
3840 1.50046 -0.230207
3850 1.48925 -0.235019
3860 1.51347 -0.232096
3870 1.56418 -0.236484
3880 1.53046 -0.238031
3890 1.49359 -0.243759
3900 1.48419 -0.238604
3910 1.45685 -0.237011
3920 1.48584 -0.240154
3930 1.48474 -0.238373
3940 1.47744 -0.239138
3950 1.47498 -0.236043
3960 1.48246 -0.23814
3970 1.45821 -0.238574
3980 1.47355 -0.23656
3990 1.4931 -0.235885
4000 1.52796 -0.231747
4010 1.57038 -0.225952
4020 1.52297 -0.238023
4030 1.51116 -0.236458
4040 1.44043 -0.236811
4050 1.53331 -0.246094
4060 1.49674 -0.247217
4070 1.53814 -0.245074
4080 1.49559 -0.243313
4090 1.50563 -0.244745
4100 1.53171 -0.243398
4110 1.52484 -0.243373
4120 1.48601 -0.246234
4130 1.5096 -0.243814
4140 1.51454 -0.244969
4150 1.49644 -0.241239
4160 1.52119 -0.24219
4170 1.52105 -0.239559
4180 1.52346 -0.243135
4190 1.51881 -0.244061
4200 1.55688 -0.238709
4210 1.48083 -0.238659
4220 1.52349 -0.246634
4230 1.5032 -0.242968
4240 1.52617 -0.244515
4250 1.51493 -0.251926
4260 1.51648 -0.247357
4270 1.50538 -0.245462
4280 1.56609 -0.246422
4290 1.53811 -0.247326
4300 1.47089 -0.239736
4310 1.44308 -0.229921
4320 1.48915 -0.233995
4330 1.4829 -0.242111
4340 1.4698 -0.243244
4350 1.50434 -0.250413
4360 1.52148 -0.252712
4370 1.54308 -0.249667
4380 1.5348 -0.251747
4390 1.51134 -0.249089
4400 1.54158 -0.249767
4410 1.50222 -0.241871
4420 1.50287 -0.242977
4430 1.53585 -0.2488
4440 1.52088 -0.249124
4450 1.50228 -0.240848
4460 1.49081 -0.244422
4470 1.49824 -0.243984
4480 1.48597 -0.240745
4490 1.44919 -0.244303
4500 1.47732 -0.249333
4510 1.48735 -0.242705
4520 1.44315 -0.232186
4530 1.43103 -0.233682
4540 1.48855 -0.236261
4550 1.54448 -0.224736
4560 1.51349 -0.225987
4570 1.53135 -0.238515
4580 1.56049 -0.239411
4590 1.5005 -0.236177
4600 1.53272 -0.232951
4610 1.52962 -0.240103
4620 1.54497 -0.233895
4630 1.54305 -0.225122
4640 1.53106 -0.22972
4650 1.50301 -0.228644
4660 1.49717 -0.231942
4670 1.50009 -0.239316
4680 1.51486 -0.237122
4690 1.48644 -0.237065
4700 1.49597 -0.228308
4710 1.53521 -0.22939
4720 1.49114 -0.239457
4730 1.46939 -0.238928
4740 1.5208 -0.235949
4750 1.50762 -0.230315
4760 1.49204 -0.237305
4770 1.50528 -0.236592
4780 1.52652 -0.235538
4790 1.54426 -0.235357
4800 1.48714 -0.233468
4810 1.49652 -0.222149
4820 1.50533 -0.218252
4830 1.49512 -0.229852
4840 1.43104 -0.233035
4850 1.4947 -0.237636
4860 1.48055 -0.235328
4870 1.49664 -0.234053
4880 1.52619 -0.237168
4890 1.51621 -0.234364
4900 1.55293 -0.235252
4910 1.51692 -0.243473
4920 1.47094 -0.231488
4930 1.47242 -0.233648
4940 1.47686 -0.237903
4950 1.44757 -0.237244
4960 1.46008 -0.233601
4970 1.46674 -0.226793
4980 1.5339 -0.23156
4990 1.53849 -0.229607
5000 1.54696 -0.232841
5010 1.57124 -0.228182
5020 1.56275 -0.223839
5030 1.54196 -0.226336
5040 1.48776 -0.231537
5050 1.48343 -0.237809
5060 1.42358 -0.224846
5070 1.47836 -0.22907
5080 1.54067 -0.225594
5090 1.49906 -0.229992
5100 1.47877 -0.235234
5110 1.49194 -0.235508
5120 1.5157 -0.23882
5130 1.45974 -0.235115
5140 1.43334 -0.233646
5150 1.52353 -0.234039
5160 1.54472 -0.223664
5170 1.51868 -0.230205
5180 1.5027 -0.234327
5190 1.53196 -0.235097
5200 1.54192 -0.225326
5210 1.52314 -0.236635
5220 1.49607 -0.219453
5230 1.48089 -0.234908
5240 1.56423 -0.23038
5250 1.52663 -0.230898
5260 1.48438 -0.231092
5270 1.52799 -0.234595
5280 1.47873 -0.237044
5290 1.45341 -0.23727
5300 1.52912 -0.239734
5310 1.48754 -0.234618
5320 1.48157 -0.231044
5330 1.54883 -0.235173
5340 1.49882 -0.235144
5350 1.50659 -0.235951
5360 1.47617 -0.240947
5370 1.54472 -0.23468
5380 1.53506 -0.234633
5390 1.50073 -0.238351
5400 1.52594 -0.232969
5410 1.4984 -0.229551
5420 1.50817 -0.234311
5430 1.47654 -0.235559
5440 1.46713 -0.233164
5450 1.45556 -0.230256
5460 1.52767 -0.234483
5470 1.46269 -0.223778
5480 1.45821 -0.227675
5490 1.52593 -0.233507
5500 1.4866 -0.230578
5510 1.49789 -0.234356
5520 1.54065 -0.237981
5530 1.50459 -0.230048
5540 1.51242 -0.235045
5550 1.50076 -0.230658
5560 1.47319 -0.227061
5570 1.52679 -0.226506
5580 1.47117 -0.221531
5590 1.50137 -0.225269
5600 1.50194 -0.227034
5610 1.47715 -0.222821
5620 1.48616 -0.226232
5630 1.49529 -0.224073
5640 1.54491 -0.223341
5650 1.43129 -0.223236
5660 1.51455 -0.226303
5670 1.50683 -0.222289
5680 1.57653 -0.225148
5690 1.51252 -0.221677
5700 1.51278 -0.227266
5710 1.50757 -0.217775
5720 1.51309 -0.213331
5730 1.51247 -0.221594
5740 1.514 -0.220323
5750 1.52197 -0.218692
5760 1.47562 -0.228361
5770 1.44303 -0.223836
5780 1.50136 -0.226283
5790 1.49909 -0.226822
5800 1.48244 -0.226693
5810 1.45524 -0.225389
5820 1.49408 -0.229843
5830 1.48282 -0.225688
5840 1.47932 -0.222927
5850 1.50485 -0.223128
5860 1.50748 -0.223773
5870 1.50428 -0.225086
5880 1.51828 -0.222834
5890 1.47612 -0.225631
5900 1.49868 -0.22035
5910 1.5021 -0.227867
5920 1.53674 -0.225133
5930 1.50132 -0.216479
5940 1.51753 -0.214649
5950 1.46337 -0.214144
5960 1.46863 -0.212401
5970 1.49004 -0.22168
5980 1.5473 -0.216243
5990 1.46893 -0.224259
6000 1.47115 -0.224773
6010 1.45484 -0.22042
6020 1.51727 -0.219935
6030 1.4827 -0.224065
6040 1.50057 -0.22594
6050 1.53452 -0.230804
6060 1.46516 -0.226501
6070 1.51567 -0.222917
6080 1.4792 -0.228565
6090 1.45686 -0.222628
6100 1.46537 -0.222923
6110 1.44593 -0.21966
6120 1.52221 -0.22658
6130 1.48598 -0.22446
6140 1.4757 -0.227586
6150 1.47464 -0.23054
6160 1.49938 -0.229544
6170 1.47006 -0.225575
6180 1.49434 -0.230878
6190 1.50354 -0.231244
6200 1.51218 -0.236278
6210 1.55632 -0.234556
6220 1.53283 -0.23575
6230 1.48918 -0.236971
6240 1.51055 -0.234056
6250 1.50975 -0.236326
6260 1.51181 -0.237025
6270 1.55921 -0.23028
6280 1.55557 -0.226438
6290 1.54109 -0.232105
6300 1.51344 -0.234926
6310 1.52787 -0.237221
6320 1.55726 -0.23071
6330 1.58357 -0.226135
6340 1.53123 -0.227044
6350 1.53203 -0.221504
6360 1.51124 -0.230543
6370 1.51962 -0.232917
6380 1.54249 -0.228531
6390 1.50897 -0.223124
6400 1.51277 -0.229381
6410 1.55954 -0.231595
6420 1.52598 -0.235469
6430 1.48713 -0.22792
6440 1.50007 -0.228665
6450 1.5219 -0.229015
6460 1.48129 -0.224695
6470 1.49777 -0.233102
6480 1.46456 -0.226818
6490 1.47892 -0.224406
6500 1.47044 -0.229453
6510 1.47954 -0.231632
6520 1.45044 -0.229266
6530 1.50122 -0.22991
6540 1.46111 -0.227625
6550 1.48849 -0.22533
6560 1.53518 -0.235966
6570 1.51614 -0.231194
6580 1.46037 -0.232935
6590 1.47881 -0.233045
6600 1.46509 -0.234673
6610 1.51105 -0.220354
6620 1.47034 -0.230516
6630 1.48537 -0.230384
6640 1.5107 -0.225543
6650 1.52788 -0.226765
6660 1.49922 -0.228759
6670 1.54195 -0.224607
6680 1.49582 -0.223611
6690 1.47467 -0.226956
6700 1.5159 -0.220825
6710 1.45227 -0.224504
6720 1.49865 -0.229544
6730 1.47662 -0.223136
6740 1.50339 -0.224022
6750 1.51618 -0.229572
6760 1.48617 -0.223752
6770 1.43198 -0.22498
6780 1.52774 -0.219428
6790 1.5401 -0.229683
6800 1.48207 -0.234144
6810 1.50096 -0.233793
6820 1.50136 -0.227657
6830 1.55117 -0.226828
6840 1.54291 -0.226514
6850 1.53106 -0.222415
6860 1.51862 -0.224973
6870 1.49603 -0.228538
6880 1.49868 -0.225721
6890 1.51909 -0.229998
6900 1.48675 -0.225957
6910 1.52253 -0.226212
6920 1.53626 -0.228773
6930 1.51579 -0.233986
6940 1.52366 -0.236361
6950 1.57269 -0.234039
6960 1.55713 -0.236246
6970 1.46663 -0.234109
6980 1.46444 -0.23457
6990 1.48546 -0.239118
7000 1.52078 -0.238038
7010 1.46068 -0.236093
7020 1.47989 -0.23967
7030 1.49583 -0.241188
7040 1.56902 -0.244076
7050 1.54675 -0.241792
7060 1.56752 -0.245878
7070 1.50812 -0.243957
7080 1.48573 -0.243046
7090 1.48964 -0.235714
7100 1.45661 -0.236353
7110 1.46677 -0.241357
7120 1.45688 -0.241417
7130 1.47093 -0.242064
7140 1.53034 -0.242371
7150 1.52707 -0.239056
7160 1.50176 -0.238239
7170 1.54728 -0.237416
7180 1.50735 -0.244929
7190 1.50036 -0.241244
7200 1.52889 -0.226907
7210 1.52538 -0.246128
7220 1.51656 -0.242503
7230 1.50898 -0.239216
7240 1.53756 -0.240562
7250 1.47563 -0.24208
7260 1.47943 -0.230913
7270 1.5214 -0.247135
7280 1.52722 -0.236876
7290 1.55157 -0.231279
7300 1.50449 -0.233803
7310 1.50852 -0.237256
7320 1.52818 -0.249308
7330 1.52735 -0.251496
7340 1.52392 -0.243707
7350 1.51959 -0.230245
7360 1.51281 -0.237266
7370 1.49709 -0.244362
7380 1.51026 -0.249291
7390 1.51263 -0.248236
7400 1.51784 -0.242642
7410 1.44066 -0.233472
7420 1.43661 -0.242598
7430 1.46074 -0.248532
7440 1.51562 -0.245876
7450 1.49815 -0.236776
7460 1.4965 -0.23877
7470 1.52801 -0.241445
7480 1.50034 -0.238065
7490 1.49795 -0.240089
7500 1.5199 -0.240675
7510 1.52787 -0.239091
7520 1.53688 -0.239321
7530 1.48228 -0.223479
7540 1.50505 -0.233384
7550 1.49873 -0.235689
7560 1.44778 -0.238641
7570 1.48927 -0.236077
7580 1.47745 -0.241484
7590 1.50943 -0.244929
7600 1.49878 -0.238816
7610 1.49973 -0.231516
7620 1.51555 -0.246888
7630 1.48878 -0.24169
7640 1.53562 -0.23796
7650 1.53729 -0.239679
7660 1.53159 -0.238262
7670 1.51753 -0.23848
7680 1.45445 -0.238112
7690 1.50201 -0.239478
7700 1.46091 -0.242584
7710 1.49238 -0.242522
7720 1.47764 -0.234112
7730 1.48035 -0.234465
7740 1.47056 -0.236025
7750 1.48678 -0.2308
7760 1.48265 -0.233437
7770 1.47665 -0.233915
7780 1.46605 -0.226199
7790 1.46438 -0.226047
7800 1.47396 -0.233942
7810 1.52566 -0.233988
7820 1.55047 -0.232753
7830 1.50455 -0.231414
7840 1.508 -0.234531
7850 1.47927 -0.23227
7860 1.50739 -0.236995
7870 1.49812 -0.241342
7880 1.49593 -0.236914
7890 1.50199 -0.232632
7900 1.53148 -0.228683
7910 1.48261 -0.233454
7920 1.50839 -0.22866
7930 1.49884 -0.222686
7940 1.50828 -0.231163
7950 1.44971 -0.234923
7960 1.48115 -0.23038
7970 1.49727 -0.228429
7980 1.49936 -0.233593
7990 1.50473 -0.231882
8000 1.51436 -0.233055
8010 1.4907 -0.230348
8020 1.49033 -0.229061
8030 1.45729 -0.232013
8040 1.49417 -0.226422
8050 1.46244 -0.223094
8060 1.52618 -0.231338
8070 1.55271 -0.231383
8080 1.49474 -0.231798
8090 1.53273 -0.2268
8100 1.47855 -0.228532
8110 1.50439 -0.229811
8120 1.51871 -0.232863
8130 1.53552 -0.23183
8140 1.56414 -0.22911
8150 1.51079 -0.233281
8160 1.50642 -0.221075
8170 1.51901 -0.229543
8180 1.52312 -0.234293
8190 1.47667 -0.238786
8200 1.52904 -0.233193
8210 1.53067 -0.233905
8220 1.53235 -0.231487
8230 1.50945 -0.226696
8240 1.49958 -0.22846
8250 1.53147 -0.229654
8260 1.52707 -0.225399
8270 1.54844 -0.229818
8280 1.47818 -0.229792
8290 1.48038 -0.228761
8300 1.51678 -0.233992
8310 1.46155 -0.237638
8320 1.44428 -0.238287
8330 1.4477 -0.232268
8340 1.49179 -0.232656
8350 1.47912 -0.234518
8360 1.50379 -0.23189
8370 1.51875 -0.233641
8380 1.50224 -0.230403
8390 1.48429 -0.225728
8400 1.49475 -0.2398
8410 1.47811 -0.242584
8420 1.52412 -0.240279
8430 1.49528 -0.241488
8440 1.52812 -0.236315
8450 1.48328 -0.237668
8460 1.51092 -0.244371
8470 1.47871 -0.239163
8480 1.51491 -0.238302
8490 1.50174 -0.239217
8500 1.52016 -0.233995
8510 1.55435 -0.231974
8520 1.50135 -0.236388
8530 1.45601 -0.23874
8540 1.45263 -0.234975
8550 1.4685 -0.23046
8560 1.47976 -0.230735
8570 1.48505 -0.229559
8580 1.47184 -0.22917
8590 1.50806 -0.228383
8600 1.46431 -0.228737
8610 1.48503 -0.230462
8620 1.53704 -0.235088
8630 1.49606 -0.227866
8640 1.5325 -0.237559
8650 1.52144 -0.233394
8660 1.50264 -0.214823
8670 1.4996 -0.226595
8680 1.47799 -0.224386
8690 1.52533 -0.224838
8700 1.50287 -0.21954
8710 1.46868 -0.217594
8720 1.52453 -0.228113
8730 1.55052 -0.226599
8740 1.51416 -0.225767
8750 1.48189 -0.224948
8760 1.46426 -0.225408
8770 1.49476 -0.229416
8780 1.49104 -0.232264
8790 1.49004 -0.224803
8800 1.55263 -0.233964
8810 1.52098 -0.22434
8820 1.48025 -0.232306
8830 1.53124 -0.237916
8840 1.49333 -0.231505
8850 1.5004 -0.224659
8860 1.4711 -0.227983
8870 1.51127 -0.2293
8880 1.48864 -0.226614
8890 1.48915 -0.232235
8900 1.47309 -0.230968
8910 1.45086 -0.236785
8920 1.5064 -0.239431
8930 1.46742 -0.240053
8940 1.49725 -0.237465
8950 1.5083 -0.229505
8960 1.52893 -0.231473
8970 1.48083 -0.239511
8980 1.53193 -0.239087
8990 1.55769 -0.234104
9000 1.53449 -0.225394
9010 1.4551 -0.229574
9020 1.53374 -0.23463
9030 1.50957 -0.235321
9040 1.51858 -0.234437
9050 1.48899 -0.239698
9060 1.51741 -0.240761
9070 1.5392 -0.237417
9080 1.48823 -0.233021
9090 1.47179 -0.230877
9100 1.4109 -0.234317
9110 1.4431 -0.241507
9120 1.46856 -0.239213
9130 1.4861 -0.236491
9140 1.5222 -0.230627
9150 1.59702 -0.230302
9160 1.518 -0.238646
9170 1.47728 -0.239904
9180 1.44784 -0.242423
9190 1.43634 -0.240958
9200 1.5352 -0.245435
9210 1.508 -0.245705
9220 1.51826 -0.24202
9230 1.5591 -0.238602
9240 1.52238 -0.243139
9250 1.46842 -0.244815
9260 1.45587 -0.235379
9270 1.45384 -0.247632
9280 1.51346 -0.248408
9290 1.49943 -0.24581
9300 1.4757 -0.245313
9310 1.5072 -0.243643
9320 1.55635 -0.239367
9330 1.53479 -0.232935
9340 1.50383 -0.231885
9350 1.52539 -0.226492
9360 1.52619 -0.23046
9370 1.50547 -0.241233
9380 1.47303 -0.235434
9390 1.537 -0.230135
9400 1.50275 -0.237469
9410 1.4921 -0.234197
9420 1.5103 -0.239226
9430 1.46584 -0.232388
9440 1.49628 -0.231824
9450 1.49493 -0.232826
9460 1.52618 -0.229697
9470 1.53191 -0.226562
9480 1.51762 -0.22567
9490 1.46954 -0.222907
9500 1.47905 -0.223371
9510 1.4923 -0.221047
9520 1.47597 -0.222442
9530 1.50761 -0.22731
9540 1.47398 -0.226174
9550 1.40389 -0.227996
9560 1.49049 -0.228201
9570 1.47483 -0.219841
9580 1.48735 -0.219633
9590 1.45409 -0.226315
9600 1.47497 -0.226422
9610 1.53876 -0.230065
9620 1.46089 -0.229564
9630 1.45959 -0.220425
9640 1.47391 -0.229433
9650 1.49753 -0.226399
9660 1.51268 -0.21944
9670 1.48464 -0.218026
9680 1.44219 -0.218067
9690 1.48443 -0.223042
9700 1.50908 -0.218501
9710 1.51567 -0.220038
9720 1.51812 -0.226968
9730 1.48116 -0.222118
9740 1.5083 -0.221636
9750 1.50006 -0.226198
9760 1.48931 -0.221736
9770 1.4505 -0.221785
9780 1.51598 -0.229282
9790 1.51393 -0.229832
9800 1.53611 -0.225294
9810 1.53693 -0.225702
9820 1.50387 -0.221637
9830 1.52723 -0.222892
9840 1.543 -0.227555
9850 1.50061 -0.222188
9860 1.48713 -0.222494
9870 1.51644 -0.226218
9880 1.53691 -0.224416
9890 1.51641 -0.215682
9900 1.51561 -0.216579
9910 1.49773 -0.221161
9920 1.52093 -0.22055
9930 1.52477 -0.221119
9940 1.50293 -0.222609
9950 1.48459 -0.225068
9960 1.46446 -0.230118
9970 1.49381 -0.226748
9980 1.49463 -0.225001
9990 1.50642 -0.219748
10000 1.48281 -0.221596
10010 1.54034 -0.229341
10020 1.50475 -0.230873
10030 1.50908 -0.226593
10040 1.51839 -0.229375
10050 1.45187 -0.22703
10060 1.51777 -0.22212
10070 1.46678 -0.223247
10080 1.56314 -0.219818
10090 1.5552 -0.222627
10100 1.49354 -0.219676
10110 1.51299 -0.221559
10120 1.5345 -0.218813
10130 1.55508 -0.218323
10140 1.5241 -0.215987
10150 1.51339 -0.217915
10160 1.51924 -0.221857
10170 1.53954 -0.214153
10180 1.49336 -0.216297
10190 1.49287 -0.224113
10200 1.46438 -0.226478
10210 1.43841 -0.225039
10220 1.46697 -0.218799
10230 1.49764 -0.217029
10240 1.5358 -0.213357
10250 1.54227 -0.210768
10260 1.5128 -0.214444
10270 1.49812 -0.219042
10280 1.4897 -0.223073
10290 1.49224 -0.222966
10300 1.45813 -0.223406
10310 1.47715 -0.215695
10320 1.47248 -0.219602
10330 1.51239 -0.225191
10340 1.49927 -0.225866
10350 1.51072 -0.220241
10360 1.54072 -0.225543
10370 1.54823 -0.225497
10380 1.51107 -0.226307
