# Time-averaged data for fix at2
# TimeStep f_mysf1[1] f_mysf2[1]
1000 0.00923169 -0.0314825
2000 -0.034737 0.0561647
3000 0.00624332 -0.0545592
4000 -0.0657768 0.0292298
5000 0.0724207 -0.0137931
6000 0.030015 0.00683504
7000 -0.0342105 0.0207419
8000 -0.00327556 -0.0156667
9000 0.0336472 0.00746749
10000 -0.014729 0.000809972
11000 -0.0671886 -0.0156793
12000 0.11172 -0.0447985
13000 0.020641 0.00927908
14000 -0.0581066 0.0397552
15000 0.0311545 0.0180936
16000 -0.0203956 -0.108645
17000 -0.00958308 0.100899
18000 -0.0571874 0.0323202
19000 0.0669037 -0.0636331
20000 -0.0229131 0.0692
21000 0.044491 -0.102108
22000 -0.0516135 0.0328791
23000 -0.0535812 -0.0048942
24000 0.0357954 0.0611859
25000 0.0102068 -0.0168903
26000 0.0259625 -0.0615629
27000 -0.00854657 0.0526434
28000 0.0234 -0.0154717
29000 -0.00182709 0.0179253
30000 -0.0391669 0.00430651
31000 0.0114894 0.003286
32000 -0.0256246 0.0384049
33000 0.0114566 -0.0684873
34000 0.0548156 -0.0428508
35000 -0.0219909 0.0150303
36000 -0.0295962 -0.00378661
37000 0.0290923 0.0699639
38000 -0.0135526 -0.00119592
39000 0.00491307 -0.0101501
40000 -0.0145524 -0.0463455
41000 0.0226787 0.00316129
42000 -0.0410308 0.0189818
43000 0.0589136 0.0738701
44000 -0.0676883 -0.0353467
45000 0.102725 -0.0536978
46000 -0.0709796 0.0442337
47000 0.0121369 0.00388768
48000 -0.0275277 0.0378194
49000 0.0520113 -0.111491
50000 -0.0518021 0.0823057
51000 0.0408079 -0.0669016
52000 0.0239763 0.0811588
53000 -0.0626226 -0.0469271
54000 0.0436815 -0.0163593
55000 -0.0326754 0.00337216
56000 -0.0112713 0.0082819
57000 0.0273097 0.0430824
58000 -0.0336227 -0.0669783
59000 -6.64476e-05 0.0398254
60000 -0.0293168 -0.0300236
61000 0.0582807 -0.00245736
62000 0.0172124 -0.0162711
63000 -0.0190332 0.0868515
64000 0.0486325 -0.0471567
65000 -0.0149287 0.031352
66000 -0.0371985 0.00796152
67000 0.0375189 -0.013312
68000 -0.0146591 0.00580218
69000 -0.041689 -0.00740944
70000 -0.00787357 -0.0132924
71000 -0.0201975 -0.00565044
72000 0.0401799 -0.0437715
73000 -0.0202755 -0.0117539
74000 -0.0287736 0.061722
75000 0.0495253 -0.0357692
76000 -0.0472031 -0.0213598
77000 0.022186 0.0684669
78000 0.00455017 -0.00444403
79000 0.00107442 0.0589984
80000 -0.00096292 0.00732806
81000 0.0113712 -0.0772361
82000 -0.00597916 0.0125359
83000 0.00971775 0.0509821
84000 0.00293839 0.000230834
85000 -0.0317917 -0.0468041
86000 0.151383 -0.0489934
87000 -0.0874709 0.0336989
88000 0.00457834 -0.0437448
89000 -0.0497213 0.100616
90000 0.0748566 -0.0252993
91000 -0.0466275 -0.0885388
92000 -0.0155461 0.0160815
93000 0.0419833 -0.0147296
94000 -0.0363347 0.109842
95000 -0.0661046 -0.0376496
96000 0.075795 0.0476163
97000 -0.0188671 -0.0425878
98000 0.0171227 0.00338406
99000 -0.0708774 0.0196897
100000 0.0865453 -0.0776406
101000 -0.0515059 0.0841538
102000 0.071179 -0.0505586
103000 -0.0432282 -0.0268549
104000 -0.0168944 0.0793572
105000 0.00780489 -0.0714875
106000 -0.0896492 0.0265692
107000 0.118196 -0.0111941
108000 -0.115436 0.0547777
109000 0.0334627 -0.104778
110000 -0.0597512 0.0286288
111000 0.138362 -0.105587
112000 -0.0817217 0.102117
113000 0.0183332 0.0151179
114000 -0.0423036 -0.0121403
115000 0.0496526 0.0474798
116000 -0.00751831 -0.093533
117000 -0.0166377 -0.00146635
118000 0.0222032 -0.0378057
119000 -0.00643847 -0.0125667
120000 -0.0595351 0.0210576
121000 0.0990004 0.0940293
122000 -0.0465072 -0.090098
123000 0.00894024 0.0213799
124000 0.0165609 -0.0405241
125000 -0.0166529 0.0444226
126000 -0.0222621 -0.0169867
127000 -0.0289678 -0.073206
128000 -0.032962 0.106106
129000 0.030114 -0.0183189
130000 -0.0735236 -0.0407263
131000 0.035594 0.0154325
132000 0.0175349 0.0125687
133000 -0.0263228 0.0410401
134000 0.0461936 -0.0379816
135000 -0.0246541 0.0578672
136000 -0.0255769 0.0478678
137000 0.0567094 -0.0608954
138000 -0.0176596 0.0208295
139000 -0.041828 -0.0518584
140000 0.03684 0.0301286
141000 0.0100223 -0.0454147
142000 -0.0327759 0.0759474
143000 0.00128306 -0.0112369
144000 -0.00445283 -0.0531494
145000 -0.0100985 0.0902988
146000 0.0449888 -0.0349629
147000 -0.0664899 0.00520493
148000 -0.0149337 0.057461
149000 -0.0267183 -0.00990315
150000 0.0426229 -0.0785839
151000 0.0892631 0.069629
152000 -0.0581322 -0.0455902
153000 -0.0307358 0.0472132
154000 0.0366688 -0.049178
155000 -0.0245417 0.00194078
156000 0.0475259 -0.0174444
157000 -0.0369121 0.0237946
158000 0.0148058 0.0821673
159000 -0.0199842 -0.00204873
160000 -0.0752978 -0.112602
161000 0.0698942 0.0606697
162000 0.00150347 0.0112111
163000 0.0446861 -0.00867647
164000 0.00195883 -0.0311665
165000 0.0320531 -0.0721046
166000 -0.048107 0.0561893
167000 0.0369817 -0.059109
168000 -0.0168753 0.0721357
169000 -0.0588244 -0.041433
170000 0.0818995 -0.00451129
171000 -0.0402331 -0.0648569
172000 0.0972238 0.0343106
173000 -0.0631122 0.0545086
174000 -0.0031345 -0.0335824
175000 0.00884241 -0.0663474
176000 0.00666779 0.0481109
177000 0.0157492 0.00112153
178000 -0.0783279 0.0322658
179000 0.0257479 -0.0240576
180000 0.0366515 0.0337311
181000 0.0600478 -0.0073929
182000 -0.0952753 -0.0147626
183000 0.0308914 -0.0151765
184000 -0.0346957 0.0703535
185000 0.0479568 -0.0222267
186000 -0.0288957 -0.04196
187000 0.062601 -0.00525853
188000 0.0449959 0.0200718
189000 0.0148181 0.0162688
190000 -0.0111504 -0.022912
191000 -0.0524857 -0.0645076
192000 0.0417912 0.053536
193000 0.0203148 -0.0100798
194000 -0.0131991 0.0710191
195000 -0.0271907 -0.0410248
196000 0.0287706 0.0295917
197000 0.00942125 -0.0649017
198000 -0.0179151 0.0921349
199000 -0.0509515 -0.0447612
200000 -0.0245172 0.0259097
201000 0.0710269 -0.0593088
202000 -0.016073 0.00555979
203000 -0.0387937 0.0328698
204000 0.0168148 -0.0321903
205000 -0.0021014 0.0282987
206000 0.018002 0.00715672
207000 0.0147427 -0.0251857
208000 -0.0236038 -0.0210567
209000 0.0495036 -0.00686327
210000 -0.0337675 -0.00688907
211000 0.0312533 0.0694388
212000 0.0225517 0.0267303
213000 -0.0448198 -0.112545
214000 0.034192 0.0695045
215000 -0.0247528 -0.023077
216000 -0.00189213 0.00288267
217000 0.0195916 -0.00675137
218000 -0.0241757 0.0110252
219000 -0.02004 -0.0244063
220000 -0.0605487 0.0139512
221000 0.0546529 -0.0458214
222000 0.0029647 0.0700944
223000 0.00804742 -0.0584687
224000 0.0903633 0.035052
225000 -0.0363081 0.0126541
226000 -0.0378631 -0.00576927
227000 0.038424 -0.0327386
228000 0.00439577 -0.0872581
229000 -0.0497248 0.0140786
230000 0.0544935 0.0593885
231000 -0.0894077 -0.00637676
232000 0.0121513 -0.0296984
233000 0.111753 0.0475248
234000 -0.0602214 -0.0133868
235000 0.0112905 -0.00881855
236000 0.0187084 0.0643585
237000 0.0156318 -0.102775
238000 -0.0710264 0.108464
239000 0.0610866 -0.0382639
240000 0.060637 -0.0368228
241000 -0.0949439 0.0244513
242000 0.0486892 -0.040999
243000 -0.135921 0.186202
244000 0.0822045 0.0362056
245000 0.0473778 -0.0873406
246000 -0.0388483 -0.0010713
247000 -0.00618266 0.0332002
248000 0.0152498 -0.0230973
249000 -0.0615586 -0.0436544
250000 0.017033 -0.00647983
251000 0.0164713 0.0131101
252000 0.0751078 -0.0270081
253000 -0.0486804 -0.00108037
254000 -0.0211195 0.04113
255000 0.0523872 0.0162655
256000 -0.0273209 -0.0299032
257000 -0.0451745 0.015478
258000 0.00530012 -0.0179316
259000 -0.00373458 -0.00225072
260000 0.101571 0.27602
261000 -0.0844019 -0.0142177
262000 0.054561 -0.157249
263000 -0.0195576 0.0630702
264000 -0.00195856 -0.0894783
265000 -0.042902 -0.365363
266000 0.0123975 0.0929255
267000 -0.0212171 -0.0216909
268000 0.00547681 0.00459741
269000 0.00530489 -0.0588856
270000 -0.00100785 0.0503675
271000 0.0481362 -0.0605061
272000 0.0303315 -0.10134
273000 0.00991821 -0.0136486
274000 -0.0928467 0.0181296
275000 0.0366658 0.10285
276000 0.0293238 0.014314
277000 0.000275031 -0.0131092
278000 -0.0666408 0.00392153
279000 0.0738868 -0.0762816
280000 -0.0493445 -0.0829079
281000 -0.00217526 -0.0632622
282000 0.033807 -0.085253
283000 0.0539367 0.0622454
284000 -0.0911481 -0.168103
285000 -0.00143483 -0.0384889
