# Time-averaged data for fix myat2
# TimeStep v_delta_x
100 12.0996
200 11.5333
300 11.7376
400 11.9772
500 11.4971
600 11.7365
700 11.9098
800 12.1007
900 11.9602
1000 11.5881
1100 11.4022
1200 11.8048
1300 12.4017
1400 12.7459
1500 12.6179
1600 12.4312
1700 12.486
1800 12.5816
1900 12.2419
2000 12.4152
2100 12.4465
2200 12.7323
2300 12.9116
2400 12.386
2500 12.398
2600 12.891
2700 12.5173
2800 12.0576
2900 12.0272
3000 12.1778
3100 12.3727
3200 12.0247
3300 12.2579
3400 12.4116
3500 12.4251
3600 12.5906
3700 13.1678
3800 13.2933
3900 13.3123
4000 13.7003
4100 14.1111
4200 14.1834
4300 14.3157
4400 14.0526
4500 13.1273
4600 12.6703
4700 12.6974
4800 12.5194
4900 12.6238
5000 12.7301
5100 12.9758
5200 13.4363
5300 13.6086
5400 13.6776
5500 14.0914
5600 14.3922
5700 13.9596
5800 13.8449
5900 13.7973
6000 13.7805
6100 13.8033
6200 13.694
6300 13.8632
6400 14.3235
6500 14.6881
6600 14.8278
6700 15.0773
6800 15.1528
6900 15.2452
7000 15.1693
7100 15.6873
7200 15.9034
7300 15.5183
7400 14.9842
7500 14.4529
7600 14.6915
7700 14.6692
7800 14.4269
7900 14.3455
8000 14.4837
8100 14.4557
8200 14.0299
8300 13.4621
8400 13.1314
8500 13.1096
8600 13.1731
8700 13.1059
8800 13.0419
8900 13.062
9000 13.2796
9100 13.5814
9200 13.5519
9300 13.7451
9400 13.9628
9500 14.1458
9600 14.1106
9700 14.1093
9800 13.9187
9900 13.6439
10000 13.8516
10100 14.2834
10200 14.77
10300 15.3018
10400 16.2631
10500 17.6192
10600 19.1441
10700 20.123
10800 20.3672
10900 20.9236
11000 21.3455
11100 21.4754
11200 21.6543
11300 21.995
11400 21.9661
11500 22.0772
11600 22.0959
11700 22.2219
11800 22.4289
11900 22.4637
12000 22.4638
12100 22.3624
12200 22.5608
12300 22.8151
12400 23.1883
12500 23.4476
12600 23.2615
12700 22.6427
12800 22.5157
12900 22.4059
13000 22.5211
13100 22.5405
13200 22.6901
13300 22.7487
13400 22.6442
13500 22.73
13600 22.8628
13700 22.741
13800 22.7243
13900 22.7752
14000 22.6895
14100 22.7611
14200 22.747
14300 22.9393
14400 22.8978
14500 22.8033
14600 22.8817
14700 23.161
14800 23.3518
14900 23.4486
15000 23.4576
15100 23.2406
15200 23.4057
15300 23.4967
15400 22.9962
15500 23.1911
15600 23.0115
15700 23.0936
15800 23.0724
15900 22.9149
16000 23.2852
16100 23.1636
16200 23.4635
16300 23.9265
16400 24.1498
16500 23.9466
16600 23.6959
16700 23.455
16800 23.452
16900 23.2851
17000 23.7013
17100 23.8385
17200 23.6136
17300 23.7325
17400 23.9197
17500 23.9072
17600 24.184
17700 23.8361
17800 23.621
17900 23.5248
18000 23.3297
18100 23.5122
18200 23.5976
18300 23.4665
18400 23.8762
18500 23.9872
18600 23.9138
18700 23.7561
18800 23.8072
18900 23.909
19000 24.4238
19100 24.5278
19200 24.5634
19300 24.3974
19400 24.2563
19500 24.3729
19600 24.4151
19700 24.5584
19800 24.5064
19900 24.6684
20000 24.7265
20100 24.6442
20200 24.4695
20300 24.3201
20400 24.2515
20500 24.1936
20600 24.2064
20700 24.3247
20800 24.5486
20900 24.5282
21000 24.7629
21100 25.1171
21200 24.9725
21300 25.1816
21400 25.2622
21500 24.899
21600 25.2009
21700 25.3121
21800 25.4848
21900 25.6224
22000 25.4567
22100 25.1753
22200 25.013
22300 25.0986
22400 25.2162
22500 25.0228
22600 24.4706
22700 24.0503
22800 23.771
22900 23.9364
23000 24.4736
23100 24.869
23200 25.1777
23300 25.0674
23400 24.8311
23500 24.7851
23600 24.8833
23700 24.9132
23800 24.763
23900 24.6247
24000 24.557
24100 24.7072
24200 24.9459
24300 25.0096
24400 24.7639
24500 24.9005
24600 25.2177
24700 25.1309
24800 25.0963
24900 25.1995
25000 25.2682
25100 25.3798
25200 25.1479
25300 24.9213
25400 24.9593
25500 24.9501
25600 24.9293
25700 24.9345
25800 24.8609
25900 24.6866
26000 24.9176
26100 24.8126
26200 24.7728
26300 25.0347
26400 24.8723
26500 24.883
26600 24.8419
26700 24.8174
26800 24.7272
26900 24.5198
27000 24.6515
27100 24.7505
27200 24.8278
27300 24.8582
27400 24.5913
27500 24.2802
27600 24.3599
27700 24.414
27800 24.6614
27900 24.7769
28000 24.8356
28100 24.8819
28200 24.8274
28300 24.7201
28400 24.5491
28500 24.4587
28600 24.5119
28700 24.6416
28800 24.8674
28900 25.1087
29000 25.2644
29100 24.8089
29200 24.7394
29300 24.7393
29400 24.5301
29500 24.6534
29600 24.5919
29700 24.5093
29800 24.6719
29900 24.8765
30000 25.024
30100 25.5797
30200 25.8733
30300 26.0487
30400 25.9534
30500 26.254
30600 26.3756
30700 26.4163
30800 26.1266
30900 25.8981
31000 25.7297
31100 25.7273
31200 25.5396
31300 25.4795
31400 25.2907
31500 25.071
31600 25.1907
31700 25.407
31800 25.7365
31900 26.0123
32000 25.6055
32100 25.4427
32200 25.3305
32300 25.0771
32400 24.9477
32500 24.9813
32600 24.5634
32700 24.4254
32800 24.7113
32900 24.8477
33000 25.1928
33100 25.5208
33200 25.6244
33300 25.7509
33400 25.7428
33500 25.3201
33600 25.3031
33700 25.1962
33800 25.0041
33900 25.2332
34000 25.2859
34100 25.1635
34200 25.1665
34300 25.2217
34400 25.2358
34500 24.9177
34600 24.9721
34700 24.7169
34800 24.646
34900 24.785
35000 24.924
35100 25.1554
35200 25.1943
35300 25.4671
35400 25.6457
35500 25.509
35600 25.3241
35700 25.315
35800 25.2974
35900 25.6242
36000 25.684
36100 25.8609
36200 25.8761
36300 25.2344
36400 25.1272
36500 25.0956
36600 25.0576
36700 25.1426
36800 25.3538
36900 25.0609
37000 25.2227
37100 25.3339
37200 25.7946
37300 25.6794
37400 25.4871
37500 25.1468
37600 24.4906
37700 24.0298
37800 24.1385
37900 25.0853
38000 25.5288
38100 25.764
38200 25.8334
38300 25.6198
38400 25.4958
38500 25.7165
38600 25.9656
38700 26.1141
38800 25.6906
38900 25.3628
39000 24.9749
39100 24.8616
39200 25.013
39300 24.7866
39400 25.2528
39500 25.4931
39600 25.4628
39700 25.2706
39800 25.0198
39900 24.8723
40000 25.1013
40100 25.5273
40200 25.8753
40300 25.8405
40400 25.7588
40500 25.578
40600 25.5728
40700 25.5475
40800 25.2786
40900 25.1882
41000 25.2199
41100 25.1607
41200 24.9285
41300 25.1338
41400 25.4785
41500 25.5194
41600 25.3506
41700 25.0235
41800 25.2759
41900 25.5138
42000 25.7861
42100 25.5816
42200 24.9752
42300 25.1218
42400 25.357
42500 25.3881
42600 25.3341
42700 25.5012
42800 25.5984
42900 25.4123
43000 25.4386
43100 25.63
43200 25.6832
43300 25.3598
43400 25.0305
43500 25.1657
43600 25.1113
43700 25.1631
43800 25.5626
43900 25.6879
44000 25.8923
44100 25.4812
44200 25.4062
44300 25.2922
44400 25.1702
44500 25.4862
44600 25.202
44700 25.2155
44800 25.3721
44900 25.0708
45000 25.1234
45100 25.5968
45200 25.4746
45300 25.8304
45400 25.5554
45500 25.3294
45600 25.0103
45700 25.2023
45800 25.4234
45900 25.1451
46000 24.8654
46100 24.5921
46200 24.7111
46300 24.9635
46400 24.9736
46500 25.4121
46600 25.7525
46700 25.9735
46800 25.7674
46900 25.6701
47000 25.056
47100 25.0827
47200 25.2387
47300 25.1495
47400 25.3362
47500 24.8616
47600 24.8157
47700 24.7053
47800 24.8242
47900 24.8903
48000 24.9941
48100 24.8456
48200 25.0774
48300 25.3179
48400 25.3544
48500 24.9992
48600 25.2221
48700 25.1002
48800 24.4999
48900 24.4962
49000 24.6598
49100 24.263
49200 24.3674
49300 24.8473
49400 25.1859
49500 25.2537
49600 25.2937
49700 25.3602
49800 25.2512
49900 24.8252
50000 24.6503
50100 25.0144
50200 24.9831
50300 25.5357
50400 25.6499
50500 25.5111
50600 24.8377
50700 24.7807
50800 24.9383
50900 25.203
51000 25.2621
51100 25.2856
51200 25.4146
51300 25.3348
51400 25.1517
51500 25.0335
51600 25.635
51700 25.6015
51800 25.252
51900 24.9815
52000 25.0822
52100 24.8522
52200 24.7056
52300 24.6914
52400 24.3528
52500 24.3851
52600 24.147
52700 24.1908
52800 24.0257
52900 24.3049
53000 24.4125
53100 24.2545
53200 24.4928
53300 24.8783
53400 25.2063
53500 25.319
53600 25.2492
53700 25.2631
53800 25.1649
53900 25.075
54000 24.6681
54100 24.8164
54200 24.9211
54300 25.3002
54400 25.1666
54500 25.0578
54600 25.0792
54700 25.2256
54800 25.3638
54900 24.9643
55000 24.9688
55100 25.0669
55200 24.8799
55300 24.8143
55400 24.953
55500 25.1929
55600 25.3934
55700 25.1261
55800 25.2072
55900 25.2377
56000 25.275
56100 25.7315
56200 25.7303
56300 25.6878
56400 25.4538
56500 25.1734
56600 25.2374
56700 25.2325
56800 25.6399
56900 25.7636
57000 25.8069
57100 25.752
57200 25.6099
57300 25.7294
57400 25.6183
57500 25.2038
57600 24.8719
57700 24.8959
57800 24.769
57900 25.4412
58000 25.8806
58100 25.9214
58200 25.5094
58300 25.3273
58400 25.8627
58500 25.8082
58600 25.9255
58700 25.6721
58800 25.4195
58900 25.6076
59000 25.9016
59100 25.9507
59200 25.9175
59300 25.8272
59400 26.092
59500 25.864
59600 25.9186
59700 25.5782
59800 25.6936
59900 26.0095
60000 26.0475
