# Time-averaged data for fix myat1
# TimeStep v_mytemp
100 312.179
200 295.064
300 294.721
400 303.823
500 301.115
600 303.339
700 289.405
800 292.003
900 299.177
1000 299.634
1100 307.011
1200 296.017
1300 295.006
1400 293.464
1500 284.306
1600 289.642
1700 300.839
1800 295.876
1900 297.403
2000 305.609
2100 301.352
2200 302.99
2300 297.457
2400 291.704
2500 290.022
2600 295.112
2700 304.7
2800 302.903
2900 304.921
3000 290.909
3100 295.618
3200 303.768
3300 297.25
3400 306.564
3500 308.374
3600 302.454
3700 298.84
3800 298.153
3900 299.909
4000 297.449
4100 310.976
4200 302.146
4300 298.122
4400 297.635
4500 287.572
4600 294.616
4700 308.152
4800 295.799
4900 299.374
5000 309.635
5100 298.082
5200 291.444
5300 295.197
5400 298.214
5500 301.162
5600 302.982
5700 298.138
5800 285.357
5900 292.292
6000 295.87
6100 295.049
6200 296.498
6300 305.608
6400 299.279
6500 305.063
6600 289.455
6700 293.44
6800 297.286
6900 299.854
7000 296.308
7100 299.351
7200 296.508
7300 302.823
7400 305.039
7500 302.128
7600 297.325
7700 299.047
7800 292.56
7900 301.455
8000 309.548
8100 305.294
8200 294.94
8300 289.157
8400 303.733
8500 309.44
8600 318.073
8700 304.955
8800 300.077
8900 291.03
9000 303.161
9100 305.931
9200 308.064
9300 307.684
9400 297.775
9500 294.628
9600 296.084
9700 302.481
9800 299.946
9900 301.561
10000 305.121
10100 303.168
10200 295.669
10300 298.454
10400 301.404
10500 299.61
10600 290.997
10700 297.543
10800 301.765
10900 304.575
11000 310.024
11100 308.741
11200 306.263
11300 306.88
11400 302.602
11500 293.566
11600 302.952
11700 302.041
11800 310.148
11900 301.48
12000 296.026
12100 290.794
12200 293.314
12300 302.391
12400 299.51
12500 302.904
12600 299.398
12700 289.978
12800 296.544
12900 297.831
13000 298.981
13100 301.994
13200 301.347
13300 301.944
13400 310.686
13500 300.682
13600 295.338
13700 298.634
13800 303.717
13900 312.169
14000 308.063
14100 304.467
14200 289.721
14300 303.325
14400 301.273
14500 304.136
14600 306.939
14700 308.38
14800 302.615
14900 299.773
15000 297.399
15100 307.612
15200 291.714
15300 293.864
15400 297.489
15500 298.754
15600 296.292
15700 306.784
15800 305.474
15900 293.896
16000 290.954
16100 303.353
16200 297.488
16300 300.696
16400 303.412
16500 290.165
16600 293.472
16700 294.273
16800 306.554
16900 300.43
17000 304.689
17100 294.445
17200 298.399
17300 300.194
17400 306.525
17500 303.631
17600 303.353
17700 297.882
17800 296.45
17900 302.236
18000 296.785
18100 299.092
18200 306.365
18300 298.454
18400 305.055
18500 308.638
18600 305.659
18700 305.037
18800 296.939
18900 291.666
19000 304.553
19100 304.262
19200 309.621
19300 302.359
19400 302.152
19500 299.482
19600 296.506
19700 292.242
19800 302.699
19900 302.665
20000 305.428
20100 297.648
20200 296.046
20300 292.128
20400 291.272
20500 303.424
20600 303.033
20700 300.206
20800 298.238
20900 294.349
21000 285.635
21100 290.784
21200 294.456
21300 302.438
21400 301.879
21500 298.493
21600 306.63
21700 312.477
21800 296.519
21900 293.854
22000 301.094
22100 303.67
22200 302.389
22300 299.158
22400 290.916
22500 297.091
22600 305.706
22700 300.405
22800 302.154
22900 288.527
23000 290.99
23100 296.185
23200 300.807
23300 305.723
23400 298.684
23500 291.5
23600 295.474
23700 295.861
23800 295.383
23900 296.937
24000 305.071
24100 303.761
24200 300.784
24300 294.934
24400 293.88
24500 285.807
24600 290.68
24700 294.155
24800 303.979
24900 298.555
25000 307.974
25100 306.387
25200 294.771
25300 297.684
25400 298.437
25500 306.797
25600 308.47
25700 300.444
25800 294.678
25900 299.214
26000 297.063
26100 303.901
26200 310.357
26300 304.278
26400 295.411
26500 300.071
26600 302.199
26700 307.878
26800 297.481
26900 293.606
27000 299.204
27100 303.283
27200 310.865
27300 308.086
27400 305.742
27500 298.821
27600 303.301
27700 298.488
27800 290.17
27900 294.832
28000 305.791
28100 303.198
28200 300.442
28300 293.473
28400 291.934
28500 305.435
28600 303.429
28700 301.025
28800 297.278
28900 297.948
29000 292.257
29100 295.32
29200 297.928
29300 304.658
29400 297.293
29500 311.637
29600 297.456
29700 291.972
29800 296.023
29900 305.761
30000 301.53
30100 299.99
30200 296.802
30300 304.053
30400 293.728
30500 296.976
30600 302.293
30700 306.206
30800 301.005
30900 289.534
31000 296.415
31100 305.966
31200 298.827
31300 304.219
31400 295.465
31500 295.1
31600 289.819
31700 301.548
31800 302.534
31900 295.375
32000 303.46
32100 309.477
32200 297.188
32300 291.744
32400 298.075
32500 309.482
32600 295.959
32700 291.003
32800 301.909
32900 304.068
33000 293.395
33100 296.494
33200 297.042
33300 300.991
33400 293.715
33500 292.737
33600 303.41
33700 302.513
33800 297.343
33900 303.401
34000 309.793
34100 295.059
34200 293.711
34300 304.024
34400 305.593
34500 292.525
34600 290.807
34700 303.383
34800 299.002
34900 305.467
35000 306.288
35100 304.033
35200 304.42
35300 301.89
35400 299.615
35500 297.071
35600 299.179
35700 304.375
35800 307.883
35900 299.769
36000 296.321
36100 300.226
36200 290.283
36300 292.066
36400 294.088
36500 300.004
36600 302.014
36700 304.37
36800 292.479
36900 295.742
37000 291.132
37100 307.928
37200 305.452
37300 302.546
37400 296.821
37500 294.993
37600 297.68
37700 298.388
37800 299.354
37900 303.593
38000 309.923
38100 313.708
38200 305.061
38300 299.132
38400 301.217
38500 298.479
38600 289.521
38700 298.972
38800 305.39
38900 299.946
39000 304.566
39100 297.189
39200 295.2
39300 297.707
39400 300.749
39500 299.141
39600 295.776
39700 298.833
39800 301.555
39900 313.027
40000 302.789
40100 293.222
40200 294.617
40300 307.611
40400 303.54
40500 295.778
40600 291.811
40700 286.811
40800 289.948
40900 295.888
41000 299.049
41100 302.08
41200 307.052
41300 296.925
41400 292.989
41500 299.124
41600 305.394
41700 294.328
41800 299.733
41900 309.004
42000 304.718
42100 286.81
42200 300.248
42300 300.319
42400 297.344
42500 298.9
42600 305.72
42700 300.43
42800 293.007
42900 292.084
43000 299.752
43100 300.443
43200 308.311
43300 302.864
43400 303.535
43500 301.299
43600 294.582
43700 304.329
43800 308.844
43900 308.409
44000 295.182
44100 288.471
44200 299.143
44300 305.359
44400 295.506
44500 299.643
44600 303.878
44700 309.501
44800 298
44900 301.766
45000 286.844
45100 291.033
45200 299.002
45300 300.509
45400 299.182
45500 306.158
45600 314.063
45700 296.961
45800 293.068
45900 295.064
46000 307.395
46100 304.046
46200 299.873
46300 296.662
46400 300.586
46500 302.205
46600 298.003
46700 298.539
46800 304.942
46900 314.903
47000 301.209
47100 298.488
47200 294.983
47300 300.381
47400 311.613
47500 304.335
47600 295.297
47700 301.191
47800 302.558
47900 294.4
48000 294.011
48100 302.906
48200 306.289
48300 303.918
48400 297.589
48500 307.072
48600 295.721
48700 294.807
48800 305.76
48900 306.786
49000 297.835
49100 289.864
49200 295.122
49300 303.142
49400 305.486
49500 303.388
49600 291.414
49700 290.507
49800 296.201
49900 302.746
50000 305.478
50100 294.464
50200 290.243
50300 288.483
50400 285.815
50500 295.951
50600 306.716
50700 301.292
50800 292.244
50900 291.339
51000 304.205
51100 299.988
51200 307.194
51300 304.908
51400 292.716
51500 295.135
51600 300.205
51700 303.586
51800 300.376
51900 294.5
52000 308.076
52100 305.14
52200 302.476
52300 297.779
52400 297.223
52500 296.722
52600 303.405
52700 307.096
52800 303.592
52900 301.663
53000 289.938
53100 294.518
53200 300.811
53300 303.494
53400 299.684
53500 290.272
53600 291.652
53700 303.874
53800 299.054
53900 299.935
54000 296.301
54100 301.924
54200 307.55
54300 308.733
54400 304.014
54500 308.602
54600 307.22
54700 299.042
54800 292.156
54900 300.996
55000 308.148
55100 300.968
55200 301.479
55300 302.756
55400 292.766
55500 288.971
55600 286.803
55700 294.634
55800 303.579
55900 298.368
56000 297.211
56100 303.038
56200 303.226
56300 302.735
56400 303.883
56500 315.056
56600 312.449
56700 302.958
56800 302.866
56900 294.588
57000 300.18
57100 298.689
57200 298.949
57300 307.537
57400 303.759
57500 299.767
57600 293.591
57700 302.421
57800 295.337
57900 294.77
58000 306.344
58100 302.251
58200 301.038
58300 298.151
58400 288.794
58500 303.487
58600 306.726
58700 303.809
58800 299.047
58900 294.743
59000 296.422
59100 297.684
59200 303.98
59300 305.17
59400 299.15
59500 292.328
59600 295.068
59700 289.358
59800 284.138
59900 296.276
60000 296.222
